104.000000	28.475598	30.958892	19.668134	-17.454113	0.000000	0.000000	0.000000	0.000000	0.000000	0.000000	0.000000	0.000000	1660178547.367171	0.000000
104.000000	-12.891435	-11.384255	-12.756799	-14.394875	0.000000	0.000000	0.000000	0.000000	0.000000	0.000000	0.000000	0.000000	1660178547.367171	0.000000
105.000000	45.125633	45.492143	28.464379	6.017499	0.000000	0.000000	0.000000	0.000000	0.000000	0.000000	0.000000	0.000000	1660178547.371756	0.000000
105.000000	54.146272	54.359446	31.856468	-6.743040	0.000000	0.000000	0.000000	0.000000	0.000000	0.000000	0.000000	0.000000	1660178547.371756	0.000000
106.000000	-4.446741	-1.694175	-5.190981	-19.978546	0.000000	0.000000	0.000000	0.000000	0.000000	0.000000	0.000000	0.000000	1660178547.375475	0.000000
106.000000	17.203540	15.187734	9.252512	-6.511166	0.000000	0.000000	0.000000	0.000000	0.000000	0.000000	0.000000	0.000000	1660178547.375475	0.000000
107.000000	64.146764	65.545487	41.602647	-7.872489	0.000000	0.000000	0.000000	0.000000	0.000000	0.000000	0.000000	0.000000	1660178547.380007	0.000000
107.000000	2.625410	10.019192	4.035352	-33.722678	0.000000	0.000000	0.000000	0.000000	0.000000	0.000000	0.000000	0.000000	1660178547.380007	0.000000
108.000000	-9.738699	-7.494760	-13.515998	-27.248911	0.000000	0.000000	0.000000	0.000000	0.000000	0.000000	0.000000	0.000000	1660178547.421247	0.000000
108.000000	59.580346	58.521955	38.386333	-7.251666	0.000000	0.000000	0.000000	0.000000	0.000000	0.000000	0.000000	0.000000	1660178547.421247	0.000000
109.000000	29.735945	31.961185	17.278338	-32.656806	0.000000	0.000000	0.000000	0.000000	0.000000	0.000000	0.000000	0.000000	1660178547.428157	0.000000
109.000000	-18.852836	-17.098823	-14.982039	-35.529050	0.000000	0.000000	0.000000	0.000000	0.000000	0.000000	0.000000	0.000000	1660178547.428157	0.000000
110.000000	36.314429	37.193305	15.356029	-23.935360	0.000000	0.000000	0.000000	0.000000	0.000000	0.000000	0.000000	0.000000	1660178547.433025	0.000000
110.000000	53.043001	45.925971	26.317676	-44.710504	0.000000	0.000000	0.000000	0.000000	0.000000	0.000000	0.000000	0.000000	1660178547.433025	0.000000
111.000000	-2.023286	-7.423701	-14.151781	-54.067734	0.000000	0.000000	0.000000	0.000000	0.000000	0.000000	0.000000	0.000000	1660178547.439014	0.000000
111.000000	16.496699	14.959600	-2.715167	-34.029350	0.000000	0.000000	0.000000	0.000000	0.000000	0.000000	0.000000	0.000000	1660178547.439014	0.000000
112.000000	65.956876	62.389011	30.872874	-34.365941	0.000000	0.000000	0.000000	0.000000	0.000000	0.000000	0.000000	0.000000	1660178547.465336	0.000000
112.000000	9.211374	4.117630	-5.299438	-63.290327	0.000000	0.000000	0.000000	0.000000	0.000000	0.000000	0.000000	0.000000	1660178547.465336	0.000000
113.000000	-9.402108	-11.444094	-22.099069	-50.728003	0.000000	0.000000	0.000000	0.000000	0.000000	0.000000	0.000000	0.000000	1660178547.470797	0.000000
113.000000	49.931404	49.404078	21.055637	-38.636906	0.000000	0.000000	0.000000	0.000000	0.000000	0.000000	0.000000	0.000000	1660178547.470797	0.000000
114.000000	17.798184	21.609142	-0.422609	-75.171989	0.000000	0.000000	0.000000	0.000000	0.000000	0.000000	0.000000	0.000000	1660178547.475618	0.000000
114.000000	-33.756337	-29.788303	-37.062409	-80.183455	0.000000	0.000000	0.000000	0.000000	0.000000	0.000000	0.000000	0.000000	1660178547.475618	0.000000
115.000000	24.844155	27.851035	6.698161	-51.505902	0.000000	0.000000	0.000000	0.000000	0.000000	0.000000	0.000000	0.000000	1660178547.479996	0.000000
115.000000	41.262316	42.747056	12.031258	-64.988242	0.000000	0.000000	0.000000	0.000000	0.000000	0.000000	0.000000	0.000000	1660178547.479996	0.000000
116.000000	-26.635567	-24.784317	-37.698192	-81.627056	0.000000	0.000000	0.000000	0.000000	0.000000	0.000000	0.000000	0.000000	1660178547.495565	0.000000
116.000000	2.707688	1.312705	-18.527464	-60.002955	0.000000	0.000000	0.000000	0.000000	0.000000	0.000000	0.000000	0.000000	1660178547.495565	0.000000
117.000000	51.472243	45.821254	17.293297	-62.145918	0.000000	0.000000	0.000000	0.000000	0.000000	0.000000	0.000000	0.000000	1660178547.500465	0.000000
117.000000	-9.499346	-9.779838	-28.064209	-86.077537	0.000000	0.000000	0.000000	0.000000	0.000000	0.000000	0.000000	0.000000	1660178547.500465	0.000000
118.000000	-20.827503	-24.488865	-32.589488	-76.802585	0.000000	0.000000	0.000000	0.000000	0.000000	0.000000	0.000000	0.000000	1660178547.505043	0.000000
118.000000	46.258823	39.123093	13.579577	-56.401431	0.000000	0.000000	0.000000	0.000000	0.000000	0.000000	0.000000	0.000000	1660178547.505043	0.000000
119.000000	17.390535	12.782978	-5.512613	-82.098284	0.000000	0.000000	0.000000	0.000000	0.000000	0.000000	0.000000	0.000000	1660178547.511151	0.000000
119.000000	-36.703378	-33.947072	-40.233844	-88.093343	0.000000	0.000000	0.000000	0.000000	0.000000	0.000000	0.000000	0.000000	1660178547.511151	0.000000
120.000000	22.439400	18.841616	-4.128850	-71.742501	0.000000	0.000000	0.000000	0.000000	0.000000	0.000000	0.000000	0.000000	1660178547.518398	0.000000
120.000000	36.968911	34.021870	8.646649	-84.289865	0.000000	0.000000	0.000000	0.000000	0.000000	0.000000	0.000000	0.000000	1660178547.518398	0.000000
121.000000	-26.744025	-28.771050	-39.396106	-100.195660	0.000000	0.000000	0.000000	0.000000	0.000000	0.000000	0.000000	0.000000	1660178547.540735	0.000000
121.000000	-1.249127	-6.559785	-25.218145	-80.232074	0.000000	0.000000	0.000000	0.000000	0.000000	0.000000	0.000000	0.000000	1660178547.540735	0.000000
122.000000	55.414098	54.142532	18.497545	-81.110950	0.000000	0.000000	0.000000	0.000000	0.000000	0.000000	0.000000	0.000000	1660178547.547040	0.000000
122.000000	-11.459053	-9.319831	-24.705779	-105.536237	0.000000	0.000000	0.000000	0.000000	0.000000	0.000000	0.000000	0.000000	1660178547.547040	0.000000
123.000000	-25.341562	-27.716399	-38.075921	-96.040631	0.000000	0.000000	0.000000	0.000000	0.000000	0.000000	0.000000	0.000000	1660178547.552038	0.000000
123.000000	35.140100	36.486464	5.774406	-88.717907	0.000000	0.000000	0.000000	0.000000	0.000000	0.000000	0.000000	0.000000	1660178547.552038	0.000000
124.000000	14.705287	5.894082	-11.952720	-113.543363	0.000000	0.000000	0.000000	0.000000	0.000000	0.000000	0.000000	0.000000	1660178547.556674	0.000000
124.000000	-34.713751	-41.632566	-50.219377	-118.685725	0.000000	0.000000	0.000000	0.000000	0.000000	0.000000	0.000000	0.000000	1660178547.556674	0.000000
125.000000	29.234798	24.455206	-6.402709	-92.809357	0.000000	0.000000	0.000000	0.000000	0.000000	0.000000	0.000000	0.000000	1660178547.561074	0.000000
125.000000	37.372820	32.245417	2.064425	-112.316675	0.000000	0.000000	0.000000	0.000000	0.000000	0.000000	0.000000	0.000000	1660178547.561074	0.000000
126.000000	-31.127187	-34.182686	-46.221424	-129.677291	0.000000	0.000000	0.000000	0.000000	0.000000	0.000000	0.000000	0.000000	1660178547.568576	0.000000
126.000000	-2.819885	-7.932328	-30.798076	-112.851481	0.000000	0.000000	0.000000	0.000000	0.000000	0.000000	0.000000	0.000000	1660178547.568576	0.000000
127.000000	43.988703	43.674552	4.256006	-110.375667	0.000000	0.000000	0.000000	0.000000	0.000000	0.000000	0.000000	0.000000	1660178547.583396	0.000000
127.000000	-16.578977	-12.749319	-36.781916	-132.687911	0.000000	0.000000	0.000000	0.000000	0.000000	0.000000	0.000000	0.000000	1660178547.583396	0.000000
128.000000	-27.245171	-29.302116	-45.065794	-121.946918	0.000000	0.000000	0.000000	0.000000	0.000000	0.000000	0.000000	0.000000	1660178547.588125	0.000000
128.000000	45.002216	34.208865	6.122216	-101.822516	0.000000	0.000000	0.000000	0.000000	0.000000	0.000000	0.000000	0.000000	1660178547.588125	0.000000
129.000000	22.723632	11.937761	-14.062024	-124.018822	0.000000	0.000000	0.000000	0.000000	0.000000	0.000000	0.000000	0.000000	1660178547.599148	0.000000
129.000000	-33.389827	-44.250496	-54.535221	-131.782855	0.000000	0.000000	0.000000	0.000000	0.000000	0.000000	0.000000	0.000000	1660178547.599148	0.000000
130.000000	28.931866	21.833536	-7.951027	-109.904440	0.000000	0.000000	0.000000	0.000000	0.000000	0.000000	0.000000	0.000000	1660178547.614746	0.000000
130.000000	40.215144	33.090635	1.028472	-111.804309	0.000000	0.000000	0.000000	0.000000	0.000000	0.000000	0.000000	0.000000	1660178547.614746	0.000000
131.000000	-21.534344	-34.306102	-45.020916	-131.521062	0.000000	0.000000	0.000000	0.000000	0.000000	0.000000	0.000000	0.000000	1660178547.618501	0.000000
131.000000	-4.065271	-7.820131	-31.927526	-126.517076	0.000000	0.000000	0.000000	0.000000	0.000000	0.000000	0.000000	0.000000	1660178547.618501	0.000000
132.000000	46.400939	41.393213	9.087957	-121.427072	0.000000	0.000000	0.000000	0.000000	0.000000	0.000000	0.000000	0.000000	1660178547.627581	0.000000
132.000000	-15.367249	-20.539531	-37.039969	-148.978915	0.000000	0.000000	0.000000	0.000000	0.000000	0.000000	0.000000	0.000000	1660178547.627581	0.000000
133.000000	-28.071689	-27.652820	-45.080754	-135.051527	0.000000	0.000000	0.000000	0.000000	0.000000	0.000000	0.000000	0.000000	1660178547.644406	0.000000
133.000000	40.346041	33.730158	-0.762940	-113.816375	0.000000	0.000000	0.000000	0.000000	0.000000	0.000000	0.000000	0.000000	1660178547.644406	0.000000
134.000000	14.671628	10.280985	-17.289557	-139.905917	0.000000	0.000000	0.000000	0.000000	0.000000	0.000000	0.000000	0.000000	1660178547.650117	0.000000
134.000000	-33.516983	-40.327341	-51.449804	-143.376545	0.000000	0.000000	0.000000	0.000000	0.000000	0.000000	0.000000	0.000000	1660178547.650117	0.000000
135.000000	30.371728	20.255298	-7.341424	-114.403540	0.000000	0.000000	0.000000	0.000000	0.000000	0.000000	0.000000	0.000000	1660178547.675536	0.000000
135.000000	36.905333	30.102455	-6.051158	-137.691897	0.000000	0.000000	0.000000	0.000000	0.000000	0.000000	0.000000	0.000000	1660178547.675536	0.000000
136.000000	-32.843801	-32.305256	-49.561154	-158.354844	0.000000	0.000000	0.000000	0.000000	0.000000	0.000000	0.000000	0.000000	1660178547.680066	0.000000
136.000000	-6.125956	-2.629150	-32.727865	-131.124632	0.000000	0.000000	0.000000	0.000000	0.000000	0.000000	0.000000	0.000000	1660178547.680066	0.000000
137.000000	43.659592	40.192705	5.090004	-133.267595	0.000000	0.000000	0.000000	0.000000	0.000000	0.000000	0.000000	0.000000	1660178547.688741	0.000000
137.000000	-13.486079	-11.459053	-32.914860	-155.508780	0.000000	0.000000	0.000000	0.000000	0.000000	0.000000	0.000000	0.000000	1660178547.688741	0.000000
138.000000	-27.548103	-23.116322	-44.205617	-139.733882	0.000000	0.000000	0.000000	0.000000	0.000000	0.000000	0.000000	0.000000	1660178547.693438	0.000000
138.000000	40.058068	39.665379	4.035352	-118.390273	0.000000	0.000000	0.000000	0.000000	0.000000	0.000000	0.000000	0.000000	1660178547.693438	0.000000
139.000000	13.186887	11.402955	-17.970219	-141.757168	0.000000	0.000000	0.000000	0.000000	0.000000	0.000000	0.000000	0.000000	1660178547.704036	0.000000
139.000000	-37.107287	-36.845494	-53.989196	-153.025486	0.000000	0.000000	0.000000	0.000000	0.000000	0.000000	0.000000	0.000000	1660178547.704036	0.000000
140.000000	20.700346	19.870088	-10.075290	-124.516229	0.000000	0.000000	0.000000	0.000000	0.000000	0.000000	0.000000	0.000000	1660178547.708218	0.000000
140.000000	33.445925	31.190766	-3.668842	-131.838953	0.000000	0.000000	0.000000	0.000000	0.000000	0.000000	0.000000	0.000000	1660178547.708218	0.000000
141.000000	-39.018376	-28.131527	-45.189211	-149.319246	0.000000	0.000000	0.000000	0.000000	0.000000	0.000000	0.000000	0.000000	1660178547.735108	0.000000
141.000000	-6.739300	-6.021239	-25.771651	-128.574021	0.000000	0.000000	0.000000	0.000000	0.000000	0.000000	0.000000	0.000000	1660178547.735108	0.000000
142.000000	38.797722	44.104640	3.530466	-125.941131	0.000000	0.000000	0.000000	0.000000	0.000000	0.000000	0.000000	0.000000	1660178547.740011	0.000000
142.000000	-16.477999	-12.779238	-33.146733	-141.177483	0.000000	0.000000	0.000000	0.000000	0.000000	0.000000	0.000000	0.000000	1660178547.740011	0.000000
143.000000	-31.269304	-22.641354	-41.557768	-129.804448	0.000000	0.000000	0.000000	0.000000	0.000000	0.000000	0.000000	0.000000	1660178547.744452	0.000000
143.000000	33.180392	39.938392	5.291958	-114.253944	0.000000	0.000000	0.000000	0.000000	0.000000	0.000000	0.000000	0.000000	1660178547.744452	0.000000
144.000000	4.353244	10.307164	-13.044771	-134.430704	0.000000	0.000000	0.000000	0.000000	0.000000	0.000000	0.000000	0.000000	1660178547.781166	0.000000
144.000000	-48.861793	-43.670812	-51.161831	-142.385471	0.000000	0.000000	0.000000	0.000000	0.000000	0.000000	0.000000	0.000000	1660178547.781166	0.000000
145.000000	15.161554	22.656314	-4.005433	-106.785363	0.000000	0.000000	0.000000	0.000000	0.000000	0.000000	0.000000	0.000000	1660178547.784752	0.000000
145.000000	31.216945	34.687572	10.239846	-110.947872	0.000000	0.000000	0.000000	0.000000	0.000000	0.000000	0.000000	0.000000	1660178547.784752	0.000000
146.000000	-31.658253	-24.481385	-35.656206	-121.516829	0.000000	0.000000	0.000000	0.000000	0.000000	0.000000	0.000000	0.000000	1660178547.789512	0.000000
146.000000	0.400169	3.178915	-16.223686	-95.692820	0.000000	0.000000	0.000000	0.000000	0.000000	0.000000	0.000000	0.000000	1660178547.789512	0.000000
147.000000	48.663578	55.219623	18.755598	-92.323170	0.000000	0.000000	0.000000	0.000000	0.000000	0.000000	0.000000	0.000000	1660178547.794411	0.000000
147.000000	-9.005679	-2.614190	-17.416714	-115.506810	0.000000	0.000000	0.000000	0.000000	0.000000	0.000000	0.000000	0.000000	1660178547.794411	0.000000
148.000000	-23.737145	-20.165541	-27.738838	-92.742039	0.000000	0.000000	0.000000	0.000000	0.000000	0.000000	0.000000	0.000000	1660178547.799862	0.000000
148.000000	47.403232	49.067487	16.687434	-79.588811	0.000000	0.000000	0.000000	0.000000	0.000000	0.000000	0.000000	0.000000	1660178547.799862	0.000000
149.000000	17.106302	16.679954	-2.243940	-107.768957	0.000000	0.000000	0.000000	0.000000	0.000000	0.000000	0.000000	0.000000	1660178547.803133	0.000000
149.000000	-36.452805	-29.526510	-36.523863	-102.619115	0.000000	0.000000	0.000000	0.000000	0.000000	0.000000	0.000000	0.000000	1660178547.803133	0.000000
150.000000	29.623748	37.327941	6.959954	-69.936129	0.000000	0.000000	0.000000	0.000000	0.000000	0.000000	0.000000	0.000000	1660178547.825041	0.000000
150.000000	31.654513	38.393813	11.934021	-82.883663	0.000000	0.000000	0.000000	0.000000	0.000000	0.000000	0.000000	0.000000	1660178547.825041	0.000000
151.000000	-22.110289	-17.599969	-22.588996	-93.456360	0.000000	0.000000	0.000000	0.000000	0.000000	0.000000	0.000000	0.000000	1660178547.830009	0.000000
151.000000	7.423701	14.219100	-5.527572	-67.060146	0.000000	0.000000	0.000000	0.000000	0.000000	0.000000	0.000000	0.000000	1660178547.830009	0.000000
152.000000	53.031781	53.114059	27.966972	-61.151104	0.000000	0.000000	0.000000	0.000000	0.000000	0.000000	0.000000	0.000000	1660178547.835021	0.000000
152.000000	-6.189534	-4.708534	-17.906641	-83.455868	0.000000	0.000000	0.000000	0.000000	0.000000	0.000000	0.000000	0.000000	1660178547.835021	0.000000
153.000000	-15.460746	-14.604309	-27.065656	-69.072212	0.000000	0.000000	0.000000	0.000000	0.000000	0.000000	0.000000	0.000000	1660178547.839007	0.000000
153.000000	51.083293	51.330127	24.264471	-41.699885	0.000000	0.000000	0.000000	0.000000	0.000000	0.000000	0.000000	0.000000	1660178547.839007	0.000000
154.000000	25.027411	23.763324	7.921108	-59.524248	0.000000	0.000000	0.000000	0.000000	0.000000	0.000000	0.000000	0.000000	1660178547.871183	0.000000
154.000000	-27.252651	-25.629534	-28.546656	-58.061947	0.000000	0.000000	0.000000	0.000000	0.000000	0.000000	0.000000	0.000000	1660178547.871183	0.000000
155.000000	29.803263	34.044309	14.802524	-28.183886	0.000000	0.000000	0.000000	0.000000	0.000000	0.000000	0.000000	0.000000	1660178547.875145	0.000000
155.000000	36.766956	39.313828	19.847649	-32.271597	0.000000	0.000000	0.000000	0.000000	0.000000	0.000000	0.000000	0.000000	1660178547.875145	0.000000
156.000000	-26.530850	-20.307657	-22.413220	-46.778669	0.000000	0.000000	0.000000	0.000000	0.000000	0.000000	0.000000	0.000000	1660178547.880888	0.000000
156.000000	12.255652	11.186041	6.271812	-13.564617	0.000000	0.000000	0.000000	0.000000	0.000000	0.000000	0.000000	0.000000	1660178547.880888	0.000000
157.000000	52.280061	52.280061	38.386333	-13.011112	0.000000	0.000000	0.000000	0.000000	0.000000	0.000000	0.000000	0.000000	1660178547.887015	0.000000
157.000000	-5.273259	0.706841	-2.258900	-32.847541	0.000000	0.000000	0.000000	0.000000	0.000000	0.000000	0.000000	0.000000	1660178547.887015	0.000000
158.000000	-15.539284	-7.023532	-7.696714	-9.663901	0.000000	0.000000	0.000000	0.000000	0.000000	0.000000	0.000000	0.000000	1660178547.892349	0.000000
158.000000	41.770943	52.586733	32.798923	6.967434	0.000000	0.000000	0.000000	0.000000	0.000000	0.000000	0.000000	0.000000	1660178547.892349	0.000000
159.000000	15.584163	21.530604	11.690927	-15.670181	0.000000	0.000000	0.000000	0.000000	0.000000	0.000000	0.000000	0.000000	1660178547.914380	0.000000
159.000000	-29.874321	-20.801324	-18.018838	-3.702501	0.000000	0.000000	0.000000	0.000000	0.000000	0.000000	0.000000	0.000000	1660178547.914380	0.000000
160.000000	22.372082	38.857561	20.423594	15.830997	0.000000	0.000000	0.000000	0.000000	0.000000	0.000000	0.000000	0.000000	1660178547.918239	0.000000
160.000000	32.675506	39.949611	26.695406	3.784779	0.000000	0.000000	0.000000	0.000000	0.000000	0.000000	0.000000	0.000000	1660178547.918239	0.000000
161.000000	-30.068796	-12.678261	-9.570404	-5.841724	0.000000	0.000000	0.000000	0.000000	0.000000	0.000000	0.000000	0.000000	1660178547.923611	0.000000
161.000000	1.821331	13.530958	7.954767	10.520339	0.000000	0.000000	0.000000	0.000000	0.000000	0.000000	0.000000	0.000000	1660178547.923611	0.000000
162.000000	50.181978	60.575160	42.717137	18.643401	0.000000	0.000000	0.000000	0.000000	0.000000	0.000000	0.000000	0.000000	1660178547.928371	0.000000
162.000000	-7.711674	5.303178	1.783932	-8.369896	0.000000	0.000000	0.000000	0.000000	0.000000	0.000000	0.000000	0.000000	1660178547.928371	0.000000
163.000000	-20.816283	-7.913628	-11.769465	1.806372	0.000000	0.000000	0.000000	0.000000	0.000000	0.000000	0.000000	0.000000	1660178547.944400	0.000000
163.000000	44.863840	56.199477	35.457991	13.377622	0.000000	0.000000	0.000000	0.000000	0.000000	0.000000	0.000000	0.000000	1660178547.944400	0.000000
164.000000	10.037891	23.621208	12.625902	-10.075290	0.000000	0.000000	0.000000	0.000000	0.000000	0.000000	0.000000	0.000000	1660178547.959176	0.000000
164.000000	-36.535083	-19.578376	-20.146841	-17.091343	0.000000	0.000000	0.000000	0.000000	0.000000	0.000000	0.000000	0.000000	1660178547.959176	0.000000
165.000000	27.230212	43.001370	25.547257	10.602616	0.000000	0.000000	0.000000	0.000000	0.000000	0.000000	0.000000	0.000000	1660178547.963626	0.000000
165.000000	33.502024	49.594813	28.711212	-9.308611	0.000000	0.000000	0.000000	0.000000	0.000000	0.000000	0.000000	0.000000	1660178547.963626	0.000000
166.000000	-25.954906	-4.300885	-5.987580	-22.738592	0.000000	0.000000	0.000000	0.000000	0.000000	0.000000	0.000000	0.000000	1660178547.973566	0.000000
166.000000	10.116429	21.796137	9.454467	-6.327911	0.000000	0.000000	0.000000	0.000000	0.000000	0.000000	0.000000	0.000000	1660178547.973566	0.000000
167.000000	56.764202	67.359338	39.616760	-7.928588	0.000000	0.000000	0.000000	0.000000	0.000000	0.000000	0.000000	0.000000	1660178547.979008	0.000000
167.000000	-6.944994	5.273259	-6.679461	-40.028149	0.000000	0.000000	0.000000	0.000000	0.000000	0.000000	0.000000	0.000000	1660178547.979008	0.000000
168.000000	-21.526864	-8.179161	-17.188580	-38.371374	0.000000	0.000000	0.000000	0.000000	0.000000	0.000000	0.000000	0.000000	1660178548.004032	0.000000
168.000000	46.187764	59.830919	29.986518	-18.284371	0.000000	0.000000	0.000000	0.000000	0.000000	0.000000	0.000000	0.000000	1660178548.004032	0.000000
169.000000	17.506472	31.273043	9.514305	-50.099700	0.000000	0.000000	0.000000	0.000000	0.000000	0.000000	0.000000	0.000000	1660178548.021172	0.000000
169.000000	-26.351335	-11.447834	-22.338422	-49.837907	0.000000	0.000000	0.000000	0.000000	0.000000	0.000000	0.000000	0.000000	1660178548.021172	0.000000
170.000000	23.149981	38.161939	11.982639	-29.788303	0.000000	0.000000	0.000000	0.000000	0.000000	0.000000	0.000000	0.000000	1660178548.026383	0.000000
170.000000	33.027057	50.084740	13.235506	-50.110920	0.000000	0.000000	0.000000	0.000000	0.000000	0.000000	0.000000	0.000000	1660178548.026383	0.000000
171.000000	-34.130327	-24.567403	-33.943332	-68.746841	0.000000	0.000000	0.000000	0.000000	0.000000	0.000000	0.000000	0.000000	1660178548.033024	0.000000
171.000000	-8.287618	5.942701	-13.033551	-44.998476	0.000000	0.000000	0.000000	0.000000	0.000000	0.000000	0.000000	0.000000	1660178548.033024	0.000000
172.000000	39.684078	52.122986	22.338422	-44.976037	0.000000	0.000000	0.000000	0.000000	0.000000	0.000000	0.000000	0.000000	1660178548.037735	0.000000
172.000000	-21.403447	-2.935821	-18.748118	-65.489388	0.000000	0.000000	0.000000	0.000000	0.000000	0.000000	0.000000	0.000000	1660178548.037735	0.000000
173.000000	-31.848988	-15.565464	-28.931866	-56.771681	0.000000	0.000000	0.000000	0.000000	0.000000	0.000000	0.000000	0.000000	1660178548.050081	0.000000
173.000000	29.474152	47.635106	20.004725	-41.606387	0.000000	0.000000	0.000000	0.000000	0.000000	0.000000	0.000000	0.000000	1660178548.050081	0.000000
174.000000	0.426349	15.644002	-2.389796	-65.433290	0.000000	0.000000	0.000000	0.000000	0.000000	0.000000	0.000000	0.000000	1660178548.055145	0.000000
174.000000	-51.135652	-33.707718	-35.226118	-67.841785	0.000000	0.000000	0.000000	0.000000	0.000000	0.000000	0.000000	0.000000	1660178548.055145	0.000000
175.000000	18.288111	29.294636	7.797691	-51.730296	0.000000	0.000000	0.000000	0.000000	0.000000	0.000000	0.000000	0.000000	1660178548.063616	0.000000
175.000000	20.333836	27.346148	3.126556	-67.774467	0.000000	0.000000	0.000000	0.000000	0.000000	0.000000	0.000000	0.000000	1660178548.063616	0.000000
176.000000	-39.598061	-30.012697	-35.031643	-78.407003	0.000000	0.000000	0.000000	0.000000	0.000000	0.000000	0.000000	0.000000	1660178548.069496	0.000000
176.000000	-13.508519	-0.856437	-16.747272	-53.476829	0.000000	0.000000	0.000000	0.000000	0.000000	0.000000	0.000000	0.000000	1660178548.069496	0.000000
177.000000	38.820162	50.350273	19.215606	-49.347980	0.000000	0.000000	0.000000	0.000000	0.000000	0.000000	0.000000	0.000000	1660178548.094357	0.000000
177.000000	-17.274598	-9.009419	-18.217053	-70.912243	0.000000	0.000000	0.000000	0.000000	0.000000	0.000000	0.000000	0.000000	1660178548.094357	0.000000
178.000000	-39.392366	-22.906887	-35.495390	-62.549827	0.000000	0.000000	0.000000	0.000000	0.000000	0.000000	0.000000	0.000000	1660178548.098810	0.000000
178.000000	36.090035	48.416745	19.548457	-45.114413	0.000000	0.000000	0.000000	0.000000	0.000000	0.000000	0.000000	0.000000	1660178548.098810	0.000000
179.000000	6.967434	14.690327	-6.974913	-73.238461	0.000000	0.000000	0.000000	0.000000	0.000000	0.000000	0.000000	0.000000	1660178548.104131	0.000000
179.000000	-36.460285	-25.962385	-37.866487	-74.547426	0.000000	0.000000	0.000000	0.000000	0.000000	0.000000	0.000000	0.000000	1660178548.104131	0.000000
180.000000	18.942593	31.407680	7.629396	-51.236629	0.000000	0.000000	0.000000	0.000000	0.000000	0.000000	0.000000	0.000000	1660178548.108007	0.000000
180.000000	26.938499	36.998830	8.422255	-73.717168	0.000000	0.000000	0.000000	0.000000	0.000000	0.000000	0.000000	0.000000	1660178548.108007	0.000000
181.000000	-32.656806	-21.668980	-30.225871	-85.064024	0.000000	0.000000	0.000000	0.000000	0.000000	0.000000	0.000000	0.000000	1660178548.126028	0.000000
181.000000	-1.813851	9.252512	-8.822424	-64.120585	0.000000	0.000000	0.000000	0.000000	0.000000	0.000000	0.000000	0.000000	1660178548.126028	0.000000
182.000000	40.383440	46.262562	15.457007	-70.257761	0.000000	0.000000	0.000000	0.000000	0.000000	0.000000	0.000000	0.000000	1660178548.138439	0.000000
182.000000	-16.657514	-4.880569	-21.425887	-97.117722	0.000000	0.000000	0.000000	0.000000	0.000000	0.000000	0.000000	0.000000	1660178548.138439	0.000000
183.000000	-28.262424	-16.751012	-31.003771	-78.526679	0.000000	0.000000	0.000000	0.000000	0.000000	0.000000	0.000000	0.000000	1660178548.142899	0.000000
183.000000	32.170619	43.330481	13.605756	-66.618838	0.000000	0.000000	0.000000	0.000000	0.000000	0.000000	0.000000	0.000000	1660178548.142899	0.000000
184.000000	3.668842	14.940900	-4.768372	-92.483986	0.000000	0.000000	0.000000	0.000000	0.000000	0.000000	0.000000	0.000000	1660178548.155165	0.000000
184.000000	-47.919338	-33.049496	-38.532189	-95.199153	0.000000	0.000000	0.000000	0.000000	0.000000	0.000000	0.000000	0.000000	1660178548.155165	0.000000
185.000000	17.398015	25.958646	1.013513	-71.757460	0.000000	0.000000	0.000000	0.000000	0.000000	0.000000	0.000000	0.000000	1660178548.158228	0.000000
185.000000	26.250358	32.589488	0.792859	-90.296145	0.000000	0.000000	0.000000	0.000000	0.000000	0.000000	0.000000	0.000000	1660178548.158228	0.000000
186.000000	-34.216345	-21.081816	-34.919446	-103.071643	0.000000	0.000000	0.000000	0.000000	0.000000	0.000000	0.000000	0.000000	1660178548.185574	0.000000
186.000000	-10.557738	0.833998	-18.411527	-82.505933	0.000000	0.000000	0.000000	0.000000	0.000000	0.000000	0.000000	0.000000	1660178548.185574	0.000000
187.000000	42.653559	45.780115	12.794198	-88.564571	0.000000	0.000000	0.000000	0.000000	0.000000	0.000000	0.000000	0.000000	1660178548.189624	0.000000
187.000000	-16.175067	-7.150689	-29.784563	-111.104948	0.000000	0.000000	0.000000	0.000000	0.000000	0.000000	0.000000	0.000000	1660178548.189624	0.000000
188.000000	-33.240231	-17.371835	-33.767557	-90.146549	0.000000	0.000000	0.000000	0.000000	0.000000	0.000000	0.000000	0.000000	1660178548.197162	0.000000
188.000000	31.235644	39.235290	10.011712	-75.171989	0.000000	0.000000	0.000000	0.000000	0.000000	0.000000	0.000000	0.000000	1660178548.197162	0.000000
189.000000	2.573051	8.493313	-9.884556	-105.592335	0.000000	0.000000	0.000000	0.000000	0.000000	0.000000	0.000000	0.000000	1660178548.203167	0.000000
189.000000	-47.807141	-41.550289	-50.380192	-109.504271	0.000000	0.000000	0.000000	0.000000	0.000000	0.000000	0.000000	0.000000	1660178548.203167	0.000000
190.000000	10.553998	23.677307	-3.597784	-77.988134	0.000000	0.000000	0.000000	0.000000	0.000000	0.000000	0.000000	0.000000	1660178548.215036	0.000000
190.000000	21.698900	26.702886	-1.394983	-95.326310	0.000000	0.000000	0.000000	0.000000	0.000000	0.000000	0.000000	0.000000	1660178548.215036	0.000000
191.000000	-40.828488	-36.961431	-48.577561	-108.408480	0.000000	0.000000	0.000000	0.000000	0.000000	0.000000	0.000000	0.000000	1660178548.220026	0.000000
191.000000	-5.082524	-1.017253	-18.950073	-77.890896	0.000000	0.000000	0.000000	0.000000	0.000000	0.000000	0.000000	0.000000	1660178548.220026	0.000000
192.000000	42.683478	47.979177	12.827857	-75.310365	0.000000	0.000000	0.000000	0.000000	0.000000	0.000000	0.000000	0.000000	1660178548.228437	0.000000
192.000000	-17.917861	-11.189781	-31.437599	-101.429827	0.000000	0.000000	0.000000	0.000000	0.000000	0.000000	0.000000	0.000000	1660178548.228437	0.000000
193.000000	-25.001231	-22.749811	-39.455945	-90.928188	0.000000	0.000000	0.000000	0.000000	0.000000	0.000000	0.000000	0.000000	1660178548.244474	0.000000
193.000000	39.564402	39.340008	9.473167	-71.252574	0.000000	0.000000	0.000000	0.000000	0.000000	0.000000	0.000000	0.000000	1660178548.244474	0.000000
194.000000	3.747380	10.228626	-11.739546	-91.421854	0.000000	0.000000	0.000000	0.000000	0.000000	0.000000	0.000000	0.000000	1660178548.250135	0.000000
194.000000	-43.124786	-35.884340	-43.827888	-86.406649	0.000000	0.000000	0.000000	0.000000	0.000000	0.000000	0.000000	0.000000	1660178548.250135	0.000000
195.000000	18.048757	20.060823	-0.605864	-56.498669	0.000000	0.000000	0.000000	0.000000	0.000000	0.000000	0.000000	0.000000	1660178548.258167	0.000000
195.000000	31.400200	32.080862	11.657268	-70.276460	0.000000	0.000000	0.000000	0.000000	0.000000	0.000000	0.000000	0.000000	1660178548.258167	0.000000
196.000000	-28.774790	-25.390181	-32.320215	-81.563478	0.000000	0.000000	0.000000	0.000000	0.000000	0.000000	0.000000	0.000000	1660178548.290533	0.000000
196.000000	2.513213	1.432382	-13.680554	-53.416991	0.000000	0.000000	0.000000	0.000000	0.000000	0.000000	0.000000	0.000000	1660178548.290533	0.000000
197.000000	48.708457	53.170158	23.609988	-44.747903	0.000000	0.000000	0.000000	0.000000	0.000000	0.000000	0.000000	0.000000	1660178548.296392	0.000000
197.000000	-5.512613	-2.124263	-15.430827	-64.393597	0.000000	0.000000	0.000000	0.000000	0.000000	0.000000	0.000000	0.000000	1660178548.296392	0.000000
198.000000	-16.631335	-15.924494	-24.840416	-57.224209	0.000000	0.000000	0.000000	0.000000	0.000000	0.000000	0.000000	0.000000	1660178548.301016	0.000000
198.000000	44.579607	44.381393	17.420454	-43.147226	0.000000	0.000000	0.000000	0.000000	0.000000	0.000000	0.000000	0.000000	1660178548.301016	0.000000
199.000000	15.195214	16.623855	1.937268	-58.877245	0.000000	0.000000	0.000000	0.000000	0.000000	0.000000	0.000000	0.000000	1660178548.304246	0.000000
199.000000	-31.617114	-34.683832	-34.840908	-59.501808	0.000000	0.000000	0.000000	0.000000	0.000000	0.000000	0.000000	0.000000	1660178548.304246	0.000000
200.000000	31.516137	29.545210	10.942947	-25.438799	0.000000	0.000000	0.000000	0.000000	0.000000	0.000000	0.000000	0.000000	1660178548.308220	0.000000
200.000000	44.108380	37.058669	15.483186	-42.380546	0.000000	0.000000	0.000000	0.000000	0.000000	0.000000	0.000000	0.000000	1660178548.308220	0.000000
0.000000	-242.250150	-196.281169	-165.028695	-303.361985	0.000000	0.000000	0.000000	0.000000	0.000000	0.000000	0.000000	0.000000	1660178548.335488	0.000000
101.000000	-217.447133	-168.549811	-152.017583	-288.402385	0.000000	0.000000	0.000000	0.000000	0.000000	0.000000	0.000000	0.000000	1660178548.339611	0.000000
101.000000	-168.286148	-119.777776	-117.722701	-278.330835	0.000000	0.000000	0.000000	0.000000	0.000000	0.000000	0.000000	0.000000	1660178548.339611	0.000000
102.000000	-229.074482	-175.928634	-156.509203	-305.561046	0.000000	0.000000	0.000000	0.000000	0.000000	0.000000	0.000000	0.000000	1660178548.344049	0.000000
102.000000	-244.501569	-187.241831	-167.201577	-295.134205	0.000000	0.000000	0.000000	0.000000	0.000000	0.000000	0.000000	0.000000	1660178548.344049	0.000000
103.000000	-170.473990	-128.289788	-119.364517	-275.985917	0.000000	0.000000	0.000000	0.000000	0.000000	0.000000	0.000000	0.000000	1660178548.350162	0.000000
103.000000	-199.529272	-149.943809	-135.913574	-302.868318	0.000000	0.000000	0.000000	0.000000	0.000000	0.000000	0.000000	0.000000	1660178548.350162	0.000000
104.000000	-252.953743	-200.062208	-169.161285	-297.826933	0.000000	0.000000	0.000000	0.000000	0.000000	0.000000	0.000000	0.000000	1660178548.355757	0.000000
104.000000	-196.873944	-143.862732	-135.079577	-275.675506	0.000000	0.000000	0.000000	0.000000	0.000000	0.000000	0.000000	0.000000	1660178548.355757	0.000000
105.000000	-185.482208	-140.964309	-130.842270	-295.459576	0.000000	0.000000	0.000000	0.000000	0.000000	0.000000	0.000000	0.000000	1660178548.379495	0.000000
105.000000	-243.768549	-201.999476	-174.430804	-304.977622	0.000000	0.000000	0.000000	0.000000	0.000000	0.000000	0.000000	0.000000	1660178548.379495	0.000000
106.000000	-213.426741	-171.321077	-148.778830	-287.056021	0.000000	0.000000	0.000000	0.000000	0.000000	0.000000	0.000000	0.000000	1660178548.386024	0.000000
106.000000	-171.906371	-124.669565	-114.323132	-282.156752	0.000000	0.000000	0.000000	0.000000	0.000000	0.000000	0.000000	0.000000	1660178548.386024	0.000000
107.000000	-227.645840	-180.655867	-155.693905	-308.351011	0.000000	0.000000	0.000000	0.000000	0.000000	0.000000	0.000000	0.000000	1660178548.392134	0.000000
107.000000	-237.504217	-188.296483	-162.646379	-295.022008	0.000000	0.000000	0.000000	0.000000	0.000000	0.000000	0.000000	0.000000	1660178548.392134	0.000000
108.000000	-169.150065	-128.304748	-115.448842	-282.601800	0.000000	0.000000	0.000000	0.000000	0.000000	0.000000	0.000000	0.000000	1660178548.398155	0.000000
108.000000	-202.749326	-158.579238	-142.458399	-309.633797	0.000000	0.000000	0.000000	0.000000	0.000000	0.000000	0.000000	0.000000	1660178548.398155	0.000000
109.000000	-247.194297	-201.326294	-172.560854	-308.971835	0.000000	0.000000	0.000000	0.000000	0.000000	0.000000	0.000000	0.000000	1660178548.425254	0.000000
109.000000	-185.134398	-142.490188	-130.595437	-287.818961	0.000000	0.000000	0.000000	0.000000	0.000000	0.000000	0.000000	0.000000	1660178548.425254	0.000000
110.000000	-179.801300	-135.489096	-126.937814	-309.487941	0.000000	0.000000	0.000000	0.000000	0.000000	0.000000	0.000000	0.000000	1660178548.430519	0.000000
110.000000	-246.954944	-200.166925	-173.757622	-312.079692	0.000000	0.000000	0.000000	0.000000	0.000000	0.000000	0.000000	0.000000	1660178548.430519	0.000000
111.000000	-214.178461	-165.789765	-150.140154	-292.123586	0.000000	0.000000	0.000000	0.000000	0.000000	0.000000	0.000000	0.000000	1660178548.433791	0.000000
111.000000	-166.906125	-123.801908	-113.141323	-289.247602	0.000000	0.000000	0.000000	0.000000	0.000000	0.000000	0.000000	0.000000	1660178548.433791	0.000000
112.000000	-221.792897	-179.552597	-153.633220	-309.443062	0.000000	0.000000	0.000000	0.000000	0.000000	0.000000	0.000000	0.000000	1660178548.438884	0.000000
112.000000	-231.733551	-185.902947	-159.673159	-292.175944	0.000000	0.000000	0.000000	0.000000	0.000000	0.000000	0.000000	0.000000	1660178548.438884	0.000000
113.000000	-171.599700	-123.375560	-118.235067	-285.459084	0.000000	0.000000	0.000000	0.000000	0.000000	0.000000	0.000000	0.000000	1660178548.442140	0.000000
113.000000	-208.052504	-162.678168	-145.581216	-314.450788	0.000000	0.000000	0.000000	0.000000	0.000000	0.000000	0.000000	0.000000	1660178548.442140	0.000000
114.000000	-250.728503	-207.295175	-181.263601	-314.334851	0.000000	0.000000	0.000000	0.000000	0.000000	0.000000	0.000000	0.000000	1660178548.470094	0.000000
114.000000	-191.443609	-143.885171	-134.656968	-284.400692	0.000000	0.000000	0.000000	0.000000	0.000000	0.000000	0.000000	0.000000	1660178548.470094	0.000000
115.000000	-181.214982	-138.585733	-129.484686	-297.408064	0.000000	0.000000	0.000000	0.000000	0.000000	0.000000	0.000000	0.000000	1660178548.475475	0.000000
115.000000	-248.899692	-199.381546	-172.774028	-317.506287	0.000000	0.000000	0.000000	0.000000	0.000000	0.000000	0.000000	0.000000	1660178548.475475	0.000000
116.000000	-215.408888	-167.080031	-147.989711	-292.433997	0.000000	0.000000	0.000000	0.000000	0.000000	0.000000	0.000000	0.000000	1660178548.479789	0.000000
116.000000	-167.508249	-121.083001	-118.429542	-295.657791	0.000000	0.000000	0.000000	0.000000	0.000000	0.000000	0.000000	0.000000	1660178548.479789	0.000000
117.000000	-225.222385	-173.856729	-157.343201	-316.249680	0.000000	0.000000	0.000000	0.000000	0.000000	0.000000	0.000000	0.000000	1660178548.484402	0.000000
117.000000	-229.620508	-186.759384	-161.359854	-304.132404	0.000000	0.000000	0.000000	0.000000	0.000000	0.000000	0.000000	0.000000	1660178548.484402	0.000000
118.000000	-169.056568	-123.775729	-115.329165	-290.178838	0.000000	0.000000	0.000000	0.000000	0.000000	0.000000	0.000000	0.000000	1660178548.516093	0.000000
118.000000	-208.938861	-162.240600	-141.459846	-311.593505	0.000000	0.000000	0.000000	0.000000	0.000000	0.000000	0.000000	0.000000	1660178548.516093	0.000000
119.000000	-255.377199	-206.943624	-180.437083	-315.808372	0.000000	0.000000	0.000000	0.000000	0.000000	0.000000	0.000000	0.000000	1660178548.523016	0.000000
119.000000	-194.630004	-146.734975	-139.642254	-297.071473	0.000000	0.000000	0.000000	0.000000	0.000000	0.000000	0.000000	0.000000	1660178548.523016	0.000000
120.000000	-183.571119	-135.548934	-131.792204	-306.873751	0.000000	0.000000	0.000000	0.000000	0.000000	0.000000	0.000000	0.000000	1660178548.527546	0.000000
120.000000	-257.624878	-206.797768	-182.677283	-331.493512	0.000000	0.000000	0.000000	0.000000	0.000000	0.000000	0.000000	0.000000	1660178548.527546	0.000000
121.000000	-226.187279	-174.918861	-159.815275	-315.856991	0.000000	0.000000	0.000000	0.000000	0.000000	0.000000	0.000000	0.000000	1660178548.531763	0.000000
121.000000	-172.605733	-122.885633	-120.280792	-308.855898	0.000000	0.000000	0.000000	0.000000	0.000000	0.000000	0.000000	0.000000	1660178548.531763	0.000000
122.000000	-229.942139	-186.624748	-166.988403	-324.858930	0.000000	0.000000	0.000000	0.000000	0.000000	0.000000	0.000000	0.000000	1660178548.535010	0.000000
122.000000	-233.278130	-185.364401	-163.095167	-303.462962	0.000000	0.000000	0.000000	0.000000	0.000000	0.000000	0.000000	0.000000	1660178548.535010	0.000000
123.000000	-163.525256	-123.603694	-116.458615	-295.571773	0.000000	0.000000	0.000000	0.000000	0.000000	0.000000	0.000000	0.000000	1660178548.560190	0.000000
123.000000	-202.330458	-155.306825	-143.120361	-321.784732	0.000000	0.000000	0.000000	0.000000	0.000000	0.000000	0.000000	0.000000	1660178548.560190	0.000000
124.000000	-249.782308	-209.445617	-177.695737	-318.545979	0.000000	0.000000	0.000000	0.000000	0.000000	0.000000	0.000000	0.000000	1660178548.565418	0.000000
124.000000	-187.307279	-143.896391	-132.297091	-297.811973	0.000000	0.000000	0.000000	0.000000	0.000000	0.000000	0.000000	0.000000	1660178548.565418	0.000000
125.000000	-188.784540	-140.874552	-130.868449	-319.480954	0.000000	0.000000	0.000000	0.000000	0.000000	0.000000	0.000000	0.000000	1660178548.575482	0.000000
125.000000	-252.284301	-203.559015	-174.614059	-329.552504	0.000000	0.000000	0.000000	0.000000	0.000000	0.000000	0.000000	0.000000	1660178548.575482	0.000000
126.000000	-224.676360	-175.128295	-159.755436	-308.807279	0.000000	0.000000	0.000000	0.000000	0.000000	0.000000	0.000000	0.000000	1660178548.580644	0.000000
126.000000	-180.754975	-132.115706	-125.090304	-308.728741	0.000000	0.000000	0.000000	0.000000	0.000000	0.000000	0.000000	0.000000	1660178548.580644	0.000000
127.000000	-235.836221	-185.940346	-166.490996	-326.093097	0.000000	0.000000	0.000000	0.000000	0.000000	0.000000	0.000000	0.000000	1660178548.608044	0.000000
127.000000	-240.888826	-193.203232	-168.458184	-307.715228	0.000000	0.000000	0.000000	0.000000	0.000000	0.000000	0.000000	0.000000	1660178548.608044	0.000000
128.000000	-175.638792	-132.744009	-131.694967	-297.078953	0.000000	0.000000	0.000000	0.000000	0.000000	0.000000	0.000000	0.000000	1660178548.611150	0.000000
128.000000	-214.339276	-162.666949	-150.992851	-311.290573	0.000000	0.000000	0.000000	0.000000	0.000000	0.000000	0.000000	0.000000	1660178548.611150	0.000000
129.000000	-266.518360	-213.484709	-184.176983	-317.308072	0.000000	0.000000	0.000000	0.000000	0.000000	0.000000	0.000000	0.000000	1660178548.614359	0.000000
129.000000	-202.184601	-153.784686	-137.630188	-290.029242	0.000000	0.000000	0.000000	0.000000	0.000000	0.000000	0.000000	0.000000	1660178548.614359	0.000000
130.000000	-202.035005	-142.718322	-140.824063	-303.115152	0.000000	0.000000	0.000000	0.000000	0.000000	0.000000	0.000000	0.000000	1660178548.620037	0.000000
130.000000	-257.624878	-200.918645	-182.385571	-318.089711	0.000000	0.000000	0.000000	0.000000	0.000000	0.000000	0.000000	0.000000	1660178548.620037	0.000000
131.000000	-225.188726	-169.338930	-153.618261	-288.806294	0.000000	0.000000	0.000000	0.000000	0.000000	0.000000	0.000000	0.000000	1660178548.624014	0.000000
131.000000	-176.020261	-128.641339	-126.814398	-290.784701	0.000000	0.000000	0.000000	0.000000	0.000000	0.000000	0.000000	0.000000	1660178548.624014	0.000000
132.000000	-243.626433	-191.778330	-172.482316	-317.038799	0.000000	0.000000	0.000000	0.000000	0.000000	0.000000	0.000000	0.000000	1660178548.649827	0.000000
132.000000	-255.500615	-197.350781	-177.594759	-303.283447	0.000000	0.000000	0.000000	0.000000	0.000000	0.000000	0.000000	0.000000	1660178548.649827	0.000000
133.000000	-180.246348	-127.923278	-121.025033	-274.527356	0.000000	0.000000	0.000000	0.000000	0.000000	0.000000	0.000000	0.000000	1660178548.655126	0.000000
133.000000	-211.496952	-161.915229	-143.767364	-302.632704	0.000000	0.000000	0.000000	0.000000	0.000000	0.000000	0.000000	0.000000	1660178548.655126	0.000000
134.000000	-261.753728	-210.066441	-181.637591	-303.395644	0.000000	0.000000	0.000000	0.000000	0.000000	0.000000	0.000000	0.000000	1660178548.665040	0.000000
134.000000	-196.720608	-146.787333	-133.419061	-273.872874	0.000000	0.000000	0.000000	0.000000	0.000000	0.000000	0.000000	0.000000	1660178548.665040	0.000000
135.000000	-196.866464	-149.222008	-136.328703	-292.213343	0.000000	0.000000	0.000000	0.000000	0.000000	0.000000	0.000000	0.000000	1660178548.669252	0.000000
135.000000	-258.731889	-199.609680	-175.807087	-307.311319	0.000000	0.000000	0.000000	0.000000	0.000000	0.000000	0.000000	0.000000	1660178548.669252	0.000000
136.000000	-223.647887	-169.712920	-149.309896	-277.911966	0.000000	0.000000	0.000000	0.000000	0.000000	0.000000	0.000000	0.000000	1660178548.695184	0.000000
136.000000	-180.089273	-132.916044	-122.524732	-287.243016	0.000000	0.000000	0.000000	0.000000	0.000000	0.000000	0.000000	0.000000	1660178548.695184	0.000000
137.000000	-238.016583	-191.613774	-162.530442	-310.808126	0.000000	0.000000	0.000000	0.000000	0.000000	0.000000	0.000000	0.000000	1660178548.700024	0.000000
137.000000	-247.628126	-198.730804	-171.801654	-299.543547	0.000000	0.000000	0.000000	0.000000	0.000000	0.000000	0.000000	0.000000	1660178548.700024	0.000000
138.000000	-187.980461	-134.774775	-123.452228	-284.767202	0.000000	0.000000	0.000000	0.000000	0.000000	0.000000	0.000000	0.000000	1660178548.704118	0.000000
138.000000	-222.155667	-165.490573	-147.294090	-311.111058	0.000000	0.000000	0.000000	0.000000	0.000000	0.000000	0.000000	0.000000	1660178548.704118	0.000000
139.000000	-270.710788	-209.714890	-182.108818	-310.209742	0.000000	0.000000	0.000000	0.000000	0.000000	0.000000	0.000000	0.000000	1660178548.709853	0.000000
139.000000	-203.343970	-141.308380	-137.944340	-285.586240	0.000000	0.000000	0.000000	0.000000	0.000000	0.000000	0.000000	0.000000	1660178548.709853	0.000000
140.000000	-197.382570	-144.367618	-134.006225	-298.242062	0.000000	0.000000	0.000000	0.000000	0.000000	0.000000	0.000000	0.000000	1660178548.714459	0.000000
140.000000	-261.185263	-202.665179	-179.580646	-317.233274	0.000000	0.000000	0.000000	0.000000	0.000000	0.000000	0.000000	0.000000	1660178548.714459	0.000000
141.000000	-218.939353	-165.393336	-146.463832	-281.853820	0.000000	0.000000	0.000000	0.000000	0.000000	0.000000	0.000000	0.000000	1660178548.741411	0.000000
141.000000	-180.078053	-118.921339	-116.510973	-293.335313	0.000000	0.000000	0.000000	0.000000	0.000000	0.000000	0.000000	0.000000	1660178548.741411	0.000000
142.000000	-237.362100	-179.713413	-155.503170	-311.885217	0.000000	0.000000	0.000000	0.000000	0.000000	0.000000	0.000000	0.000000	1660178548.745086	0.000000
142.000000	-249.782308	-185.278384	-161.569288	-294.917291	0.000000	0.000000	0.000000	0.000000	0.000000	0.000000	0.000000	0.000000	1660178548.745086	0.000000
143.000000	-187.180123	-120.596814	-117.098138	-286.453897	0.000000	0.000000	0.000000	0.000000	0.000000	0.000000	0.000000	0.000000	1660178548.753130	0.000000
143.000000	-224.904494	-161.148549	-142.488318	-313.242801	0.000000	0.000000	0.000000	0.000000	0.000000	0.000000	0.000000	0.000000	1660178548.753130	0.000000
144.000000	-276.803085	-205.507503	-177.508742	-316.556352	0.000000	0.000000	0.000000	0.000000	0.000000	0.000000	0.000000	0.000000	1660178548.758013	0.000000
144.000000	-217.028264	-144.554613	-131.751066	-287.246756	0.000000	0.000000	0.000000	0.000000	0.000000	0.000000	0.000000	0.000000	1660178548.758013	0.000000
145.000000	-214.604809	-144.225502	-133.063770	-305.437629	0.000000	0.000000	0.000000	0.000000	0.000000	0.000000	0.000000	0.000000	1660178548.770551	0.000000
145.000000	-272.640577	-201.543209	-173.305094	-321.317245	0.000000	0.000000	0.000000	0.000000	0.000000	0.000000	0.000000	0.000000	1660178548.770551	0.000000
146.000000	-246.087287	-173.770712	-157.683532	-297.150011	0.000000	0.000000	0.000000	0.000000	0.000000	0.000000	0.000000	0.000000	1660178548.774024	0.000000
146.000000	-205.389696	-127.078061	-124.398422	-297.426764	0.000000	0.000000	0.000000	0.000000	0.000000	0.000000	0.000000	0.000000	1660178548.774024	0.000000
147.000000	-268.706202	-190.353428	-166.820107	-327.031812	0.000000	0.000000	0.000000	0.000000	0.000000	0.000000	0.000000	0.000000	1660178548.784406	0.000000
147.000000	-273.306279	-191.879307	-168.690057	-304.008988	0.000000	0.000000	0.000000	0.000000	0.000000	0.000000	0.000000	0.000000	1660178548.784406	0.000000
148.000000	-210.442301	-130.488849	-128.905002	-295.945763	0.000000	0.000000	0.000000	0.000000	0.000000	0.000000	0.000000	0.000000	1660178548.798393	0.000000
148.000000	-250.433051	-162.221900	-153.416306	-319.035906	0.000000	0.000000	0.000000	0.000000	0.000000	0.000000	0.000000	0.000000	1660178548.798393	0.000000
149.000000	-292.488226	-211.820454	-180.990588	-321.403262	0.000000	0.000000	0.000000	0.000000	0.000000	0.000000	0.000000	0.000000	1660178548.805015	0.000000
149.000000	-233.210811	-147.034167	-136.354882	-295.489495	0.000000	0.000000	0.000000	0.000000	0.000000	0.000000	0.000000	0.000000	1660178548.805015	0.000000
150.000000	-239.587341	-148.447849	-141.104555	-313.175482	0.000000	0.000000	0.000000	0.000000	0.000000	0.000000	0.000000	0.000000	1660178548.813039	0.000000
150.000000	-294.601269	-210.290835	-183.466402	-328.093943	0.000000	0.000000	0.000000	0.000000	0.000000	0.000000	0.000000	0.000000	1660178548.813039	0.000000
151.000000	-258.241962	-175.060977	-159.863894	-301.248941	0.000000	0.000000	0.000000	0.000000	0.000000	0.000000	0.000000	0.000000	1660178548.845052	0.000000
151.000000	-213.688534	-137.714336	-130.647795	-313.609311	0.000000	0.000000	0.000000	0.000000	0.000000	0.000000	0.000000	0.000000	1660178548.845052	0.000000
152.000000	-283.052458	-197.388180	-177.018815	-343.162000	0.000000	0.000000	0.000000	0.000000	0.000000	0.000000	0.000000	0.000000	1660178548.850444	0.000000
152.000000	-284.376383	-203.798368	-177.635898	-320.980654	0.000000	0.000000	0.000000	0.000000	0.000000	0.000000	0.000000	0.000000	1660178548.850444	0.000000
153.000000	-220.607349	-142.056360	-134.679407	-311.451389	0.000000	0.000000	0.000000	0.000000	0.000000	0.000000	0.000000	0.000000	1660178548.855502	0.000000
153.000000	-252.920084	-174.324217	-157.825648	-330.072350	0.000000	0.000000	0.000000	0.000000	0.000000	0.000000	0.000000	0.000000	1660178548.855502	0.000000
154.000000	-298.524424	-213.451050	-185.153097	-329.855436	0.000000	0.000000	0.000000	0.000000	0.000000	0.000000	0.000000	0.000000	1660178548.860435	0.000000
154.000000	-230.428326	-148.066379	-139.791850	-297.991489	0.000000	0.000000	0.000000	0.000000	0.000000	0.000000	0.000000	0.000000	1660178548.860435	0.000000
155.000000	-220.910281	-151.088218	-141.822616	-316.791966	0.000000	0.000000	0.000000	0.000000	0.000000	0.000000	0.000000	0.000000	1660178548.865484	0.000000
155.000000	-280.815998	-204.770742	-177.699476	-322.091404	0.000000	0.000000	0.000000	0.000000	0.000000	0.000000	0.000000	0.000000	1660178548.865484	0.000000
156.000000	-245.589880	-170.083170	-151.684732	-293.612066	0.000000	0.000000	0.000000	0.000000	0.000000	0.000000	0.000000	0.000000	1660178548.890271	0.000000
156.000000	-202.281839	-124.505009	-115.362824	-297.138791	0.000000	0.000000	0.000000	0.000000	0.000000	0.000000	0.000000	0.000000	1660178548.890271	0.000000
157.000000	-259.921177	-178.643801	-158.569888	-318.228087	0.000000	0.000000	0.000000	0.000000	0.000000	0.000000	0.000000	0.000000	1660178548.895407	0.000000
157.000000	-263.739615	-188.019730	-163.502816	-306.937329	0.000000	0.000000	0.000000	0.000000	0.000000	0.000000	0.000000	0.000000	1660178548.895407	0.000000
158.000000	-198.500800	-124.157199	-118.781093	-296.929357	0.000000	0.000000	0.000000	0.000000	0.000000	0.000000	0.000000	0.000000	1660178548.899154	0.000000
158.000000	-227.791696	-144.087126	-132.349450	-313.635490	0.000000	0.000000	0.000000	0.000000	0.000000	0.000000	0.000000	0.000000	1660178548.899154	0.000000
159.000000	-222.338922	-107.163093	-83.132366	-244.671735	0.000000	0.000000	0.000000	0.000000	0.000000	0.000000	0.000000	0.000000	1660178548.906376	0.000000
159.000000	-173.499569	-71.652743	-70.790696	-262.170727	0.000000	0.000000	0.000000	0.000000	0.000000	0.000000	0.000000	0.000000	1660178548.906376	0.000000
160.000000	-206.373289	-122.055375	-117.569365	-322.603770	0.000000	0.000000	0.000000	0.000000	0.000000	0.000000	0.000000	0.000000	1660178548.937431	0.000000
160.000000	-283.288072	-201.846141	-181.749788	-346.535390	0.000000	0.000000	0.000000	0.000000	0.000000	0.000000	0.000000	0.000000	1660178548.937431	0.000000
161.000000	-244.064001	-170.677814	-154.340061	-318.171989	0.000000	0.000000	0.000000	0.000000	0.000000	0.000000	0.000000	0.000000	1660178548.941369	0.000000
161.000000	-203.478607	-130.313074	-127.285625	-317.869057	0.000000	0.000000	0.000000	0.000000	0.000000	0.000000	0.000000	0.000000	1660178548.941369	0.000000
162.000000	-262.094059	-186.018884	-169.049088	-344.990811	0.000000	0.000000	0.000000	0.000000	0.000000	0.000000	0.000000	0.000000	1660178548.947032	0.000000
162.000000	-265.344032	-195.495790	-172.534675	-327.013112	0.000000	0.000000	0.000000	0.000000	0.000000	0.000000	0.000000	0.000000	1660178548.947032	0.000000
163.000000	-203.287872	-132.557014	-132.005379	-319.933482	0.000000	0.000000	0.000000	0.000000	0.000000	0.000000	0.000000	0.000000	1660178548.953201	0.000000
163.000000	-231.086548	-167.854190	-150.005517	-340.424393	0.000000	0.000000	0.000000	0.000000	0.000000	0.000000	0.000000	0.000000	1660178548.953201	0.000000
164.000000	-273.755067	-207.642985	-179.591866	-340.828303	0.000000	0.000000	0.000000	0.000000	0.000000	0.000000	0.000000	0.000000	1660178548.957765	0.000000
164.000000	-213.034051	-150.990981	-141.437406	-320.513166	0.000000	0.000000	0.000000	0.000000	0.000000	0.000000	0.000000	0.000000	1660178548.957765	0.000000
165.000000	-210.849950	-150.508534	-142.963286	-338.064517	0.000000	0.000000	0.000000	0.000000	0.000000	0.000000	0.000000	0.000000	1660178548.979480	0.000000
165.000000	-270.935182	-205.342947	-179.300154	-353.719738	0.000000	0.000000	0.000000	0.000000	0.000000	0.000000	0.000000	0.000000	1660178548.979480	0.000000
166.000000	-237.212504	-171.350996	-156.928072	-321.033012	0.000000	0.000000	0.000000	0.000000	0.000000	0.000000	0.000000	0.000000	1660178548.984372	0.000000
166.000000	-188.275914	-125.787795	-125.785925	-325.513412	0.000000	0.000000	0.000000	0.000000	0.000000	0.000000	0.000000	0.000000	1660178548.984372	0.000000
167.000000	-244.419292	-183.333636	-161.386033	-346.112781	0.000000	0.000000	0.000000	0.000000	0.000000	0.000000	0.000000	0.000000	1660178548.991033	0.000000
167.000000	-249.584093	-190.383347	-169.651212	-328.681108	0.000000	0.000000	0.000000	0.000000	0.000000	0.000000	0.000000	0.000000	1660178548.991033	0.000000
168.000000	-180.306187	-125.166972	-124.117930	-314.978114	0.000000	0.000000	0.000000	0.000000	0.000000	0.000000	0.000000	0.000000	1660178548.997147	0.000000
168.000000	-217.275098	-166.189934	-149.332335	-335.147395	0.000000	0.000000	0.000000	0.000000	0.000000	0.000000	0.000000	0.000000	1660178548.997147	0.000000
169.000000	-257.004055	-199.923832	-179.315113	-336.643355	0.000000	0.000000	0.000000	0.000000	0.000000	0.000000	0.000000	0.000000	1660178549.026835	0.000000
169.000000	-208.699507	-147.355798	-136.467079	-314.301192	0.000000	0.000000	0.000000	0.000000	0.000000	0.000000	0.000000	0.000000	1660178549.026835	0.000000
170.000000	-200.348311	-143.496221	-137.308557	-329.769418	0.000000	0.000000	0.000000	0.000000	0.000000	0.000000	0.000000	0.000000	1660178549.032376	0.000000
170.000000	-266.862431	-206.625733	-181.682470	-338.475906	0.000000	0.000000	0.000000	0.000000	0.000000	0.000000	0.000000	0.000000	1660178549.032376	0.000000
171.000000	-222.937306	-169.196814	-153.880054	-318.766633	0.000000	0.000000	0.000000	0.000000	0.000000	0.000000	0.000000	0.000000	1660178549.038052	0.000000
171.000000	-181.768488	-128.626379	-124.832251	-318.407602	0.000000	0.000000	0.000000	0.000000	0.000000	0.000000	0.000000	0.000000	1660178549.038052	0.000000
172.000000	-239.755636	-184.507964	-161.655306	-340.353335	0.000000	0.000000	0.000000	0.000000	0.000000	0.000000	0.000000	0.000000	1660178549.041882	0.000000
172.000000	-240.986063	-184.365848	-163.704771	-326.949534	0.000000	0.000000	0.000000	0.000000	0.000000	0.000000	0.000000	0.000000	1660178549.041882	0.000000
173.000000	-180.276268	-127.459530	-119.581431	-317.237014	0.000000	0.000000	0.000000	0.000000	0.000000	0.000000	0.000000	0.000000	1660178549.046121	0.000000
173.000000	-213.262185	-159.461854	-146.044963	-335.846756	0.000000	0.000000	0.000000	0.000000	0.000000	0.000000	0.000000	0.000000	1660178549.046121	0.000000
174.000000	-261.850965	-203.570234	-180.463263	-337.511011	0.000000	0.000000	0.000000	0.000000	0.000000	0.000000	0.000000	0.000000	1660178549.086794	0.000000
174.000000	-196.705648	-138.772728	-126.152435	-309.798353	0.000000	0.000000	0.000000	0.000000	0.000000	0.000000	0.000000	0.000000	1660178549.086794	0.000000
175.000000	-196.870204	-142.796860	-130.943247	-327.847110	0.000000	0.000000	0.000000	0.000000	0.000000	0.000000	0.000000	0.000000	1660178549.091519	0.000000
175.000000	-252.258122	-200.537176	-170.298214	-339.104209	0.000000	0.000000	0.000000	0.000000	0.000000	0.000000	0.000000	0.000000	1660178549.091519	0.000000
176.000000	-213.860569	-166.002939	-150.689919	-309.850711	0.000000	0.000000	0.000000	0.000000	0.000000	0.000000	0.000000	0.000000	1660178549.095887	0.000000
176.000000	-174.741216	-120.955844	-110.538353	-306.327726	0.000000	0.000000	0.000000	0.000000	0.000000	0.000000	0.000000	0.000000	1660178549.095887	0.000000
177.000000	-228.610735	-179.451620	-152.660846	-326.803678	0.000000	0.000000	0.000000	0.000000	0.000000	0.000000	0.000000	0.000000	1660178549.099808	0.000000
177.000000	-231.546556	-180.562370	-155.099261	-318.258006	0.000000	0.000000	0.000000	0.000000	0.000000	0.000000	0.000000	0.000000	1660178549.099808	0.000000
178.000000	-173.690304	-121.221377	-118.668896	-302.535467	0.000000	0.000000	0.000000	0.000000	0.000000	0.000000	0.000000	0.000000	1660178549.114155	0.000000
178.000000	-205.849703	-156.256760	-143.823463	-330.494959	0.000000	0.000000	0.000000	0.000000	0.000000	0.000000	0.000000	0.000000	1660178549.114155	0.000000
179.000000	-244.512789	-193.364047	-167.231496	-322.461654	0.000000	0.000000	0.000000	0.000000	0.000000	0.000000	0.000000	0.000000	1660178549.131441	0.000000
179.000000	-183.391604	-127.164078	-128.878822	-300.037214	0.000000	0.000000	0.000000	0.000000	0.000000	0.000000	0.000000	0.000000	1660178549.131441	0.000000
180.000000	-177.486302	-132.456037	-126.126256	-324.365263	0.000000	0.000000	0.000000	0.000000	0.000000	0.000000	0.000000	0.000000	1660178549.137528	0.000000
180.000000	-241.232897	-191.363201	-169.643732	-336.202046	0.000000	0.000000	0.000000	0.000000	0.000000	0.000000	0.000000	0.000000	1660178549.137528	0.000000
181.000000	-203.486087	-157.599384	-142.376121	-309.241108	0.000000	0.000000	0.000000	0.000000	0.000000	0.000000	0.000000	0.000000	1660178549.141915	0.000000
181.000000	-170.025202	-115.499330	-114.831758	-313.545732	0.000000	0.000000	0.000000	0.000000	0.000000	0.000000	0.000000	0.000000	1660178549.141915	0.000000
182.000000	-227.522424	-173.953967	-154.242824	-334.171281	0.000000	0.000000	0.000000	0.000000	0.000000	0.000000	0.000000	0.000000	1660178549.148030	0.000000
182.000000	-231.011750	-177.806064	-158.453951	-316.399276	0.000000	0.000000	0.000000	0.000000	0.000000	0.000000	0.000000	0.000000	1660178549.148030	0.000000
183.000000	-172.508495	-117.346841	-116.424956	-302.838399	0.000000	0.000000	0.000000	0.000000	0.000000	0.000000	0.000000	0.000000	1660178549.160169	0.000000
183.000000	-210.004732	-154.293313	-142.525717	-331.138222	0.000000	0.000000	0.000000	0.000000	0.000000	0.000000	0.000000	0.000000	1660178549.160169	0.000000
184.000000	-254.659138	-192.933959	-170.384232	-321.234967	0.000000	0.000000	0.000000	0.000000	0.000000	0.000000	0.000000	0.000000	1660178549.164803	0.000000
184.000000	-191.854998	-135.227303	-126.492766	-302.079199	0.000000	0.000000	0.000000	0.000000	0.000000	0.000000	0.000000	0.000000	1660178549.164803	0.000000
185.000000	-192.647857	-134.651358	-129.357530	-321.335944	0.000000	0.000000	0.000000	0.000000	0.000000	0.000000	0.000000	0.000000	1660178549.169023	0.000000
185.000000	-254.804994	-197.803309	-173.783801	-332.978253	0.000000	0.000000	0.000000	0.000000	0.000000	0.000000	0.000000	0.000000	1660178549.169023	0.000000
186.000000	-217.196560	-153.934282	-144.448026	-314.918276	0.000000	0.000000	0.000000	0.000000	0.000000	0.000000	0.000000	0.000000	1660178549.174017	0.000000
186.000000	-180.979369	-126.371220	-121.058692	-318.160769	0.000000	0.000000	0.000000	0.000000	0.000000	0.000000	0.000000	0.000000	1660178549.174017	0.000000
187.000000	-244.187418	-184.713659	-163.816968	-340.914320	0.000000	0.000000	0.000000	0.000000	0.000000	0.000000	0.000000	0.000000	1660178549.206072	0.000000
187.000000	-240.492397	-180.427733	-164.224617	-327.847110	0.000000	0.000000	0.000000	0.000000	0.000000	0.000000	0.000000	0.000000	1660178549.206072	0.000000
188.000000	-183.724455	-120.925925	-119.925502	-321.021792	0.000000	0.000000	0.000000	0.000000	0.000000	0.000000	0.000000	0.000000	1660178549.212136	0.000000
188.000000	-215.524825	-160.299592	-144.750958	-339.934467	0.000000	0.000000	0.000000	0.000000	0.000000	0.000000	0.000000	0.000000	1660178549.212136	0.000000
189.000000	-261.918284	-198.828041	-176.024001	-340.551550	0.000000	0.000000	0.000000	0.000000	0.000000	0.000000	0.000000	0.000000	1660178549.218411	0.000000
189.000000	-198.085671	-140.829673	-131.575290	-319.664209	0.000000	0.000000	0.000000	0.000000	0.000000	0.000000	0.000000	0.000000	1660178549.218411	0.000000
190.000000	-199.555452	-142.142378	-137.757345	-343.872581	0.000000	0.000000	0.000000	0.000000	0.000000	0.000000	0.000000	0.000000	1660178549.224008	0.000000
190.000000	-260.164270	-202.227610	-174.281208	-352.990457	0.000000	0.000000	0.000000	0.000000	0.000000	0.000000	0.000000	0.000000	1660178549.224008	0.000000
191.000000	-228.494798	-171.407095	-155.963178	-338.307610	0.000000	0.000000	0.000000	0.000000	0.000000	0.000000	0.000000	0.000000	1660178549.229224	0.000000
191.000000	-181.413197	-128.989149	-126.601223	-334.328357	0.000000	0.000000	0.000000	0.000000	0.000000	0.000000	0.000000	0.000000	1660178549.229224	0.000000
192.000000	-238.973997	-182.219146	-166.184324	-356.588241	0.000000	0.000000	0.000000	0.000000	0.000000	0.000000	0.000000	0.000000	1660178549.234789	0.000000
192.000000	-250.429311	-187.630781	-169.793328	-342.204586	0.000000	0.000000	0.000000	0.000000	0.000000	0.000000	0.000000	0.000000	1660178549.234789	0.000000
193.000000	-184.457476	-126.816268	-124.061831	-334.575190	0.000000	0.000000	0.000000	0.000000	0.000000	0.000000	0.000000	0.000000	1660178549.249727	0.000000
193.000000	-220.577429	-163.938515	-151.131227	-357.018330	0.000000	0.000000	0.000000	0.000000	0.000000	0.000000	0.000000	0.000000	1660178549.249727	0.000000
194.000000	-264.147264	-206.592074	-180.751235	-350.260330	0.000000	0.000000	0.000000	0.000000	0.000000	0.000000	0.000000	0.000000	1660178549.254738	0.000000
194.000000	-200.337091	-148.144917	-143.875821	-338.502085	0.000000	0.000000	0.000000	0.000000	0.000000	0.000000	0.000000	0.000000	1660178549.254738	0.000000
195.000000	-200.438068	-148.260854	-141.276591	-352.006864	0.000000	0.000000	0.000000	0.000000	0.000000	0.000000	0.000000	0.000000	1660178549.264039	0.000000
195.000000	-264.637191	-201.782562	-179.434790	-360.589934	0.000000	0.000000	0.000000	0.000000	0.000000	0.000000	0.000000	0.000000	1660178549.264039	0.000000
196.000000	-224.003178	-167.880369	-154.104448	-336.183347	0.000000	0.000000	0.000000	0.000000	0.000000	0.000000	0.000000	0.000000	1660178549.280023	0.000000
196.000000	-184.068526	-127.388472	-123.886056	-341.879215	0.000000	0.000000	0.000000	0.000000	0.000000	0.000000	0.000000	0.000000	1660178549.280023	0.000000
197.000000	-244.030342	-186.045063	-168.719977	-362.007356	0.000000	0.000000	0.000000	0.000000	0.000000	0.000000	0.000000	0.000000	1660178549.286012	0.000000
197.000000	-246.109726	-183.917060	-168.510542	-347.705979	0.000000	0.000000	0.000000	0.000000	0.000000	0.000000	0.000000	0.000000	1660178549.286012	0.000000
198.000000	-184.386418	-133.521908	-123.235313	-334.324617	0.000000	0.000000	0.000000	0.000000	0.000000	0.000000	0.000000	0.000000	1660178549.294229	0.000000
198.000000	-226.819322	-163.227934	-153.405086	-359.034136	0.000000	0.000000	0.000000	0.000000	0.000000	0.000000	0.000000	0.000000	1660178549.294229	0.000000
199.000000	-266.563239	-208.091773	-180.971889	-358.742423	0.000000	0.000000	0.000000	0.000000	0.000000	0.000000	0.000000	0.000000	1660178549.309249	0.000000
199.000000	-201.122470	-147.901824	-135.423647	-338.625502	0.000000	0.000000	0.000000	0.000000	0.000000	0.000000	0.000000	0.000000	1660178549.309249	0.000000
200.000000	-208.018845	-151.589365	-141.265371	-360.350580	0.000000	0.000000	0.000000	0.000000	0.000000	0.000000	0.000000	0.000000	1660178549.313444	0.000000
200.000000	-265.366471	-203.214944	-180.366025	-363.873566	0.000000	0.000000	0.000000	0.000000	0.000000	0.000000	0.000000	0.000000	1660178549.313444	0.000000
0.000000	-225.377591	-164.533159	-148.993874	-337.114582	0.000000	0.000000	0.000000	0.000000	0.000000	0.000000	0.000000	0.000000	1660178549.325039	0.000000
101.000000	-189.302516	-129.026548	-128.375806	-350.271550	0.000000	0.000000	0.000000	0.000000	0.000000	0.000000	0.000000	0.000000	1660178549.328766	0.000000
101.000000	-246.601523	-188.715352	-170.068211	-365.017976	0.000000	0.000000	0.000000	0.000000	0.000000	0.000000	0.000000	0.000000	1660178549.328766	0.000000
102.000000	-254.129942	-188.169326	-169.316491	-351.475798	0.000000	0.000000	0.000000	0.000000	0.000000	0.000000	0.000000	0.000000	1660178549.355719	0.000000
102.000000	-180.076183	-125.675598	-123.416699	-337.387595	0.000000	0.000000	0.000000	0.000000	0.000000	0.000000	0.000000	0.000000	1660178549.355719	0.000000
103.000000	-217.127372	-164.290065	-152.367264	-366.267102	0.000000	0.000000	0.000000	0.000000	0.000000	0.000000	0.000000	0.000000	1660178549.361101	0.000000
103.000000	-255.102316	-204.725863	-179.653574	-364.187718	0.000000	0.000000	0.000000	0.000000	0.000000	0.000000	0.000000	0.000000	1660178549.361101	0.000000
104.000000	-191.583855	-141.873105	-133.031981	-337.395075	0.000000	0.000000	0.000000	0.000000	0.000000	0.000000	0.000000	0.000000	1660178549.366031	0.000000
104.000000	-194.841308	-147.396937	-143.342886	-361.782962	0.000000	0.000000	0.000000	0.000000	0.000000	0.000000	0.000000	0.000000	1660178549.366031	0.000000
105.000000	-261.190873	-204.120000	-182.944686	-373.945117	0.000000	0.000000	0.000000	0.000000	0.000000	0.000000	0.000000	0.000000	1660178549.401450	0.000000
105.000000	-228.829519	-168.168341	-163.927295	-350.970911	0.000000	0.000000	0.000000	0.000000	0.000000	0.000000	0.000000	0.000000	1660178549.401450	0.000000
106.000000	-184.500485	-132.209203	-131.809034	-351.505717	0.000000	0.000000	0.000000	0.000000	0.000000	0.000000	0.000000	0.000000	1660178549.407019	0.000000
106.000000	-244.724094	-186.785563	-168.961200	-379.480169	0.000000	0.000000	0.000000	0.000000	0.000000	0.000000	0.000000	0.000000	1660178549.407019	0.000000
107.000000	-250.995906	-188.535837	-179.388041	-367.273135	0.000000	0.000000	0.000000	0.000000	0.000000	0.000000	0.000000	0.000000	1660178549.413025	0.000000
107.000000	-187.189473	-129.624932	-131.966110	-351.700192	0.000000	0.000000	0.000000	0.000000	0.000000	0.000000	0.000000	0.000000	1660178549.413025	0.000000
108.000000	-219.692943	-165.397076	-156.271720	-376.813620	0.000000	0.000000	0.000000	0.000000	0.000000	0.000000	0.000000	0.000000	1660178549.418252	0.000000
108.000000	-265.046710	-203.835767	-183.748765	-372.093866	0.000000	0.000000	0.000000	0.000000	0.000000	0.000000	0.000000	0.000000	1660178549.418252	0.000000
109.000000	-200.989703	-149.592258	-140.220069	-352.676306	0.000000	0.000000	0.000000	0.000000	0.000000	0.000000	0.000000	0.000000	1660178549.422043	0.000000
109.000000	-206.995983	-156.574652	-150.882524	-380.254328	0.000000	0.000000	0.000000	0.000000	0.000000	0.000000	0.000000	0.000000	1660178549.422043	0.000000
110.000000	-260.237199	-202.769896	-179.440400	-382.034520	0.000000	0.000000	0.000000	0.000000	0.000000	0.000000	0.000000	0.000000	1660178549.426691	0.000000
110.000000	-227.251281	-169.114536	-152.973128	-357.747610	0.000000	0.000000	0.000000	0.000000	0.000000	0.000000	0.000000	0.000000	1660178549.426691	0.000000
111.000000	-192.159800	-135.814467	-136.775621	-368.731696	0.000000	0.000000	0.000000	0.000000	0.000000	0.000000	0.000000	0.000000	1660178549.445078	0.000000
111.000000	-244.136929	-193.427626	-173.366802	-380.400184	0.000000	0.000000	0.000000	0.000000	0.000000	0.000000	0.000000	0.000000	1660178549.445078	0.000000
112.000000	-240.744840	-190.731158	-178.640061	-367.243216	0.000000	0.000000	0.000000	0.000000	0.000000	0.000000	0.000000	0.000000	1660178549.450028	0.000000
112.000000	-192.631027	-134.056714	-135.990242	-358.338514	0.000000	0.000000	0.000000	0.000000	0.000000	0.000000	0.000000	0.000000	1660178549.450028	0.000000
113.000000	-232.950888	-172.899315	-161.043832	-380.000015	0.000000	0.000000	0.000000	0.000000	0.000000	0.000000	0.000000	0.000000	1660178549.454268	0.000000
113.000000	-271.284863	-209.419438	-186.351735	-374.689357	0.000000	0.000000	0.000000	0.000000	0.000000	0.000000	0.000000	0.000000	1660178549.454268	0.000000
114.000000	-207.571927	-153.003047	-147.198722	-356.064655	0.000000	0.000000	0.000000	0.000000	0.000000	0.000000	0.000000	0.000000	1660178549.461075	0.000000
114.000000	-211.180931	-157.872397	-144.296560	-372.273381	0.000000	0.000000	0.000000	0.000000	0.000000	0.000000	0.000000	0.000000	1660178549.461075	0.000000
115.000000	-270.233951	-211.880292	-183.150381	-379.252035	0.000000	0.000000	0.000000	0.000000	0.000000	0.000000	0.000000	0.000000	1660178549.490065	0.000000
115.000000	-232.711535	-174.559830	-159.162662	-354.707071	0.000000	0.000000	0.000000	0.000000	0.000000	0.000000	0.000000	0.000000	1660178549.490065	0.000000
116.000000	-190.256191	-133.499469	-134.157691	-353.278430	0.000000	0.000000	0.000000	0.000000	0.000000	0.000000	0.000000	0.000000	1660178549.496047	0.000000
116.000000	-249.903855	-194.889927	-171.508072	-377.187610	0.000000	0.000000	0.000000	0.000000	0.000000	0.000000	0.000000	0.000000	1660178549.496047	0.000000
117.000000	-253.913028	-194.968464	-179.444140	-362.590781	0.000000	0.000000	0.000000	0.000000	0.000000	0.000000	0.000000	0.000000	1660178549.500504	0.000000
117.000000	-189.590488	-132.822547	-133.693944	-352.818422	0.000000	0.000000	0.000000	0.000000	0.000000	0.000000	0.000000	0.000000	1660178549.500504	0.000000
118.000000	-231.353951	-172.345810	-161.862870	-379.693343	0.000000	0.000000	0.000000	0.000000	0.000000	0.000000	0.000000	0.000000	1660178549.504259	0.000000
118.000000	-267.503824	-205.346687	-181.183193	-365.391966	0.000000	0.000000	0.000000	0.000000	0.000000	0.000000	0.000000	0.000000	1660178549.504259	0.000000
119.000000	-203.588934	-144.289080	-143.492481	-350.525863	0.000000	0.000000	0.000000	0.000000	0.000000	0.000000	0.000000	0.000000	1660178549.511031	0.000000
119.000000	-205.058715	-147.325879	-146.734975	-371.214990	0.000000	0.000000	0.000000	0.000000	0.000000	0.000000	0.000000	0.000000	1660178549.511031	0.000000
120.000000	-267.182193	-207.930958	-187.223132	-385.961415	0.000000	0.000000	0.000000	0.000000	0.000000	0.000000	0.000000	0.000000	1660178549.536428	0.000000
120.000000	-225.792720	-166.466687	-161.619777	-360.118707	0.000000	0.000000	0.000000	0.000000	0.000000	0.000000	0.000000	0.000000	1660178549.536428	0.000000
121.000000	-184.534144	-128.289788	-130.002662	-359.778376	0.000000	0.000000	0.000000	0.000000	0.000000	0.000000	0.000000	0.000000	1660178549.539885	0.000000
121.000000	-252.529265	-191.853128	-175.210573	-385.520107	0.000000	0.000000	0.000000	0.000000	0.000000	0.000000	0.000000	0.000000	1660178549.539885	0.000000
122.000000	-260.955259	-186.333035	-169.267872	-371.405725	0.000000	0.000000	0.000000	0.000000	0.000000	0.000000	0.000000	0.000000	1660178549.546137	0.000000
122.000000	-196.501823	-130.305594	-132.710350	-364.378453	0.000000	0.000000	0.000000	0.000000	0.000000	0.000000	0.000000	0.000000	1660178549.546137	0.000000
123.000000	-236.903963	-172.005479	-161.167249	-389.981808	0.000000	0.000000	0.000000	0.000000	0.000000	0.000000	0.000000	0.000000	1660178549.581601	0.000000
123.000000	-285.171112	-211.450204	-187.817776	-390.142623	0.000000	0.000000	0.000000	0.000000	0.000000	0.000000	0.000000	0.000000	1660178549.581601	0.000000
124.000000	-223.339346	-148.833059	-148.971435	-368.466163	0.000000	0.000000	0.000000	0.000000	0.000000	0.000000	0.000000	0.000000	1660178549.587041	0.000000
124.000000	-214.468303	-144.176883	-143.791673	-387.707949	0.000000	0.000000	0.000000	0.000000	0.000000	0.000000	0.000000	0.000000	1660178549.587041	0.000000
125.000000	-283.174005	-210.672304	-189.762524	-400.060838	0.000000	0.000000	0.000000	0.000000	0.000000	0.000000	0.000000	0.000000	1660178549.591401	0.000000
125.000000	-249.204494	-176.328803	-170.767572	-378.343239	0.000000	0.000000	0.000000	0.000000	0.000000	0.000000	0.000000	0.000000	1660178549.591401	0.000000
126.000000	-208.016975	-139.270134	-141.809527	-385.041400	0.000000	0.000000	0.000000	0.000000	0.000000	0.000000	0.000000	0.000000	1660178549.596392	0.000000
126.000000	-267.249511	-192.791843	-173.505179	-405.633289	0.000000	0.000000	0.000000	0.000000	0.000000	0.000000	0.000000	0.000000	1660178549.596392	0.000000
127.000000	-273.562462	-197.302162	-180.962539	-392.409003	0.000000	0.000000	0.000000	0.000000	0.000000	0.000000	0.000000	0.000000	1660178549.602259	0.000000
127.000000	-205.948811	-133.484509	-137.194490	-377.976729	0.000000	0.000000	0.000000	0.000000	0.000000	0.000000	0.000000	0.000000	1660178549.602259	0.000000
128.000000	-255.154674	-172.873136	-163.134436	-404.926448	0.000000	0.000000	0.000000	0.000000	0.000000	0.000000	0.000000	0.000000	1660178549.608017	0.000000
128.000000	-295.339900	-211.427764	-197.085248	-410.936467	0.000000	0.000000	0.000000	0.000000	0.000000	0.000000	0.000000	0.000000	1660178549.608017	0.000000
129.000000	-225.385071	-148.687203	-150.093405	-384.955382	0.000000	0.000000	0.000000	0.000000	0.000000	0.000000	0.000000	0.000000	1660178549.643135	0.000000
129.000000	-233.096745	-156.570912	-156.907503	-405.292958	0.000000	0.000000	0.000000	0.000000	0.000000	0.000000	0.000000	0.000000	1660178549.643135	0.000000
130.000000	-288.125632	-208.731296	-190.600261	-409.859376	0.000000	0.000000	0.000000	0.000000	0.000000	0.000000	0.000000	0.000000	1660178549.649023	0.000000
130.000000	-251.055744	-177.005725	-172.293451	-389.173989	0.000000	0.000000	0.000000	0.000000	0.000000	0.000000	0.000000	0.000000	1660178549.649023	0.000000
131.000000	-205.918892	-134.976729	-138.750288	-384.529034	0.000000	0.000000	0.000000	0.000000	0.000000	0.000000	0.000000	0.000000	1660178549.654375	0.000000
131.000000	-266.037783	-197.922985	-182.282724	-405.868903	0.000000	0.000000	0.000000	0.000000	0.000000	0.000000	0.000000	0.000000	1660178549.654375	0.000000
132.000000	-261.497545	-191.961585	-176.295144	-387.816406	0.000000	0.000000	0.000000	0.000000	0.000000	0.000000	0.000000	0.000000	1660178549.658698	0.000000
132.000000	-208.966910	-138.181824	-141.356999	-385.314413	0.000000	0.000000	0.000000	0.000000	0.000000	0.000000	0.000000	0.000000	1660178549.658698	0.000000
133.000000	-243.044878	-175.726679	-162.139623	-409.059037	0.000000	0.000000	0.000000	0.000000	0.000000	0.000000	0.000000	0.000000	1660178549.688020	0.000000
133.000000	-284.123940	-211.248249	-193.214451	-401.762493	0.000000	0.000000	0.000000	0.000000	0.000000	0.000000	0.000000	0.000000	1660178549.688020	0.000000
134.000000	-220.238968	-151.155537	-149.947549	-384.095205	0.000000	0.000000	0.000000	0.000000	0.000000	0.000000	0.000000	0.000000	1660178549.691988	0.000000
134.000000	-223.167310	-154.416729	-149.001354	-400.719061	0.000000	0.000000	0.000000	0.000000	0.000000	0.000000	0.000000	0.000000	1660178549.691988	0.000000
135.000000	-287.706764	-215.642631	-197.814528	-411.329157	0.000000	0.000000	0.000000	0.000000	0.000000	0.000000	0.000000	0.000000	1660178549.696667	0.000000
135.000000	-249.114736	-173.202247	-166.717260	-381.638091	0.000000	0.000000	0.000000	0.000000	0.000000	0.000000	0.000000	0.000000	1660178549.696667	0.000000
136.000000	-204.512689	-134.105333	-143.451343	-386.541100	0.000000	0.000000	0.000000	0.000000	0.000000	0.000000	0.000000	0.000000	1660178549.701403	0.000000
136.000000	-267.702039	-193.685679	-188.038430	-408.677568	0.000000	0.000000	0.000000	0.000000	0.000000	0.000000	0.000000	0.000000	1660178549.701403	0.000000
137.000000	-267.694559	-196.890773	-185.757091	-398.089911	0.000000	0.000000	0.000000	0.000000	0.000000	0.000000	0.000000	0.000000	1660178549.716188	0.000000
137.000000	-208.963170	-135.814467	-141.996522	-381.342639	0.000000	0.000000	0.000000	0.000000	0.000000	0.000000	0.000000	0.000000	1660178549.716188	0.000000
138.000000	-253.800831	-177.761185	-170.337483	-403.015359	0.000000	0.000000	0.000000	0.000000	0.000000	0.000000	0.000000	0.000000	1660178549.720596	0.000000
138.000000	-287.916198	-213.596906	-197.395660	-400.217914	0.000000	0.000000	0.000000	0.000000	0.000000	0.000000	0.000000	0.000000	1660178549.720596	0.000000
139.000000	-229.379284	-161.735713	-159.241200	-377.744855	0.000000	0.000000	0.000000	0.000000	0.000000	0.000000	0.000000	0.000000	1660178549.727066	0.000000
139.000000	-229.087572	-162.292959	-160.883016	-394.450988	0.000000	0.000000	0.000000	0.000000	0.000000	0.000000	0.000000	0.000000	1660178549.727066	0.000000
140.000000	-286.936344	-209.857006	-194.269103	-401.927048	0.000000	0.000000	0.000000	0.000000	0.000000	0.000000	0.000000	0.000000	1660178549.731542	0.000000
140.000000	-245.625409	-173.004032	-162.954921	-371.603939	0.000000	0.000000	0.000000	0.000000	0.000000	0.000000	0.000000	0.000000	1660178549.731542	0.000000
141.000000	-207.059561	-135.560154	-135.597553	-385.516367	0.000000	0.000000	0.000000	0.000000	0.000000	0.000000	0.000000	0.000000	1660178549.734808	0.000000
141.000000	-263.498391	-193.233151	-178.307210	-397.790719	0.000000	0.000000	0.000000	0.000000	0.000000	0.000000	0.000000	0.000000	1660178549.734808	0.000000
142.000000	-268.554736	-195.439692	-182.712812	-379.035121	0.000000	0.000000	0.000000	0.000000	0.000000	0.000000	0.000000	0.000000	1660178549.761436	0.000000
142.000000	-206.614513	-135.720969	-137.228149	-376.873458	0.000000	0.000000	0.000000	0.000000	0.000000	0.000000	0.000000	0.000000	1660178549.761436	0.000000
143.000000	-238.646756	-174.799184	-165.400815	-395.640276	0.000000	0.000000	0.000000	0.000000	0.000000	0.000000	0.000000	0.000000	1660178549.767345	0.000000
143.000000	-281.592027	-216.768341	-194.437399	-391.122477	0.000000	0.000000	0.000000	0.000000	0.000000	0.000000	0.000000	0.000000	1660178549.767345	0.000000
144.000000	-209.501716	-150.280400	-148.126218	-355.170819	0.000000	0.000000	0.000000	0.000000	0.000000	0.000000	0.000000	0.000000	1660178549.772487	0.000000
144.000000	-218.821546	-152.348565	-148.227195	-372.793228	0.000000	0.000000	0.000000	0.000000	0.000000	0.000000	0.000000	0.000000	1660178549.772487	0.000000
145.000000	-280.447618	-209.677491	-191.681092	-387.969742	0.000000	0.000000	0.000000	0.000000	0.000000	0.000000	0.000000	0.000000	1660178549.775692	0.000000
145.000000	-238.070811	-174.773005	-166.874336	-355.219438	0.000000	0.000000	0.000000	0.000000	0.000000	0.000000	0.000000	0.000000	1660178549.775692	0.000000
146.000000	-195.877260	-139.883478	-135.406818	-356.868734	0.000000	0.000000	0.000000	0.000000	0.000000	0.000000	0.000000	0.000000	1660178549.779759	0.000000
146.000000	-261.564863	-200.327741	-178.153874	-373.212096	0.000000	0.000000	0.000000	0.000000	0.000000	0.000000	0.000000	0.000000	1660178549.779759	0.000000
147.000000	-258.165294	-197.219884	-179.657314	-353.162493	0.000000	0.000000	0.000000	0.000000	0.000000	0.000000	0.000000	0.000000	1660178549.805139	0.000000
147.000000	-192.485171	-132.063347	-134.666318	-337.810203	0.000000	0.000000	0.000000	0.000000	0.000000	0.000000	0.000000	0.000000	1660178549.805139	0.000000
148.000000	-230.639630	-171.515552	-158.665256	-356.094574	0.000000	0.000000	0.000000	0.000000	0.000000	0.000000	0.000000	0.000000	1660178549.809361	0.000000
148.000000	-269.373774	-207.411112	-175.846356	-343.337776	0.000000	0.000000	0.000000	0.000000	0.000000	0.000000	0.000000	0.000000	1660178549.809361	0.000000
149.000000	-214.258868	-147.381977	-142.527587	-329.960153	0.000000	0.000000	0.000000	0.000000	0.000000	0.000000	0.000000	0.000000	1660178549.815014	0.000000
149.000000	-213.462270	-154.297052	-142.426610	-335.147395	0.000000	0.000000	0.000000	0.000000	0.000000	0.000000	0.000000	0.000000	1660178549.815014	0.000000
150.000000	-275.125740	-204.146179	-184.616421	-346.101562	0.000000	0.000000	0.000000	0.000000	0.000000	0.000000	0.000000	0.000000	1660178549.819654	0.000000
150.000000	-232.692835	-172.342070	-152.655236	-318.179469	0.000000	0.000000	0.000000	0.000000	0.000000	0.000000	0.000000	0.000000	1660178549.819654	0.000000
151.000000	-194.126987	-135.986502	-128.379546	-320.404709	0.000000	0.000000	0.000000	0.000000	0.000000	0.000000	0.000000	0.000000	1660178549.835068	0.000000
151.000000	-253.224886	-192.649727	-170.296344	-339.328603	0.000000	0.000000	0.000000	0.000000	0.000000	0.000000	0.000000	0.000000	1660178549.835068	0.000000
152.000000	-253.183747	-189.440892	-172.312151	-317.061238	0.000000	0.000000	0.000000	0.000000	0.000000	0.000000	0.000000	0.000000	1660178549.839151	0.000000
152.000000	-188.206725	-131.771635	-124.366633	-304.771927	0.000000	0.000000	0.000000	0.000000	0.000000	0.000000	0.000000	0.000000	1660178549.839151	0.000000
153.000000	-230.534913	-168.351597	-155.303086	-333.019392	0.000000	0.000000	0.000000	0.000000	0.000000	0.000000	0.000000	0.000000	1660178549.847574	0.000000
153.000000	-259.261085	-200.024809	-171.403355	-317.020100	0.000000	0.000000	0.000000	0.000000	0.000000	0.000000	0.000000	0.000000	1660178549.847574	0.000000
154.000000	-205.440184	-141.181223	-135.750889	-295.332420	0.000000	0.000000	0.000000	0.000000	0.000000	0.000000	0.000000	0.000000	1660178549.864510	0.000000
154.000000	-202.036875	-143.814113	-137.302947	-315.501700	0.000000	0.000000	0.000000	0.000000	0.000000	0.000000	0.000000	0.000000	1660178549.864510	0.000000
155.000000	-256.770311	-203.667472	-172.435567	-319.630550	0.000000	0.000000	0.000000	0.000000	0.000000	0.000000	0.000000	0.000000	1660178549.870025	0.000000
155.000000	-216.211096	-160.355690	-141.682370	-289.685171	0.000000	0.000000	0.000000	0.000000	0.000000	0.000000	0.000000	0.000000	1660178549.870025	0.000000
156.000000	-179.586256	-124.131019	-114.646633	-299.393951	0.000000	0.000000	0.000000	0.000000	0.000000	0.000000	0.000000	0.000000	1660178549.894916	0.000000
156.000000	-238.553259	-183.053143	-160.135036	-321.025532	0.000000	0.000000	0.000000	0.000000	0.000000	0.000000	0.000000	0.000000	1660178549.894916	0.000000
157.000000	-240.400769	-176.792551	-157.049619	-298.275721	0.000000	0.000000	0.000000	0.000000	0.000000	0.000000	0.000000	0.000000	1660178549.900157	0.000000
157.000000	-177.469473	-126.330081	-118.184578	-289.629072	0.000000	0.000000	0.000000	0.000000	0.000000	0.000000	0.000000	0.000000	1660178549.900157	0.000000
158.000000	-219.199276	-164.783732	-148.369311	-321.328464	0.000000	0.000000	0.000000	0.000000	0.000000	0.000000	0.000000	0.000000	1660178549.904132	0.000000
158.000000	-261.467626	-202.107934	-181.654421	-316.122524	0.000000	0.000000	0.000000	0.000000	0.000000	0.000000	0.000000	0.000000	1660178549.904132	0.000000
159.000000	-195.061962	-137.381485	-130.107380	-290.291035	0.000000	0.000000	0.000000	0.000000	0.000000	0.000000	0.000000	0.000000	1660178549.910579	0.000000
159.000000	-198.439092	-142.852959	-130.597306	-309.600138	0.000000	0.000000	0.000000	0.000000	0.000000	0.000000	0.000000	0.000000	1660178549.910579	0.000000
160.000000	-256.961046	-201.909719	-170.472120	-315.913089	0.000000	0.000000	0.000000	0.000000	0.000000	0.000000	0.000000	0.000000	1660178549.925033	0.000000
160.000000	-209.800908	-160.191135	-143.398984	-291.308287	0.000000	0.000000	0.000000	0.000000	0.000000	0.000000	0.000000	0.000000	1660178549.925033	0.000000
161.000000	-175.700500	-128.532882	-123.233443	-297.430504	0.000000	0.000000	0.000000	0.000000	0.000000	0.000000	0.000000	0.000000	1660178549.931028	0.000000
161.000000	-238.979607	-186.247018	-160.430488	-310.987641	0.000000	0.000000	0.000000	0.000000	0.000000	0.000000	0.000000	0.000000	1660178549.931028	0.000000
162.000000	-236.769326	-176.915967	-151.641724	-286.491296	0.000000	0.000000	0.000000	0.000000	0.000000	0.000000	0.000000	0.000000	1660178549.955213	0.000000
162.000000	-178.150134	-125.645679	-113.610681	-281.049742	0.000000	0.000000	0.000000	0.000000	0.000000	0.000000	0.000000	0.000000	1660178549.955213	0.000000
163.000000	-219.730342	-159.854544	-139.135498	-300.923570	0.000000	0.000000	0.000000	0.000000	0.000000	0.000000	0.000000	0.000000	1660178549.960120	0.000000
163.000000	-260.390534	-201.229057	-173.205987	-301.761308	0.000000	0.000000	0.000000	0.000000	0.000000	0.000000	0.000000	0.000000	1660178549.960120	0.000000
164.000000	-191.722231	-138.697930	-129.400538	-276.255190	0.000000	0.000000	0.000000	0.000000	0.000000	0.000000	0.000000	0.000000	1660178549.965044	0.000000
164.000000	-187.297930	-137.078553	-125.933651	-288.077014	0.000000	0.000000	0.000000	0.000000	0.000000	0.000000	0.000000	0.000000	1660178549.965044	0.000000
165.000000	-256.658114	-200.380100	-171.923201	-301.353659	0.000000	0.000000	0.000000	0.000000	0.000000	0.000000	0.000000	0.000000	1660178549.969359	0.000000
165.000000	-207.964617	-158.706395	-141.970342	-279.916552	0.000000	0.000000	0.000000	0.000000	0.000000	0.000000	0.000000	0.000000	1660178549.969359	0.000000
166.000000	-169.353890	-124.684525	-117.623594	-280.974944	0.000000	0.000000	0.000000	0.000000	0.000000	0.000000	0.000000	0.000000	1660178550.001027	0.000000
166.000000	-230.897683	-180.289357	-160.983994	-305.534867	0.000000	0.000000	0.000000	0.000000	0.000000	0.000000	0.000000	0.000000	1660178550.001027	0.000000
167.000000	-226.824932	-175.004879	-152.097991	-280.810388	0.000000	0.000000	0.000000	0.000000	0.000000	0.000000	0.000000	0.000000	1660178550.006166	0.000000
167.000000	-165.931881	-117.743270	-112.757984	-279.965171	0.000000	0.000000	0.000000	0.000000	0.000000	0.000000	0.000000	0.000000	1660178550.006166	0.000000
168.000000	-207.037122	-163.616883	-146.903270	-305.736821	0.000000	0.000000	0.000000	0.000000	0.000000	0.000000	0.000000	0.000000	1660178550.009694	0.000000
168.000000	-245.677768	-196.464424	-166.885556	-296.229996	0.000000	0.000000	0.000000	0.000000	0.000000	0.000000	0.000000	0.000000	1660178550.009694	0.000000
169.000000	-184.956752	-137.403924	-127.470750	-286.229503	0.000000	0.000000	0.000000	0.000000	0.000000	0.000000	0.000000	0.000000	1660178550.016009	0.000000
169.000000	-178.187533	-139.771281	-122.096514	-300.078353	0.000000	0.000000	0.000000	0.000000	0.000000	0.000000	0.000000	0.000000	1660178550.016009	0.000000
170.000000	-241.332004	-193.939992	-172.218653	-308.489388	0.000000	0.000000	0.000000	0.000000	0.000000	0.000000	0.000000	0.000000	1660178550.020760	0.000000
170.000000	-194.040969	-155.056252	-137.254328	-283.046848	0.000000	0.000000	0.000000	0.000000	0.000000	0.000000	0.000000	0.000000	1660178550.020760	0.000000
171.000000	-163.785179	-119.553382	-118.330435	-292.852866	0.000000	0.000000	0.000000	0.000000	0.000000	0.000000	0.000000	0.000000	1660178550.044790	0.000000
171.000000	-229.446602	-179.313243	-161.470181	-313.085725	0.000000	0.000000	0.000000	0.000000	0.000000	0.000000	0.000000	0.000000	1660178550.044790	0.000000
172.000000	-229.985148	-181.388888	-157.558245	-300.115752	0.000000	0.000000	0.000000	0.000000	0.000000	0.000000	0.000000	0.000000	1660178550.050164	0.000000
172.000000	-164.357383	-118.958738	-110.042816	-289.326140	0.000000	0.000000	0.000000	0.000000	0.000000	0.000000	0.000000	0.000000	1660178550.050164	0.000000
173.000000	-204.333174	-155.654636	-131.898792	-313.190442	0.000000	0.000000	0.000000	0.000000	0.000000	0.000000	0.000000	0.000000	1660178550.055642	0.000000
173.000000	-247.903008	-192.892820	-165.711227	-306.929849	0.000000	0.000000	0.000000	0.000000	0.000000	0.000000	0.000000	0.000000	1660178550.055642	0.000000
174.000000	-178.352089	-130.118599	-117.410419	-283.095467	0.000000	0.000000	0.000000	0.000000	0.000000	0.000000	0.000000	0.000000	1660178550.061097	0.000000
174.000000	-189.818622	-138.428657	-127.818561	-313.033366	0.000000	0.000000	0.000000	0.000000	0.000000	0.000000	0.000000	0.000000	1660178550.061097	0.000000
175.000000	-244.058391	-195.398553	-167.427841	-319.499653	0.000000	0.000000	0.000000	0.000000	0.000000	0.000000	0.000000	0.000000	1660178550.092389	0.000000
175.000000	-204.097560	-161.077491	-144.008588	-300.654297	0.000000	0.000000	0.000000	0.000000	0.000000	0.000000	0.000000	0.000000	1660178550.092389	0.000000
176.000000	-173.497699	-126.752689	-124.000123	-311.286833	0.000000	0.000000	0.000000	0.000000	0.000000	0.000000	0.000000	0.000000	1660178550.097143	0.000000
176.000000	-236.260700	-182.593136	-162.842724	-330.588457	0.000000	0.000000	0.000000	0.000000	0.000000	0.000000	0.000000	0.000000	1660178550.097143	0.000000
177.000000	-234.925556	-187.350288	-160.426748	-320.341131	0.000000	0.000000	0.000000	0.000000	0.000000	0.000000	0.000000	0.000000	1660178550.101035	0.000000
177.000000	-171.938161	-125.148272	-124.729403	-308.500607	0.000000	0.000000	0.000000	0.000000	0.000000	0.000000	0.000000	0.000000	1660178550.101035	0.000000
178.000000	-214.718876	-162.569711	-149.502501	-324.627056	0.000000	0.000000	0.000000	0.000000	0.000000	0.000000	0.000000	0.000000	1660178550.105631	0.000000
178.000000	-254.881662	-200.144486	-177.955660	-324.784132	0.000000	0.000000	0.000000	0.000000	0.000000	0.000000	0.000000	0.000000	1660178550.105631	0.000000
179.000000	-194.553336	-139.969496	-134.494282	-304.068826	0.000000	0.000000	0.000000	0.000000	0.000000	0.000000	0.000000	0.000000	1660178550.110540	0.000000
179.000000	-203.016729	-151.499607	-133.963216	-326.852297	0.000000	0.000000	0.000000	0.000000	0.000000	0.000000	0.000000	0.000000	1660178550.110540	0.000000
180.000000	-259.335883	-203.562755	-174.541131	-328.475413	0.000000	0.000000	0.000000	0.000000	0.000000	0.000000	0.000000	0.000000	1660178550.134174	0.000000
180.000000	-213.765202	-161.530019	-140.799754	-306.084632	0.000000	0.000000	0.000000	0.000000	0.000000	0.000000	0.000000	0.000000	1660178550.134174	0.000000
181.000000	-175.259192	-130.728203	-118.999877	-313.519553	0.000000	0.000000	0.000000	0.000000	0.000000	0.000000	0.000000	0.000000	1660178550.137770	0.000000
181.000000	-240.060438	-183.707626	-159.959261	-331.714166	0.000000	0.000000	0.000000	0.000000	0.000000	0.000000	0.000000	0.000000	1660178550.137770	0.000000
182.000000	-237.625763	-185.708472	-163.863717	-313.239061	0.000000	0.000000	0.000000	0.000000	0.000000	0.000000	0.000000	0.000000	1660178550.142128	0.000000
182.000000	-180.936360	-132.661731	-123.427918	-307.715228	0.000000	0.000000	0.000000	0.000000	0.000000	0.000000	0.000000	0.000000	1660178550.142128	0.000000
183.000000	-215.953043	-165.441954	-147.782147	-324.956167	0.000000	0.000000	0.000000	0.000000	0.000000	0.000000	0.000000	0.000000	1660178550.148701	0.000000
183.000000	-250.034751	-199.355367	-172.618822	-317.625963	0.000000	0.000000	0.000000	0.000000	0.000000	0.000000	0.000000	0.000000	1660178550.148701	0.000000
184.000000	-182.293944	-143.002555	-138.918584	-302.868318	0.000000	0.000000	0.000000	0.000000	0.000000	0.000000	0.000000	0.000000	1660178550.181055	0.000000
184.000000	-194.089588	-145.403570	-138.671750	-325.580731	0.000000	0.000000	0.000000	0.000000	0.000000	0.000000	0.000000	0.000000	1660178550.181055	0.000000
185.000000	-247.166248	-202.964371	-174.638368	-323.389149	0.000000	0.000000	0.000000	0.000000	0.000000	0.000000	0.000000	0.000000	1660178550.184509	0.000000
185.000000	-205.069934	-163.085817	-143.772974	-299.098499	0.000000	0.000000	0.000000	0.000000	0.000000	0.000000	0.000000	0.000000	1660178550.184509	0.000000
186.000000	-169.196814	-132.018468	-125.952351	-304.409157	0.000000	0.000000	0.000000	0.000000	0.000000	0.000000	0.000000	0.000000	1660178550.187639	0.000000
186.000000	-239.862224	-190.084155	-168.160862	-322.801985	0.000000	0.000000	0.000000	0.000000	0.000000	0.000000	0.000000	0.000000	1660178550.187639	0.000000
187.000000	-239.566771	-188.173066	-162.883863	-306.683016	0.000000	0.000000	0.000000	0.000000	0.000000	0.000000	0.000000	0.000000	1660178550.192149	0.000000
187.000000	-177.024425	-127.799861	-122.074074	-295.048187	0.000000	0.000000	0.000000	0.000000	0.000000	0.000000	0.000000	0.000000	1660178550.192149	0.000000
188.000000	-223.754474	-172.674921	-154.581285	-320.008280	0.000000	0.000000	0.000000	0.000000	0.000000	0.000000	0.000000	0.000000	1660178550.195385	0.000000
188.000000	-263.266517	-205.219530	-177.405894	-316.421716	0.000000	0.000000	0.000000	0.000000	0.000000	0.000000	0.000000	0.000000	1660178550.195385	0.000000
189.000000	-196.872074	-146.880831	-133.192797	-293.989796	0.000000	0.000000	0.000000	0.000000	0.000000	0.000000	0.000000	0.000000	1660178550.225568	0.000000
189.000000	-191.939146	-143.600939	-130.967557	-303.743455	0.000000	0.000000	0.000000	0.000000	0.000000	0.000000	0.000000	0.000000	1660178550.225568	0.000000
190.000000	-247.237306	-203.181285	-169.941054	-315.804632	0.000000	0.000000	0.000000	0.000000	0.000000	0.000000	0.000000	0.000000	1660178550.230020	0.000000
190.000000	-203.435598	-160.000400	-142.247095	-288.170511	0.000000	0.000000	0.000000	0.000000	0.000000	0.000000	0.000000	0.000000	1660178550.230020	0.000000
191.000000	-169.896175	-123.566295	-119.138253	-294.823793	0.000000	0.000000	0.000000	0.000000	0.000000	0.000000	0.000000	0.000000	1660178550.238407	0.000000
191.000000	-229.824332	-186.258237	-160.838137	-319.959661	0.000000	0.000000	0.000000	0.000000	0.000000	0.000000	0.000000	0.000000	1660178550.238407	0.000000
192.000000	-229.712135	-183.494451	-158.799892	-303.332066	0.000000	0.000000	0.000000	0.000000	0.000000	0.000000	0.000000	0.000000	1660178550.243023	0.000000
192.000000	-163.833797	-119.123293	-114.276383	-289.632812	0.000000	0.000000	0.000000	0.000000	0.000000	0.000000	0.000000	0.000000	1660178550.243023	0.000000
193.000000	-212.347780	-164.394782	-150.198122	-324.305425	0.000000	0.000000	0.000000	0.000000	0.000000	0.000000	0.000000	0.000000	1660178550.270457	0.000000
193.000000	-243.538545	-195.727664	-169.559584	-312.161970	0.000000	0.000000	0.000000	0.000000	0.000000	0.000000	0.000000	0.000000	1660178550.270457	0.000000
194.000000	-174.851543	-133.959477	-121.445771	-294.057114	0.000000	0.000000	0.000000	0.000000	0.000000	0.000000	0.000000	0.000000	1660178550.276580	0.000000
194.000000	-180.753105	-142.699623	-124.718184	-314.963155	0.000000	0.000000	0.000000	0.000000	0.000000	0.000000	0.000000	0.000000	1660178550.276580	0.000000
195.000000	-241.335744	-198.977637	-171.422054	-329.298191	0.000000	0.000000	0.000000	0.000000	0.000000	0.000000	0.000000	0.000000	1660178550.282048	0.000000
195.000000	-197.118907	-156.342778	-144.876244	-308.968095	0.000000	0.000000	0.000000	0.000000	0.000000	0.000000	0.000000	0.000000	1660178550.282048	0.000000
196.000000	-167.008972	-127.885879	-123.184825	-317.898976	0.000000	0.000000	0.000000	0.000000	0.000000	0.000000	0.000000	0.000000	1660178550.286819	0.000000
196.000000	-228.115198	-182.065810	-160.112597	-343.577129	0.000000	0.000000	0.000000	0.000000	0.000000	0.000000	0.000000	0.000000	1660178550.286819	0.000000
197.000000	-223.006494	-175.423747	-157.677922	-328.516552	0.000000	0.000000	0.000000	0.000000	0.000000	0.000000	0.000000	0.000000	1660178550.290011	0.000000
197.000000	-171.541731	-125.383886	-126.685371	-328.912981	0.000000	0.000000	0.000000	0.000000	0.000000	0.000000	0.000000	0.000000	1660178550.290011	0.000000
198.000000	-212.613312	-165.385856	-150.489834	-351.913366	0.000000	0.000000	0.000000	0.000000	0.000000	0.000000	0.000000	0.000000	1660178550.316111	0.000000
198.000000	-251.156721	-203.495436	-177.312397	-345.495698	0.000000	0.000000	0.000000	0.000000	0.000000	0.000000	0.000000	0.000000	1660178550.316111	0.000000
199.000000	-184.478045	-144.300300	-136.824240	-332.189134	0.000000	0.000000	0.000000	0.000000	0.000000	0.000000	0.000000	0.000000	1660178550.321480	0.000000
199.000000	-190.402047	-145.680323	-138.884925	-351.655313	0.000000	0.000000	0.000000	0.000000	0.000000	0.000000	0.000000	0.000000	1660178550.321480	0.000000
200.000000	-256.003632	-205.870273	-180.274398	-365.066594	0.000000	0.000000	0.000000	0.000000	0.000000	0.000000	0.000000	0.000000	1660178550.326060	0.000000
200.000000	-213.608126	-161.200908	-156.772866	-347.556383	0.000000	0.000000	0.000000	0.000000	0.000000	0.000000	0.000000	0.000000	1660178550.326060	0.000000
0.000000	-183.084932	-132.835637	-136.263255	-356.376937	0.000000	0.000000	0.000000	0.000000	0.000000	0.000000	0.000000	0.000000	1660178550.331033	0.000000
101.000000	-252.942524	-193.407056	-178.172574	-376.624755	0.000000	0.000000	0.000000	0.000000	0.000000	0.000000	0.000000	0.000000	1660178550.337153	0.000000
101.000000	-243.768549	-187.969242	-175.203093	-362.846964	0.000000	0.000000	0.000000	0.000000	0.000000	0.000000	0.000000	0.000000	1660178550.337153	0.000000
102.000000	-183.694536	-133.018892	-135.511535	-359.065925	0.000000	0.000000	0.000000	0.000000	0.000000	0.000000	0.000000	0.000000	1660178550.343162	0.000000
102.000000	-219.163747	-172.011089	-165.236260	-381.034097	0.000000	0.000000	0.000000	0.000000	0.000000	0.000000	0.000000	0.000000	1660178550.343162	0.000000
103.000000	-263.975229	-211.119222	-188.595675	-379.119268	0.000000	0.000000	0.000000	0.000000	0.000000	0.000000	0.000000	0.000000	1660178550.360056	0.000000
103.000000	-203.022339	-153.771597	-140.003155	-359.428695	0.000000	0.000000	0.000000	0.000000	0.000000	0.000000	0.000000	0.000000	1660178550.360056	0.000000
104.000000	-212.476806	-153.057276	-149.558599	-375.312050	0.000000	0.000000	0.000000	0.000000	0.000000	0.000000	0.000000	0.000000	1660178550.364645	0.000000
104.000000	-276.844224	-214.862862	-192.866641	-389.725625	0.000000	0.000000	0.000000	0.000000	0.000000	0.000000	0.000000	0.000000	1660178550.364645	0.000000
105.000000	-235.062062	-174.535521	-162.977360	-367.476960	0.000000	0.000000	0.000000	0.000000	0.000000	0.000000	0.000000	0.000000	1660178550.373864	0.000000
105.000000	-202.940061	-142.933366	-140.238769	-377.256798	0.000000	0.000000	0.000000	0.000000	0.000000	0.000000	0.000000	0.000000	1660178550.373864	0.000000
106.000000	-268.223755	-196.286779	-181.430027	-391.042069	0.000000	0.000000	0.000000	0.000000	0.000000	0.000000	0.000000	0.000000	1660178550.405198	0.000000
106.000000	-268.253674	-194.712281	-182.925987	-369.608703	0.000000	0.000000	0.000000	0.000000	0.000000	0.000000	0.000000	0.000000	1660178550.405198	0.000000
107.000000	-207.876729	-139.840469	-142.467749	-369.294551	0.000000	0.000000	0.000000	0.000000	0.000000	0.000000	0.000000	0.000000	1660178550.410208	0.000000
107.000000	-249.307341	-184.031127	-172.371989	-386.857121	0.000000	0.000000	0.000000	0.000000	0.000000	0.000000	0.000000	0.000000	1660178550.410208	0.000000
108.000000	-284.709234	-218.221292	-195.353674	-382.197206	0.000000	0.000000	0.000000	0.000000	0.000000	0.000000	0.000000	0.000000	1660178550.416035	0.000000
108.000000	-231.692412	-159.272989	-153.706148	-365.322777	0.000000	0.000000	0.000000	0.000000	0.000000	0.000000	0.000000	0.000000	1660178550.416035	0.000000
109.000000	-234.044809	-160.757730	-159.117784	-375.723439	0.000000	0.000000	0.000000	0.000000	0.000000	0.000000	0.000000	0.000000	1660178550.420415	0.000000
109.000000	-287.794651	-213.733413	-196.946872	-394.520176	0.000000	0.000000	0.000000	0.000000	0.000000	0.000000	0.000000	0.000000	1660178550.420415	0.000000
110.000000	-257.366825	-178.791527	-172.480446	-363.714620	0.000000	0.000000	0.000000	0.000000	0.000000	0.000000	0.000000	0.000000	1660178550.426052	0.000000
110.000000	-225.573936	-150.428126	-148.683463	-377.686887	0.000000	0.000000	0.000000	0.000000	0.000000	0.000000	0.000000	0.000000	1660178550.426052	0.000000
111.000000	-290.704294	-207.738353	-190.200092	-396.483624	0.000000	0.000000	0.000000	0.000000	0.000000	0.000000	0.000000	0.000000	1660178550.433385	0.000000
111.000000	-285.707787	-204.499600	-194.164386	-381.441746	0.000000	0.000000	0.000000	0.000000	0.000000	0.000000	0.000000	0.000000	1660178550.433385	0.000000
112.000000	-234.198145	-151.972705	-152.550519	-376.108649	0.000000	0.000000	0.000000	0.000000	0.000000	0.000000	0.000000	0.000000	1660178550.465285	0.000000
112.000000	-272.135690	-188.818199	-183.460792	-394.366840	0.000000	0.000000	0.000000	0.000000	0.000000	0.000000	0.000000	0.000000	1660178550.465285	0.000000
113.000000	-303.786464	-225.106448	-207.743963	-386.887041	0.000000	0.000000	0.000000	0.000000	0.000000	0.000000	0.000000	0.000000	1660178550.469485	0.000000
113.000000	-242.044455	-162.859553	-163.994613	-368.236159	0.000000	0.000000	0.000000	0.000000	0.000000	0.000000	0.000000	0.000000	1660178550.469485	0.000000
114.000000	-246.633312	-169.834467	-164.686495	-389.456352	0.000000	0.000000	0.000000	0.000000	0.000000	0.000000	0.000000	0.000000	1660178550.473028	0.000000
114.000000	-309.123301	-231.920546	-211.981269	-405.810934	0.000000	0.000000	0.000000	0.000000	0.000000	0.000000	0.000000	0.000000	1660178550.473028	0.000000
115.000000	-267.516914	-190.575952	-177.447033	-374.051704	0.000000	0.000000	0.000000	0.000000	0.000000	0.000000	0.000000	0.000000	1660178550.477888	0.000000
115.000000	-227.529903	-153.191912	-152.748734	-378.345109	0.000000	0.000000	0.000000	0.000000	0.000000	0.000000	0.000000	0.000000	1660178550.477888	0.000000
116.000000	-288.449134	-212.222493	-198.715844	-391.202885	0.000000	0.000000	0.000000	0.000000	0.000000	0.000000	0.000000	0.000000	1660178550.483128	0.000000
116.000000	-289.174674	-215.996052	-200.395059	-377.316637	0.000000	0.000000	0.000000	0.000000	0.000000	0.000000	0.000000	0.000000	1660178550.483128	0.000000
117.000000	-231.531596	-160.226664	-159.383316	-368.243639	0.000000	0.000000	0.000000	0.000000	0.000000	0.000000	0.000000	0.000000	1660178550.509556	0.000000
117.000000	-280.486887	-205.397176	-188.760231	-393.192512	0.000000	0.000000	0.000000	0.000000	0.000000	0.000000	0.000000	0.000000	1660178550.509556	0.000000
118.000000	-319.172412	-247.781462	-222.299653	-394.396760	0.000000	0.000000	0.000000	0.000000	0.000000	0.000000	0.000000	0.000000	1660178550.516043	0.000000
118.000000	-252.733089	-181.136445	-172.241092	-368.741046	0.000000	0.000000	0.000000	0.000000	0.000000	0.000000	0.000000	0.000000	1660178550.516043	0.000000
119.000000	-256.095259	-176.487749	-171.051804	-379.096829	0.000000	0.000000	0.000000	0.000000	0.000000	0.000000	0.000000	0.000000	1660178550.521047	0.000000
119.000000	-305.903247	-222.406241	-202.766156	-378.808857	0.000000	0.000000	0.000000	0.000000	0.000000	0.000000	0.000000	0.000000	1660178550.521047	0.000000
120.000000	-263.066433	-190.340338	-177.559230	-356.092704	0.000000	0.000000	0.000000	0.000000	0.000000	0.000000	0.000000	0.000000	1660178550.527054	0.000000
120.000000	-230.114174	-159.321608	-153.066625	-359.993420	0.000000	0.000000	0.000000	0.000000	0.000000	0.000000	0.000000	0.000000	1660178550.527054	0.000000
121.000000	-295.566163	-213.097630	-193.790396	-377.443793	0.000000	0.000000	0.000000	0.000000	0.000000	0.000000	0.000000	0.000000	1660178550.555297	0.000000
121.000000	-287.869449	-208.239499	-185.663593	-353.564532	0.000000	0.000000	0.000000	0.000000	0.000000	0.000000	0.000000	0.000000	1660178550.555297	0.000000
122.000000	-223.692766	-151.183586	-146.907010	-350.954082	0.000000	0.000000	0.000000	0.000000	0.000000	0.000000	0.000000	0.000000	1660178550.561070	0.000000
122.000000	-260.728995	-182.247195	-172.667441	-366.138076	0.000000	0.000000	0.000000	0.000000	0.000000	0.000000	0.000000	0.000000	1660178550.561070	0.000000
123.000000	-293.296044	-221.946233	-199.467564	-363.250873	0.000000	0.000000	0.000000	0.000000	0.000000	0.000000	0.000000	0.000000	1660178550.566021	0.000000
123.000000	-224.537983	-155.693905	-149.293066	-335.837406	0.000000	0.000000	0.000000	0.000000	0.000000	0.000000	0.000000	0.000000	1660178550.566021	0.000000
124.000000	-231.909326	-167.149219	-158.848511	-356.294659	0.000000	0.000000	0.000000	0.000000	0.000000	0.000000	0.000000	0.000000	1660178550.570403	0.000000
124.000000	-283.680761	-220.869142	-191.845648	-360.588064	0.000000	0.000000	0.000000	0.000000	0.000000	0.000000	0.000000	0.000000	1660178550.570403	0.000000
125.000000	-229.160500	-170.975136	-160.677322	-332.071327	0.000000	0.000000	0.000000	0.000000	0.000000	0.000000	0.000000	0.000000	1660178550.574381	0.000000
125.000000	-197.943555	-141.321470	-134.613959	-336.263755	0.000000	0.000000	0.000000	0.000000	0.000000	0.000000	0.000000	0.000000	1660178550.574381	0.000000
126.000000	-262.531627	-195.957668	-177.806064	-355.823432	0.000000	0.000000	0.000000	0.000000	0.000000	0.000000	0.000000	0.000000	1660178550.599171	0.000000
126.000000	-254.311327	-186.708895	-172.084017	-326.704570	0.000000	0.000000	0.000000	0.000000	0.000000	0.000000	0.000000	0.000000	1660178550.599171	0.000000
127.000000	-203.127056	-134.279238	-131.319107	-323.491996	0.000000	0.000000	0.000000	0.000000	0.000000	0.000000	0.000000	0.000000	1660178550.604060	0.000000
127.000000	-231.303463	-166.663032	-157.109457	-339.450150	0.000000	0.000000	0.000000	0.000000	0.000000	0.000000	0.000000	0.000000	1660178550.604060	0.000000
128.000000	-267.004547	-199.256260	-178.337129	-331.128872	0.000000	0.000000	0.000000	0.000000	0.000000	0.000000	0.000000	0.000000	1660178550.609020	0.000000
128.000000	-206.638822	-146.235698	-139.861039	-317.855967	0.000000	0.000000	0.000000	0.000000	0.000000	0.000000	0.000000	0.000000	1660178550.609020	0.000000
129.000000	-204.757653	-143.191420	-137.991089	-332.920284	0.000000	0.000000	0.000000	0.000000	0.000000	0.000000	0.000000	0.000000	1660178550.614025	0.000000
129.000000	-270.235821	-205.505633	-177.697606	-346.137091	0.000000	0.000000	0.000000	0.000000	0.000000	0.000000	0.000000	0.000000	1660178550.614025	0.000000
130.000000	-218.965533	-158.794282	-147.759707	-320.163485	0.000000	0.000000	0.000000	0.000000	0.000000	0.000000	0.000000	0.000000	1660178550.644893	0.000000
130.000000	-183.597299	-125.961700	-124.860300	-331.506602	0.000000	0.000000	0.000000	0.000000	0.000000	0.000000	0.000000	0.000000	1660178550.644893	0.000000
131.000000	-248.136752	-184.786587	-167.884109	-350.991481	0.000000	0.000000	0.000000	0.000000	0.000000	0.000000	0.000000	0.000000	1660178550.649160	0.000000
131.000000	-241.573228	-184.090965	-168.321677	-333.769241	0.000000	0.000000	0.000000	0.000000	0.000000	0.000000	0.000000	0.000000	1660178550.649160	0.000000
132.000000	-185.156837	-128.007426	-128.465563	-329.116806	0.000000	0.000000	0.000000	0.000000	0.000000	0.000000	0.000000	0.000000	1660178550.652137	0.000000
132.000000	-227.586002	-168.177691	-155.321785	-348.545586	0.000000	0.000000	0.000000	0.000000	0.000000	0.000000	0.000000	0.000000	1660178550.652137	0.000000
133.000000	-266.323886	-205.367256	-179.070150	-346.357745	0.000000	0.000000	0.000000	0.000000	0.000000	0.000000	0.000000	0.000000	1660178550.656500	0.000000
133.000000	-201.129950	-139.013951	-136.076260	-328.282808	0.000000	0.000000	0.000000	0.000000	0.000000	0.000000	0.000000	0.000000	1660178550.656500	0.000000
134.000000	-210.352543	-147.110835	-141.173744	-347.161823	0.000000	0.000000	0.000000	0.000000	0.000000	0.000000	0.000000	0.000000	1660178550.660405	0.000000
134.000000	-275.019153	-209.320331	-185.547657	-355.419522	0.000000	0.000000	0.000000	0.000000	0.000000	0.000000	0.000000	0.000000	1660178550.660405	0.000000
135.000000	-223.277637	-163.009149	-152.023193	-326.910265	0.000000	0.000000	0.000000	0.000000	0.000000	0.000000	0.000000	0.000000	1660178550.689561	0.000000
135.000000	-189.697076	-128.426295	-132.063347	-334.128272	0.000000	0.000000	0.000000	0.000000	0.000000	0.000000	0.000000	0.000000	1660178550.689561	0.000000
136.000000	-253.548387	-192.834852	-177.465733	-353.242901	0.000000	0.000000	0.000000	0.000000	0.000000	0.000000	0.000000	0.000000	1660178550.694159	0.000000
136.000000	-255.220123	-185.351312	-169.193074	-336.720023	0.000000	0.000000	0.000000	0.000000	0.000000	0.000000	0.000000	0.000000	1660178550.694159	0.000000
137.000000	-195.220908	-135.618122	-134.067934	-331.117652	0.000000	0.000000	0.000000	0.000000	0.000000	0.000000	0.000000	0.000000	1660178550.699029	0.000000
137.000000	-236.894613	-177.792974	-166.765879	-353.542093	0.000000	0.000000	0.000000	0.000000	0.000000	0.000000	0.000000	0.000000	1660178550.699029	0.000000
138.000000	-261.634051	-205.557991	-183.120461	-346.488641	0.000000	0.000000	0.000000	0.000000	0.000000	0.000000	0.000000	0.000000	1660178550.703509	0.000000
138.000000	-202.278099	-146.086102	-142.232135	-326.427818	0.000000	0.000000	0.000000	0.000000	0.000000	0.000000	0.000000	0.000000	1660178550.703509	0.000000
139.000000	-211.590450	-154.594375	-149.390304	-346.739215	0.000000	0.000000	0.000000	0.000000	0.000000	0.000000	0.000000	0.000000	1660178550.737057	0.000000
139.000000	-269.798253	-216.246625	-189.470812	-357.551265	0.000000	0.000000	0.000000	0.000000	0.000000	0.000000	0.000000	0.000000	1660178550.737057	0.000000
140.000000	-230.678899	-170.436591	-157.116937	-326.985063	0.000000	0.000000	0.000000	0.000000	0.000000	0.000000	0.000000	0.000000	1660178550.742897	0.000000
140.000000	-196.047426	-139.077530	-134.972989	-333.518668	0.000000	0.000000	0.000000	0.000000	0.000000	0.000000	0.000000	0.000000	1660178550.742897	0.000000
141.000000	-256.012982	-197.917376	-180.319276	-356.055305	0.000000	0.000000	0.000000	0.000000	0.000000	0.000000	0.000000	0.000000	1660178550.749173	0.000000
141.000000	-251.611119	-193.362177	-171.384655	-331.499122	0.000000	0.000000	0.000000	0.000000	0.000000	0.000000	0.000000	0.000000	1660178550.749173	0.000000
142.000000	-182.624925	-128.553451	-131.618299	-324.815921	0.000000	0.000000	0.000000	0.000000	0.000000	0.000000	0.000000	0.000000	1660178550.752327	0.000000
142.000000	-228.188126	-172.732889	-162.382716	-348.212735	0.000000	0.000000	0.000000	0.000000	0.000000	0.000000	0.000000	0.000000	1660178550.752327	0.000000
143.000000	-261.372258	-214.709526	-191.078969	-339.128518	0.000000	0.000000	0.000000	0.000000	0.000000	0.000000	0.000000	0.000000	1660178550.757372	0.000000
143.000000	-192.588018	-146.164640	-137.362785	-313.532643	0.000000	0.000000	0.000000	0.000000	0.000000	0.000000	0.000000	0.000000	1660178550.757372	0.000000
144.000000	-197.247934	-150.372027	-140.680077	-332.733289	0.000000	0.000000	0.000000	0.000000	0.000000	0.000000	0.000000	0.000000	1660178550.796418	0.000000
144.000000	-250.373212	-201.417922	-176.728972	-328.682978	0.000000	0.000000	0.000000	0.000000	0.000000	0.000000	0.000000	0.000000	1660178550.796418	0.000000
145.000000	-201.623616	-155.701385	-144.917383	-307.141154	0.000000	0.000000	0.000000	0.000000	0.000000	0.000000	0.000000	0.000000	1660178550.802348	0.000000
145.000000	-172.684271	-126.900415	-121.442031	-310.720238	0.000000	0.000000	0.000000	0.000000	0.000000	0.000000	0.000000	0.000000	1660178550.802348	0.000000
146.000000	-236.460785	-188.709742	-168.669488	-334.042254	0.000000	0.000000	0.000000	0.000000	0.000000	0.000000	0.000000	0.000000	1660178550.807130	0.000000
146.000000	-237.586494	-190.044886	-165.460654	-316.318868	0.000000	0.000000	0.000000	0.000000	0.000000	0.000000	0.000000	0.000000	1660178550.807130	0.000000
147.000000	-174.816014	-126.762039	-127.803601	-307.500184	0.000000	0.000000	0.000000	0.000000	0.000000	0.000000	0.000000	0.000000	1660178550.812038	0.000000
147.000000	-221.549803	-175.900585	-157.431089	-330.605286	0.000000	0.000000	0.000000	0.000000	0.000000	0.000000	0.000000	0.000000	1660178550.812038	0.000000
148.000000	-254.894751	-200.733520	-176.990765	-324.572828	0.000000	0.000000	0.000000	0.000000	0.000000	0.000000	0.000000	0.000000	1660178550.826040	0.000000
148.000000	-183.630958	-139.387941	-129.804448	-305.076729	0.000000	0.000000	0.000000	0.000000	0.000000	0.000000	0.000000	0.000000	1660178550.826040	0.000000
149.000000	-196.888903	-145.326902	-139.853559	-326.356760	0.000000	0.000000	0.000000	0.000000	0.000000	0.000000	0.000000	0.000000	1660178550.831237	0.000000
149.000000	-264.719469	-204.222847	-182.185486	-336.581646	0.000000	0.000000	0.000000	0.000000	0.000000	0.000000	0.000000	0.000000	1660178550.831237	0.000000
150.000000	-221.590942	-165.795375	-158.055652	-317.728811	0.000000	0.000000	0.000000	0.000000	0.000000	0.000000	0.000000	0.000000	1660178550.834885	0.000000
150.000000	-176.495229	-129.548265	-126.524555	-319.512743	0.000000	0.000000	0.000000	0.000000	0.000000	0.000000	0.000000	0.000000	1660178550.834885	0.000000
151.000000	-243.147726	-187.456875	-167.435321	-341.282701	0.000000	0.000000	0.000000	0.000000	0.000000	0.000000	0.000000	0.000000	1660178550.841128	0.000000
151.000000	-234.512297	-182.890458	-164.061931	-321.723024	0.000000	0.000000	0.000000	0.000000	0.000000	0.000000	0.000000	0.000000	1660178550.841128	0.000000
152.000000	-176.289534	-123.194174	-127.721323	-321.491150	0.000000	0.000000	0.000000	0.000000	0.000000	0.000000	0.000000	0.000000	1660178550.845394	0.000000
152.000000	-217.177860	-164.714544	-153.182562	-342.928256	0.000000	0.000000	0.000000	0.000000	0.000000	0.000000	0.000000	0.000000	1660178550.845394	0.000000
153.000000	-255.646471	-196.941262	-180.255698	-338.649811	0.000000	0.000000	0.000000	0.000000	0.000000	0.000000	0.000000	0.000000	1660178550.870567	0.000000
153.000000	-194.117637	-140.019984	-131.853913	-316.210411	0.000000	0.000000	0.000000	0.000000	0.000000	0.000000	0.000000	0.000000	1660178550.870567	0.000000
154.000000	-201.874190	-148.801269	-141.555213	-341.611812	0.000000	0.000000	0.000000	0.000000	0.000000	0.000000	0.000000	0.000000	1660178550.874017	0.000000
154.000000	-258.911404	-205.064324	-181.392628	-350.778306	0.000000	0.000000	0.000000	0.000000	0.000000	0.000000	0.000000	0.000000	1660178550.874017	0.000000
155.000000	-208.127302	-155.237637	-142.665964	-319.374367	0.000000	0.000000	0.000000	0.000000	0.000000	0.000000	0.000000	0.000000	1660178550.878289	0.000000
155.000000	-171.603440	-120.161116	-123.394259	-339.072420	0.000000	0.000000	0.000000	0.000000	0.000000	0.000000	0.000000	0.000000	1660178550.878289	0.000000
156.000000	-242.814875	-186.275067	-169.155675	-365.700507	0.000000	0.000000	0.000000	0.000000	0.000000	0.000000	0.000000	0.000000	1660178550.884239	0.000000
156.000000	-232.122501	-181.364578	-165.157722	-342.707602	0.000000	0.000000	0.000000	0.000000	0.000000	0.000000	0.000000	0.000000	1660178550.884239	0.000000
157.000000	-169.651212	-121.129750	-120.869827	-331.446764	0.000000	0.000000	0.000000	0.000000	0.000000	0.000000	0.000000	0.000000	1660178550.916211	0.000000
157.000000	-215.659461	-164.157299	-152.543039	-367.936967	0.000000	0.000000	0.000000	0.000000	0.000000	0.000000	0.000000	0.000000	1660178550.916211	0.000000
158.000000	-253.327733	-200.037899	-181.789057	-365.752866	0.000000	0.000000	0.000000	0.000000	0.000000	0.000000	0.000000	0.000000	1660178550.921487	0.000000
158.000000	-185.325132	-130.632836	-130.743163	-343.765994	0.000000	0.000000	0.000000	0.000000	0.000000	0.000000	0.000000	0.000000	1660178550.921487	0.000000
159.000000	-199.959361	-138.797037	-141.888064	-367.940707	0.000000	0.000000	0.000000	0.000000	0.000000	0.000000	0.000000	0.000000	1660178550.926916	0.000000
159.000000	-265.123378	-205.311158	-187.511104	-385.073189	0.000000	0.000000	0.000000	0.000000	0.000000	0.000000	0.000000	0.000000	1660178550.926916	0.000000
160.000000	-217.914621	-160.847487	-155.119830	-360.389849	0.000000	0.000000	0.000000	0.000000	0.000000	0.000000	0.000000	0.000000	1660178550.931373	0.000000
160.000000	-179.240315	-126.313251	-128.761016	-368.067864	0.000000	0.000000	0.000000	0.000000	0.000000	0.000000	0.000000	0.000000	1660178550.931373	0.000000
161.000000	-246.913805	-190.422616	-180.551150	-393.970411	0.000000	0.000000	0.000000	0.000000	0.000000	0.000000	0.000000	0.000000	1660178550.936154	0.000000
161.000000	-242.859753	-183.892751	-175.704240	-381.161254	0.000000	0.000000	0.000000	0.000000	0.000000	0.000000	0.000000	0.000000	1660178550.936154	0.000000
162.000000	-182.235975	-123.844917	-133.140438	-376.669634	0.000000	0.000000	0.000000	0.000000	0.000000	0.000000	0.000000	0.000000	1660178550.943017	0.000000
162.000000	-228.831389	-176.050181	-166.997753	-406.143785	0.000000	0.000000	0.000000	0.000000	0.000000	0.000000	0.000000	0.000000	1660178550.943017	0.000000
163.000000	-264.431496	-207.199807	-192.975098	-399.520423	0.000000	0.000000	0.000000	0.000000	0.000000	0.000000	0.000000	0.000000	1660178550.960068	0.000000
163.000000	-195.725794	-142.701493	-144.936083	-383.292997	0.000000	0.000000	0.000000	0.000000	0.000000	0.000000	0.000000	0.000000	1660178550.960068	0.000000
164.000000	-207.592497	-157.541416	-154.940315	-404.846040	0.000000	0.000000	0.000000	0.000000	0.000000	0.000000	0.000000	0.000000	1660178550.973686	0.000000
164.000000	-271.316652	-219.077730	-196.883293	-415.224263	0.000000	0.000000	0.000000	0.000000	0.000000	0.000000	0.000000	0.000000	1660178550.973686	0.000000
165.000000	-221.183293	-169.561454	-166.044078	-384.108295	0.000000	0.000000	0.000000	0.000000	0.000000	0.000000	0.000000	0.000000	1660178550.977870	0.000000
165.000000	-187.864525	-136.414721	-139.101839	-392.306156	0.000000	0.000000	0.000000	0.000000	0.000000	0.000000	0.000000	0.000000	1660178550.977870	0.000000
166.000000	-256.936737	-203.138276	-188.849988	-411.895752	0.000000	0.000000	0.000000	0.000000	0.000000	0.000000	0.000000	0.000000	1660178550.990165	0.000000
166.000000	-245.803055	-196.784186	-176.055790	-385.521977	0.000000	0.000000	0.000000	0.000000	0.000000	0.000000	0.000000	0.000000	1660178550.990165	0.000000
167.000000	-184.210642	-136.444640	-139.614205	-375.869295	0.000000	0.000000	0.000000	0.000000	0.000000	0.000000	0.000000	0.000000	1660178550.996062	0.000000
167.000000	-228.378861	-176.326933	-166.279692	-387.137614	0.000000	0.000000	0.000000	0.000000	0.000000	0.000000	0.000000	0.000000	1660178550.996062	0.000000
168.000000	-268.822139	-215.958653	-190.312289	-382.877868	0.000000	0.000000	0.000000	0.000000	0.000000	0.000000	0.000000	0.000000	1660178551.021545	0.000000
168.000000	-204.439761	-147.028557	-143.612158	-356.821985	0.000000	0.000000	0.000000	0.000000	0.000000	0.000000	0.000000	0.000000	1660178551.021545	0.000000
169.000000	-211.160361	-158.592328	-144.584532	-380.525471	0.000000	0.000000	0.000000	0.000000	0.000000	0.000000	0.000000	0.000000	1660178551.025670	0.000000
169.000000	-272.311466	-217.585509	-192.425333	-380.918160	0.000000	0.000000	0.000000	0.000000	0.000000	0.000000	0.000000	0.000000	1660178551.025670	0.000000
170.000000	-231.441839	-175.590173	-170.401062	-360.520746	0.000000	0.000000	0.000000	0.000000	0.000000	0.000000	0.000000	0.000000	1660178551.030711	0.000000
170.000000	-190.145863	-139.320623	-137.785394	-360.326271	0.000000	0.000000	0.000000	0.000000	0.000000	0.000000	0.000000	0.000000	1660178551.030711	0.000000
171.000000	-252.127225	-199.854644	-177.835983	-376.205886	0.000000	0.000000	0.000000	0.000000	0.000000	0.000000	0.000000	0.000000	1660178551.035147	0.000000
171.000000	-244.108880	-187.711189	-171.818484	-349.241208	0.000000	0.000000	0.000000	0.000000	0.000000	0.000000	0.000000	0.000000	1660178551.035147	0.000000
172.000000	-183.773074	-130.120469	-127.485710	-334.262908	0.000000	0.000000	0.000000	0.000000	0.000000	0.000000	0.000000	0.000000	1660178551.066107	0.000000
172.000000	-226.714605	-169.396899	-153.021747	-350.849365	0.000000	0.000000	0.000000	0.000000	0.000000	0.000000	0.000000	0.000000	1660178551.066107	0.000000
173.000000	-256.319653	-206.130196	-176.351243	-342.939476	0.000000	0.000000	0.000000	0.000000	0.000000	0.000000	0.000000	0.000000	1660178551.070663	0.000000
173.000000	-189.674636	-139.900308	-130.339253	-317.949465	0.000000	0.000000	0.000000	0.000000	0.000000	0.000000	0.000000	0.000000	1660178551.070663	0.000000
174.000000	-202.457614	-152.137260	-143.324186	-343.066633	0.000000	0.000000	0.000000	0.000000	0.000000	0.000000	0.000000	0.000000	1660178551.074371	0.000000
174.000000	-262.662524	-205.475713	-183.191520	-346.208149	0.000000	0.000000	0.000000	0.000000	0.000000	0.000000	0.000000	0.000000	1660178551.074371	0.000000
175.000000	-212.809657	-159.164532	-147.284740	-320.219584	0.000000	0.000000	0.000000	0.000000	0.000000	0.000000	0.000000	0.000000	1660178551.078769	0.000000
175.000000	-179.502108	-128.052305	-124.187118	-322.052135	0.000000	0.000000	0.000000	0.000000	0.000000	0.000000	0.000000	0.000000	1660178551.078769	0.000000
176.000000	-241.775182	-191.952235	-163.220454	-337.767195	0.000000	0.000000	0.000000	0.000000	0.000000	0.000000	0.000000	0.000000	1660178551.082128	0.000000
176.000000	-225.416860	-176.891658	-157.763940	-309.130781	0.000000	0.000000	0.000000	0.000000	0.000000	0.000000	0.000000	0.000000	1660178551.082128	0.000000
177.000000	-166.408718	-118.463201	-110.764617	-300.409334	0.000000	0.000000	0.000000	0.000000	0.000000	0.000000	0.000000	0.000000	1660178551.109277	0.000000
177.000000	-210.143109	-166.591974	-143.219469	-320.709511	0.000000	0.000000	0.000000	0.000000	0.000000	0.000000	0.000000	0.000000	1660178551.109277	0.000000
178.000000	-244.456691	-197.865017	-163.699161	-312.717345	0.000000	0.000000	0.000000	0.000000	0.000000	0.000000	0.000000	0.000000	1660178551.116041	0.000000
178.000000	-174.872112	-130.423401	-120.903486	-280.341031	0.000000	0.000000	0.000000	0.000000	0.000000	0.000000	0.000000	0.000000	1660178551.116041	0.000000
179.000000	-189.338045	-143.673867	-125.009896	-304.762577	0.000000	0.000000	0.000000	0.000000	0.000000	0.000000	0.000000	0.000000	1660178551.121139	0.000000
179.000000	-248.252689	-199.020646	-166.122616	-307.331889	0.000000	0.000000	0.000000	0.000000	0.000000	0.000000	0.000000	0.000000	1660178551.121139	0.000000
180.000000	-206.130196	-154.605594	-137.729296	-280.767379	0.000000	0.000000	0.000000	0.000000	0.000000	0.000000	0.000000	0.000000	1660178551.126418	0.000000
180.000000	-173.944617	-123.762639	-108.075629	-286.190234	0.000000	0.000000	0.000000	0.000000	0.000000	0.000000	0.000000	0.000000	1660178551.126418	0.000000
181.000000	-233.397806	-183.395344	-153.852004	-300.304617	0.000000	0.000000	0.000000	0.000000	0.000000	0.000000	0.000000	0.000000	1660178551.155183	0.000000
181.000000	-221.119715	-173.600546	-151.361231	-278.841331	0.000000	0.000000	0.000000	0.000000	0.000000	0.000000	0.000000	0.000000	1660178551.155183	0.000000
182.000000	-157.982724	-116.353897	-105.109888	-269.386864	0.000000	0.000000	0.000000	0.000000	0.000000	0.000000	0.000000	0.000000	1660178551.159023	0.000000
182.000000	-211.216460	-167.123039	-143.369065	-297.873682	0.000000	0.000000	0.000000	0.000000	0.000000	0.000000	0.000000	0.000000	1660178551.159023	0.000000
183.000000	-237.085348	-187.913143	-161.619777	-286.493166	0.000000	0.000000	0.000000	0.000000	0.000000	0.000000	0.000000	0.000000	1660178551.164015	0.000000
183.000000	-171.696937	-123.616783	-111.377961	-261.480715	0.000000	0.000000	0.000000	0.000000	0.000000	0.000000	0.000000	0.000000	1660178551.164015	0.000000
184.000000	-182.520207	-131.077884	-114.829888	-279.050765	0.000000	0.000000	0.000000	0.000000	0.000000	0.000000	0.000000	0.000000	1660178551.168480	0.000000
184.000000	-240.634513	-189.663416	-157.180515	-290.708033	0.000000	0.000000	0.000000	0.000000	0.000000	0.000000	0.000000	0.000000	1660178551.168480	0.000000
185.000000	-192.857291	-147.428726	-121.797322	-268.874497	0.000000	0.000000	0.000000	0.000000	0.000000	0.000000	0.000000	0.000000	1660178551.173379	0.000000
185.000000	-157.702231	-105.923316	-98.512705	-275.404363	0.000000	0.000000	0.000000	0.000000	0.000000	0.000000	0.000000	0.000000	1660178551.173379	0.000000
186.000000	-225.162547	-171.764255	-153.556552	-300.461692	0.000000	0.000000	0.000000	0.000000	0.000000	0.000000	0.000000	0.000000	1660178551.200198	0.000000
186.000000	-222.204286	-171.581000	-149.349165	-284.660615	0.000000	0.000000	0.000000	0.000000	0.000000	0.000000	0.000000	0.000000	1660178551.200198	0.000000
187.000000	-158.420292	-107.924163	-103.292297	-282.375536	0.000000	0.000000	0.000000	0.000000	0.000000	0.000000	0.000000	0.000000	1660178551.204748	0.000000
187.000000	-211.923301	-157.993944	-139.128018	-312.601408	0.000000	0.000000	0.000000	0.000000	0.000000	0.000000	0.000000	0.000000	1660178551.204748	0.000000
188.000000	-246.906325	-188.287133	-161.941408	-308.098568	0.000000	0.000000	0.000000	0.000000	0.000000	0.000000	0.000000	0.000000	1660178551.211082	0.000000
188.000000	-184.681870	-130.973166	-115.966818	-287.121469	0.000000	0.000000	0.000000	0.000000	0.000000	0.000000	0.000000	0.000000	1660178551.211082	0.000000
189.000000	-197.042239	-137.761085	-121.909519	-307.369288	0.000000	0.000000	0.000000	0.000000	0.000000	0.000000	0.000000	0.000000	1660178551.214622	0.000000
189.000000	-263.993928	-204.495860	-169.342670	-317.986864	0.000000	0.000000	0.000000	0.000000	0.000000	0.000000	0.000000	0.000000	1660178551.214622	0.000000
190.000000	-214.997499	-158.468911	-134.090373	-292.420908	0.000000	0.000000	0.000000	0.000000	0.000000	0.000000	0.000000	0.000000	1660178551.246066	0.000000
190.000000	-185.758961	-127.341724	-116.834475	-304.044517	0.000000	0.000000	0.000000	0.000000	0.000000	0.000000	0.000000	0.000000	1660178551.246066	0.000000
191.000000	-255.575413	-190.478715	-160.400569	-317.848487	0.000000	0.000000	0.000000	0.000000	0.000000	0.000000	0.000000	0.000000	1660178551.251159	0.000000
191.000000	-252.830327	-186.192789	-165.531712	-299.904447	0.000000	0.000000	0.000000	0.000000	0.000000	0.000000	0.000000	0.000000	1660178551.251159	0.000000
192.000000	-194.244794	-128.886302	-121.823501	-287.951727	0.000000	0.000000	0.000000	0.000000	0.000000	0.000000	0.000000	0.000000	1660178551.256060	0.000000
192.000000	-232.949018	-172.938584	-149.831612	-304.650380	0.000000	0.000000	0.000000	0.000000	0.000000	0.000000	0.000000	0.000000	1660178551.256060	0.000000
193.000000	-269.641177	-200.838237	-174.541131	-300.465432	0.000000	0.000000	0.000000	0.000000	0.000000	0.000000	0.000000	0.000000	1660178551.260111	0.000000
193.000000	-201.694675	-141.493505	-126.659192	-284.200607	0.000000	0.000000	0.000000	0.000000	0.000000	0.000000	0.000000	0.000000	1660178551.260111	0.000000
194.000000	-211.781185	-151.157406	-131.135852	-301.172273	0.000000	0.000000	0.000000	0.000000	0.000000	0.000000	0.000000	0.000000	1660178551.265392	0.000000
194.000000	-273.923362	-209.686841	-174.941300	-312.111481	0.000000	0.000000	0.000000	0.000000	0.000000	0.000000	0.000000	0.000000	1660178551.265392	0.000000
195.000000	-215.251812	-153.352728	-135.556414	-276.002747	0.000000	0.000000	0.000000	0.000000	0.000000	0.000000	0.000000	0.000000	1660178551.308070	0.000000
195.000000	-194.012920	-124.551758	-116.471704	-289.025078	0.000000	0.000000	0.000000	0.000000	0.000000	0.000000	0.000000	0.000000	1660178551.308070	0.000000
196.000000	-257.452843	-180.908311	-158.186548	-311.980584	0.000000	0.000000	0.000000	0.000000	0.000000	0.000000	0.000000	0.000000	1660178551.313139	0.000000
196.000000	-255.010688	-175.070327	-158.167849	-292.533105	0.000000	0.000000	0.000000	0.000000	0.000000	0.000000	0.000000	0.000000	1660178551.313139	0.000000
197.000000	-184.700569	-117.363670	-115.731204	-292.084317	0.000000	0.000000	0.000000	0.000000	0.000000	0.000000	0.000000	0.000000	1660178551.317686	0.000000
197.000000	-235.028403	-164.030142	-151.009680	-319.314528	0.000000	0.000000	0.000000	0.000000	0.000000	0.000000	0.000000	0.000000	1660178551.317686	0.000000
198.000000	-276.070065	-204.540738	-176.725233	-317.803609	0.000000	0.000000	0.000000	0.000000	0.000000	0.000000	0.000000	0.000000	1660178551.324017	0.000000
198.000000	-205.056845	-135.139415	-129.105086	-299.436960	0.000000	0.000000	0.000000	0.000000	0.000000	0.000000	0.000000	0.000000	1660178551.324017	0.000000
199.000000	-216.074590	-142.503278	-135.889265	-316.950911	0.000000	0.000000	0.000000	0.000000	0.000000	0.000000	0.000000	0.000000	1660178551.351202	0.000000
199.000000	-276.791866	-202.614690	-176.336283	-328.301508	0.000000	0.000000	0.000000	0.000000	0.000000	0.000000	0.000000	0.000000	1660178551.351202	0.000000
200.000000	-229.770104	-159.119653	-149.895190	-306.486671	0.000000	0.000000	0.000000	0.000000	0.000000	0.000000	0.000000	0.000000	1660178551.357352	0.000000
200.000000	-200.157576	-127.958807	-124.392812	-311.139107	0.000000	0.000000	0.000000	0.000000	0.000000	0.000000	0.000000	0.000000	1660178551.357352	0.000000
0.000000	-262.080969	-192.266387	-167.360523	-334.399415	0.000000	0.000000	0.000000	0.000000	0.000000	0.000000	0.000000	0.000000	1660178551.363172	0.000000
101.000000	-248.890342	-181.491735	-156.503593	-313.444755	0.000000	0.000000	0.000000	0.000000	0.000000	0.000000	0.000000	0.000000	1660178551.368258	0.000000
101.000000	-187.402647	-123.029619	-122.377006	-307.984501	0.000000	0.000000	0.000000	0.000000	0.000000	0.000000	0.000000	0.000000	1660178551.368258	0.000000
102.000000	-231.769080	-171.711897	-150.254221	-331.104563	0.000000	0.000000	0.000000	0.000000	0.000000	0.000000	0.000000	0.000000	1660178551.380484	0.000000
102.000000	-266.737145	-201.556298	-176.669134	-319.301439	0.000000	0.000000	0.000000	0.000000	0.000000	0.000000	0.000000	0.000000	1660178551.380484	0.000000
103.000000	-203.121446	-139.773151	-131.079754	-300.931050	0.000000	0.000000	0.000000	0.000000	0.000000	0.000000	0.000000	0.000000	1660178551.385038	0.000000
103.000000	-208.652758	-145.397961	-138.073366	-315.337145	0.000000	0.000000	0.000000	0.000000	0.000000	0.000000	0.000000	0.000000	1660178551.385038	0.000000
104.000000	-268.666933	-210.393682	-181.504825	-328.393135	0.000000	0.000000	0.000000	0.000000	0.000000	0.000000	0.000000	0.000000	1660178551.391424	0.000000
104.000000	-230.254421	-163.413059	-143.010034	-295.018268	0.000000	0.000000	0.000000	0.000000	0.000000	0.000000	0.000000	0.000000	1660178551.391424	0.000000
105.000000	-187.286710	-127.506279	-119.407526	-304.046387	0.000000	0.000000	0.000000	0.000000	0.000000	0.000000	0.000000	0.000000	1660178551.395180	0.000000
105.000000	-257.839923	-188.567626	-166.878076	-323.101177	0.000000	0.000000	0.000000	0.000000	0.000000	0.000000	0.000000	0.000000	1660178551.395180	0.000000
106.000000	-248.965140	-173.492089	-159.749827	-298.137345	0.000000	0.000000	0.000000	0.000000	0.000000	0.000000	0.000000	0.000000	1660178551.399760	0.000000
106.000000	-190.020577	-124.996806	-115.001924	-287.818961	0.000000	0.000000	0.000000	0.000000	0.000000	0.000000	0.000000	0.000000	1660178551.399760	0.000000
107.000000	-239.895883	-171.229450	-155.957568	-320.430888	0.000000	0.000000	0.000000	0.000000	0.000000	0.000000	0.000000	0.000000	1660178551.405042	0.000000
107.000000	-268.951165	-195.957668	-168.557291	-308.960615	0.000000	0.000000	0.000000	0.000000	0.000000	0.000000	0.000000	0.000000	1660178551.405042	0.000000
108.000000	-201.285156	-134.686887	-125.903732	-288.918491	0.000000	0.000000	0.000000	0.000000	0.000000	0.000000	0.000000	0.000000	1660178551.425263	0.000000
108.000000	-213.151858	-145.947726	-131.367726	-304.831766	0.000000	0.000000	0.000000	0.000000	0.000000	0.000000	0.000000	0.000000	1660178551.425263	0.000000
109.000000	-280.387779	-205.793605	-175.438707	-321.717414	0.000000	0.000000	0.000000	0.000000	0.000000	0.000000	0.000000	0.000000	1660178551.431028	0.000000
109.000000	-220.538160	-157.354421	-136.379192	-283.746210	0.000000	0.000000	0.000000	0.000000	0.000000	0.000000	0.000000	0.000000	1660178551.431028	0.000000
110.000000	-191.329542	-125.957961	-113.232951	-295.201523	0.000000	0.000000	0.000000	0.000000	0.000000	0.000000	0.000000	0.000000	1660178551.435163	0.000000
110.000000	-248.755706	-189.461462	-163.257853	-304.798106	0.000000	0.000000	0.000000	0.000000	0.000000	0.000000	0.000000	0.000000	1660178551.435163	0.000000
111.000000	-241.477860	-174.490642	-149.988688	-283.188965	0.000000	0.000000	0.000000	0.000000	0.000000	0.000000	0.000000	0.000000	1660178551.439421	0.000000
111.000000	-181.725479	-121.193328	-112.103501	-269.317676	0.000000	0.000000	0.000000	0.000000	0.000000	0.000000	0.000000	0.000000	1660178551.439421	0.000000
112.000000	-221.701269	-163.428018	-141.671150	-301.828626	0.000000	0.000000	0.000000	0.000000	0.000000	0.000000	0.000000	0.000000	1660178551.472415	0.000000
112.000000	-251.081923	-194.757160	-160.142516	-288.443524	0.000000	0.000000	0.000000	0.000000	0.000000	0.000000	0.000000	0.000000	1660178551.472415	0.000000
113.000000	-187.066056	-130.127949	-119.467364	-271.688772	0.000000	0.000000	0.000000	0.000000	0.000000	0.000000	0.000000	0.000000	1660178551.477054	0.000000
113.000000	-198.914059	-146.377814	-128.577760	-291.125032	0.000000	0.000000	0.000000	0.000000	0.000000	0.000000	0.000000	0.000000	1660178551.477054	0.000000
114.000000	-259.934267	-202.210781	-168.721847	-293.331573	0.000000	0.000000	0.000000	0.000000	0.000000	0.000000	0.000000	0.000000	1660178551.481352	0.000000
114.000000	-213.226656	-152.436452	-128.443124	-264.407187	0.000000	0.000000	0.000000	0.000000	0.000000	0.000000	0.000000	0.000000	1660178551.481352	0.000000
115.000000	-183.135421	-123.751420	-115.016883	-271.352181	0.000000	0.000000	0.000000	0.000000	0.000000	0.000000	0.000000	0.000000	1660178551.488157	0.000000
115.000000	-239.951981	-178.331520	-151.316352	-286.409018	0.000000	0.000000	0.000000	0.000000	0.000000	0.000000	0.000000	0.000000	1660178551.488157	0.000000
116.000000	-234.798399	-177.740615	-146.110411	-268.797830	0.000000	0.000000	0.000000	0.000000	0.000000	0.000000	0.000000	0.000000	1660178551.493798	0.000000
116.000000	-169.982193	-111.364871	-98.475306	-254.911581	0.000000	0.000000	0.000000	0.000000	0.000000	0.000000	0.000000	0.000000	1660178551.493798	0.000000
117.000000	-217.572420	-162.343447	-133.271335	-284.984117	0.000000	0.000000	0.000000	0.000000	0.000000	0.000000	0.000000	0.000000	1660178551.498495	0.000000
117.000000	-255.023778	-196.324178	-159.129003	-275.776483	0.000000	0.000000	0.000000	0.000000	0.000000	0.000000	0.000000	0.000000	1660178551.498495	0.000000
118.000000	-177.058084	-129.967133	-109.567849	-251.149242	0.000000	0.000000	0.000000	0.000000	0.000000	0.000000	0.000000	0.000000	1660178551.513841	0.000000
118.000000	-200.084648	-145.431620	-126.805048	-278.364494	0.000000	0.000000	0.000000	0.000000	0.000000	0.000000	0.000000	0.000000	1660178551.513841	0.000000
119.000000	-256.029811	-199.286179	-166.014159	-282.841154	0.000000	0.000000	0.000000	0.000000	0.000000	0.000000	0.000000	0.000000	1660178551.519414	0.000000
119.000000	-209.853266	-155.757483	-129.737129	-260.162401	0.000000	0.000000	0.000000	0.000000	0.000000	0.000000	0.000000	0.000000	1660178551.519414	0.000000
120.000000	-178.741039	-126.975213	-109.908180	-272.743424	0.000000	0.000000	0.000000	0.000000	0.000000	0.000000	0.000000	0.000000	1660178551.529152	0.000000
120.000000	-245.255159	-187.284840	-157.591904	-287.931158	0.000000	0.000000	0.000000	0.000000	0.000000	0.000000	0.000000	0.000000	1660178551.529152	0.000000
121.000000	-233.852204	-173.937137	-144.707949	-268.004971	0.000000	0.000000	0.000000	0.000000	0.000000	0.000000	0.000000	0.000000	1660178551.544557	0.000000
121.000000	-181.085956	-120.942755	-108.950766	-262.331542	0.000000	0.000000	0.000000	0.000000	0.000000	0.000000	0.000000	0.000000	1660178551.544557	0.000000
122.000000	-222.774621	-159.643239	-140.298607	-282.362447	0.000000	0.000000	0.000000	0.000000	0.000000	0.000000	0.000000	0.000000	1660178551.550506	0.000000
122.000000	-254.810604	-195.699615	-158.975667	-281.012343	0.000000	0.000000	0.000000	0.000000	0.000000	0.000000	0.000000	0.000000	1660178551.550506	0.000000
123.000000	-182.249065	-124.338584	-110.824455	-261.430227	0.000000	0.000000	0.000000	0.000000	0.000000	0.000000	0.000000	0.000000	1660178551.576069	0.000000
123.000000	-199.508703	-136.422201	-121.356014	-280.384040	0.000000	0.000000	0.000000	0.000000	0.000000	0.000000	0.000000	0.000000	1660178551.576069	0.000000
124.000000	-259.758491	-199.521793	-162.580931	-289.733789	0.000000	0.000000	0.000000	0.000000	0.000000	0.000000	0.000000	0.000000	1660178551.581029	0.000000
124.000000	-206.438738	-143.528011	-127.268795	-262.110888	0.000000	0.000000	0.000000	0.000000	0.000000	0.000000	0.000000	0.000000	1660178551.581029	0.000000
125.000000	-181.216852	-119.768426	-103.733605	-269.931019	0.000000	0.000000	0.000000	0.000000	0.000000	0.000000	0.000000	0.000000	1660178551.584152	0.000000
125.000000	-245.834844	-181.473035	-157.969634	-300.201769	0.000000	0.000000	0.000000	0.000000	0.000000	0.000000	0.000000	0.000000	1660178551.584152	0.000000
126.000000	-230.164663	-166.958484	-145.601785	-273.764417	0.000000	0.000000	0.000000	0.000000	0.000000	0.000000	0.000000	0.000000	1660178551.589366	0.000000
126.000000	-168.867703	-116.544632	-108.569296	-275.993397	0.000000	0.000000	0.000000	0.000000	0.000000	0.000000	0.000000	0.000000	1660178551.589366	0.000000
127.000000	-221.824686	-159.658199	-144.397537	-300.669257	0.000000	0.000000	0.000000	0.000000	0.000000	0.000000	0.000000	0.000000	1660178551.621086	0.000000
127.000000	-249.462547	-189.689596	-167.869149	-289.326140	0.000000	0.000000	0.000000	0.000000	0.000000	0.000000	0.000000	0.000000	1660178551.621086	0.000000
128.000000	-181.762878	-125.176321	-114.444679	-264.227672	0.000000	0.000000	0.000000	0.000000	0.000000	0.000000	0.000000	0.000000	1660178551.626402	0.000000
128.000000	-189.639107	-138.804517	-127.870919	-290.556567	0.000000	0.000000	0.000000	0.000000	0.000000	0.000000	0.000000	0.000000	1660178551.626402	0.000000
129.000000	-245.457114	-190.605871	-163.777699	-297.797014	0.000000	0.000000	0.000000	0.000000	0.000000	0.000000	0.000000	0.000000	1660178551.630014	0.000000
129.000000	-206.494836	-154.553236	-136.166017	-282.560661	0.000000	0.000000	0.000000	0.000000	0.000000	0.000000	0.000000	0.000000	1660178551.630014	0.000000
130.000000	-172.027918	-120.815598	-114.878507	-289.894605	0.000000	0.000000	0.000000	0.000000	0.000000	0.000000	0.000000	0.000000	1660178551.636149	0.000000
130.000000	-245.741346	-192.139230	-165.195121	-310.329419	0.000000	0.000000	0.000000	0.000000	0.000000	0.000000	0.000000	0.000000	1660178551.636149	0.000000
131.000000	-235.408003	-181.933043	-157.547026	-291.854313	0.000000	0.000000	0.000000	0.000000	0.000000	0.000000	0.000000	0.000000	1660178551.641363	0.000000
131.000000	-178.329650	-119.226141	-109.706225	-283.308641	0.000000	0.000000	0.000000	0.000000	0.000000	0.000000	0.000000	0.000000	1660178551.641363	0.000000
132.000000	-225.213035	-163.757129	-142.995075	-297.250988	0.000000	0.000000	0.000000	0.000000	0.000000	0.000000	0.000000	0.000000	1660178551.664495	0.000000
132.000000	-262.073489	-196.986141	-170.775052	-297.423024	0.000000	0.000000	0.000000	0.000000	0.000000	0.000000	0.000000	0.000000	1660178551.664495	0.000000
133.000000	-191.991504	-129.772659	-119.396306	-274.329142	0.000000	0.000000	0.000000	0.000000	0.000000	0.000000	0.000000	0.000000	1660178551.669357	0.000000
133.000000	-201.371173	-139.178507	-125.885033	-295.515675	0.000000	0.000000	0.000000	0.000000	0.000000	0.000000	0.000000	0.000000	1660178551.669357	0.000000
134.000000	-258.737499	-198.358684	-171.272458	-304.095005	0.000000	0.000000	0.000000	0.000000	0.000000	0.000000	0.000000	0.000000	1660178551.674827	0.000000
134.000000	-211.779315	-151.998884	-136.842939	-277.433259	0.000000	0.000000	0.000000	0.000000	0.000000	0.000000	0.000000	0.000000	1660178551.674827	0.000000
135.000000	-185.540177	-123.265233	-116.471704	-285.275829	0.000000	0.000000	0.000000	0.000000	0.000000	0.000000	0.000000	0.000000	1660178551.681134	0.000000
135.000000	-247.618776	-184.521054	-160.183655	-307.042046	0.000000	0.000000	0.000000	0.000000	0.000000	0.000000	0.000000	0.000000	1660178551.681134	0.000000
136.000000	-231.282893	-172.616952	-152.569219	-287.033582	0.000000	0.000000	0.000000	0.000000	0.000000	0.000000	0.000000	0.000000	1660178551.712189	0.000000
136.000000	-173.651035	-114.943955	-114.799969	-281.655606	0.000000	0.000000	0.000000	0.000000	0.000000	0.000000	0.000000	0.000000	1660178551.712189	0.000000
137.000000	-223.616098	-171.023755	-150.463655	-311.290573	0.000000	0.000000	0.000000	0.000000	0.000000	0.000000	0.000000	0.000000	1660178551.716026	0.000000
137.000000	-252.918214	-193.489334	-173.852989	-300.138191	0.000000	0.000000	0.000000	0.000000	0.000000	0.000000	0.000000	0.000000	1660178551.716026	0.000000
138.000000	-183.928280	-128.669388	-118.532389	-278.480431	0.000000	0.000000	0.000000	0.000000	0.000000	0.000000	0.000000	0.000000	1660178551.722462	0.000000
138.000000	-200.219284	-143.412074	-131.801554	-304.027687	0.000000	0.000000	0.000000	0.000000	0.000000	0.000000	0.000000	0.000000	1660178551.722462	0.000000
139.000000	-248.183501	-197.980954	-168.841523	-312.887510	0.000000	0.000000	0.000000	0.000000	0.000000	0.000000	0.000000	0.000000	1660178551.728063	0.000000
139.000000	-205.092374	-153.476144	-137.418884	-288.742716	0.000000	0.000000	0.000000	0.000000	0.000000	0.000000	0.000000	0.000000	1660178551.728063	0.000000
140.000000	-170.876029	-122.083424	-114.096868	-293.630765	0.000000	0.000000	0.000000	0.000000	0.000000	0.000000	0.000000	0.000000	1660178551.733153	0.000000
140.000000	-236.960061	-190.100985	-160.580084	-314.402170	0.000000	0.000000	0.000000	0.000000	0.000000	0.000000	0.000000	0.000000	1660178551.733153	0.000000
141.000000	-222.793320	-169.991543	-143.103532	-293.817760	0.000000	0.000000	0.000000	0.000000	0.000000	0.000000	0.000000	0.000000	1660178551.756061	0.000000
141.000000	-168.583470	-113.724748	-111.089988	-294.431104	0.000000	0.000000	0.000000	0.000000	0.000000	0.000000	0.000000	0.000000	1660178551.756061	0.000000
142.000000	-208.189011	-160.851227	-146.469442	-319.832504	0.000000	0.000000	0.000000	0.000000	0.000000	0.000000	0.000000	0.000000	1660178551.760584	0.000000
142.000000	-247.356983	-193.923162	-176.209126	-317.087418	0.000000	0.000000	0.000000	0.000000	0.000000	0.000000	0.000000	0.000000	1660178551.760584	0.000000
143.000000	-176.354982	-124.114190	-122.945471	-294.808834	0.000000	0.000000	0.000000	0.000000	0.000000	0.000000	0.000000	0.000000	1660178551.768036	0.000000
143.000000	-192.750704	-140.416414	-136.416591	-325.820084	0.000000	0.000000	0.000000	0.000000	0.000000	0.000000	0.000000	0.000000	1660178551.768036	0.000000
144.000000	-250.898668	-200.636283	-175.550904	-331.474813	0.000000	0.000000	0.000000	0.000000	0.000000	0.000000	0.000000	0.000000	1660178551.773397	0.000000
144.000000	-200.683032	-152.657106	-138.926064	-309.405663	0.000000	0.000000	0.000000	0.000000	0.000000	0.000000	0.000000	0.000000	1660178551.773397	0.000000
145.000000	-170.535698	-125.516652	-118.689465	-314.806079	0.000000	0.000000	0.000000	0.000000	0.000000	0.000000	0.000000	0.000000	1660178551.802293	0.000000
145.000000	-239.372297	-184.274221	-167.106210	-345.880908	0.000000	0.000000	0.000000	0.000000	0.000000	0.000000	0.000000	0.000000	1660178551.802293	0.000000
146.000000	-227.655190	-176.551327	-158.328665	-325.939761	0.000000	0.000000	0.000000	0.000000	0.000000	0.000000	0.000000	0.000000	1660178551.805578	0.000000
146.000000	-164.387303	-115.699415	-111.901547	-311.043739	0.000000	0.000000	0.000000	0.000000	0.000000	0.000000	0.000000	0.000000	1660178551.805578	0.000000
147.000000	-215.044247	-167.650365	-152.879630	-344.530804	0.000000	0.000000	0.000000	0.000000	0.000000	0.000000	0.000000	0.000000	1660178551.811422	0.000000
147.000000	-250.457360	-198.242747	-175.872535	-336.684494	0.000000	0.000000	0.000000	0.000000	0.000000	0.000000	0.000000	0.000000	1660178551.811422	0.000000
148.000000	-180.330496	-135.307710	-129.692251	-319.869903	0.000000	0.000000	0.000000	0.000000	0.000000	0.000000	0.000000	0.000000	1660178551.814666	0.000000
148.000000	-194.291543	-148.322562	-136.409111	-340.880661	0.000000	0.000000	0.000000	0.000000	0.000000	0.000000	0.000000	0.000000	1660178551.814666	0.000000
149.000000	-252.488126	-205.801085	-182.776391	-353.076475	0.000000	0.000000	0.000000	0.000000	0.000000	0.000000	0.000000	0.000000	1660178551.818895	0.000000
149.000000	-204.871720	-152.062462	-149.274367	-319.095744	0.000000	0.000000	0.000000	0.000000	0.000000	0.000000	0.000000	0.000000	1660178551.818895	0.000000
150.000000	-173.995106	-129.750219	-127.781162	-328.026625	0.000000	0.000000	0.000000	0.000000	0.000000	0.000000	0.000000	0.000000	1660178551.861240	0.000000
150.000000	-240.266133	-195.490181	-176.074490	-354.598614	0.000000	0.000000	0.000000	0.000000	0.000000	0.000000	0.000000	0.000000	1660178551.861240	0.000000
151.000000	-229.704655	-186.937029	-168.374036	-333.984286	0.000000	0.000000	0.000000	0.000000	0.000000	0.000000	0.000000	0.000000	1660178551.867035	0.000000
151.000000	-170.528218	-128.774105	-122.982870	-324.047372	0.000000	0.000000	0.000000	0.000000	0.000000	0.000000	0.000000	0.000000	1660178551.867035	0.000000
152.000000	-224.648311	-173.649165	-162.453774	-348.786810	0.000000	0.000000	0.000000	0.000000	0.000000	0.000000	0.000000	0.000000	1660178551.872031	0.000000
152.000000	-250.932327	-202.648349	-177.001985	-341.856775	0.000000	0.000000	0.000000	0.000000	0.000000	0.000000	0.000000	0.000000	1660178551.872031	0.000000
153.000000	-182.570696	-136.938307	-128.948011	-318.430042	0.000000	0.000000	0.000000	0.000000	0.000000	0.000000	0.000000	0.000000	1660178551.875671	0.000000
153.000000	-206.491096	-151.722131	-145.923416	-346.202539	0.000000	0.000000	0.000000	0.000000	0.000000	0.000000	0.000000	0.000000	1660178551.875671	0.000000
154.000000	-259.485479	-204.910989	-187.563463	-351.853528	0.000000	0.000000	0.000000	0.000000	0.000000	0.000000	0.000000	0.000000	1660178551.907196	0.000000
154.000000	-203.091527	-159.504863	-149.334205	-329.515105	0.000000	0.000000	0.000000	0.000000	0.000000	0.000000	0.000000	0.000000	1660178551.907196	0.000000
155.000000	-183.902101	-133.983786	-133.076860	-341.056437	0.000000	0.000000	0.000000	0.000000	0.000000	0.000000	0.000000	0.000000	1660178551.913152	0.000000
155.000000	-244.346364	-194.850658	-174.432674	-354.837968	0.000000	0.000000	0.000000	0.000000	0.000000	0.000000	0.000000	0.000000	1660178551.913152	0.000000
156.000000	-230.374097	-183.152251	-163.886156	-337.780284	0.000000	0.000000	0.000000	0.000000	0.000000	0.000000	0.000000	0.000000	1660178551.918008	0.000000
156.000000	-172.880615	-128.254259	-124.134759	-323.430288	0.000000	0.000000	0.000000	0.000000	0.000000	0.000000	0.000000	0.000000	1660178551.918008	0.000000
157.000000	-217.658438	-171.502462	-160.523986	-347.997691	0.000000	0.000000	0.000000	0.000000	0.000000	0.000000	0.000000	0.000000	1660178551.923031	0.000000
157.000000	-249.694421	-203.112097	-178.116475	-341.699699	0.000000	0.000000	0.000000	0.000000	0.000000	0.000000	0.000000	0.000000	1660178551.923031	0.000000
158.000000	-184.938053	-132.338230	-127.160338	-314.533066	0.000000	0.000000	0.000000	0.000000	0.000000	0.000000	0.000000	0.000000	1660178551.937076	0.000000
158.000000	-200.159446	-149.792343	-140.478122	-340.005525	0.000000	0.000000	0.000000	0.000000	0.000000	0.000000	0.000000	0.000000	1660178551.937076	0.000000
159.000000	-255.947533	-209.028618	-187.215652	-353.267210	0.000000	0.000000	0.000000	0.000000	0.000000	0.000000	0.000000	0.000000	1660178551.941486	0.000000
159.000000	-215.156444	-163.065248	-156.425056	-328.183701	0.000000	0.000000	0.000000	0.000000	0.000000	0.000000	0.000000	0.000000	1660178551.941486	0.000000
160.000000	-179.189827	-130.718853	-123.876706	-334.096483	0.000000	0.000000	0.000000	0.000000	0.000000	0.000000	0.000000	0.000000	1660178551.946154	0.000000
160.000000	-243.160815	-194.327072	-169.941054	-355.466271	0.000000	0.000000	0.000000	0.000000	0.000000	0.000000	0.000000	0.000000	1660178551.946154	0.000000
161.000000	-232.588118	-183.608518	-164.488280	-327.618976	0.000000	0.000000	0.000000	0.000000	0.000000	0.000000	0.000000	0.000000	1660178551.952023	0.000000
161.000000	-171.710027	-120.867957	-122.287249	-320.726340	0.000000	0.000000	0.000000	0.000000	0.000000	0.000000	0.000000	0.000000	1660178551.952023	0.000000
162.000000	-227.296160	-175.167564	-156.167002	-345.701392	0.000000	0.000000	0.000000	0.000000	0.000000	0.000000	0.000000	0.000000	1660178551.957368	0.000000
162.000000	-256.295344	-205.486933	-178.408187	-338.763878	0.000000	0.000000	0.000000	0.000000	0.000000	0.000000	0.000000	0.000000	1660178551.957368	0.000000
163.000000	-188.487218	-137.562870	-132.291481	-321.212527	0.000000	0.000000	0.000000	0.000000	0.000000	0.000000	0.000000	0.000000	1660178551.980200	0.000000
163.000000	-196.146533	-145.573736	-136.712043	-337.122062	0.000000	0.000000	0.000000	0.000000	0.000000	0.000000	0.000000	0.000000	1660178551.980200	0.000000
164.000000	-264.455806	-209.357730	-184.163894	-352.395813	0.000000	0.000000	0.000000	0.000000	0.000000	0.000000	0.000000	0.000000	1660178551.986066	0.000000
164.000000	-208.241369	-158.625987	-148.268334	-321.769772	0.000000	0.000000	0.000000	0.000000	0.000000	0.000000	0.000000	0.000000	1660178551.986066	0.000000
165.000000	-182.327603	-131.795944	-126.094467	-329.122416	0.000000	0.000000	0.000000	0.000000	0.000000	0.000000	0.000000	0.000000	1660178551.990141	0.000000
165.000000	-249.178314	-195.422862	-173.512658	-349.822762	0.000000	0.000000	0.000000	0.000000	0.000000	0.000000	0.000000	0.000000	1660178551.990141	0.000000
166.000000	-233.223901	-179.045840	-159.185102	-323.658422	0.000000	0.000000	0.000000	0.000000	0.000000	0.000000	0.000000	0.000000	1660178551.995063	0.000000
166.000000	-175.412528	-125.729827	-117.690912	-321.608957	0.000000	0.000000	0.000000	0.000000	0.000000	0.000000	0.000000	0.000000	1660178551.995063	0.000000
167.000000	-222.393151	-171.472543	-159.387056	-345.271304	0.000000	0.000000	0.000000	0.000000	0.000000	0.000000	0.000000	0.000000	1660178552.000077	0.000000
167.000000	-247.738453	-198.691535	-172.615082	-336.097329	0.000000	0.000000	0.000000	0.000000	0.000000	0.000000	0.000000	0.000000	1660178552.000077	0.000000
168.000000	-177.215159	-130.816091	-127.366033	-313.803786	0.000000	0.000000	0.000000	0.000000	0.000000	0.000000	0.000000	0.000000	1660178552.025251	0.000000
168.000000	-191.101408	-147.899954	-138.948503	-328.909242	0.000000	0.000000	0.000000	0.000000	0.000000	0.000000	0.000000	0.000000	1660178552.025251	0.000000
169.000000	-249.799138	-203.957314	-179.230965	-335.854236	0.000000	0.000000	0.000000	0.000000	0.000000	0.000000	0.000000	0.000000	1660178552.032053	0.000000
169.000000	-204.415452	-160.028449	-144.348919	-314.278753	0.000000	0.000000	0.000000	0.000000	0.000000	0.000000	0.000000	0.000000	1660178552.032053	0.000000
170.000000	-179.773251	-126.762039	-126.187964	-314.989334	0.000000	0.000000	0.000000	0.000000	0.000000	0.000000	0.000000	0.000000	1660178552.037161	0.000000
170.000000	-242.558691	-192.610458	-170.101870	-333.599076	0.000000	0.000000	0.000000	0.000000	0.000000	0.000000	0.000000	0.000000	1660178552.037161	0.000000
171.000000	-228.814559	-177.946310	-159.794705	-315.658776	0.000000	0.000000	0.000000	0.000000	0.000000	0.000000	0.000000	0.000000	1660178552.042361	0.000000
171.000000	-170.502039	-127.984986	-125.099654	-306.918630	0.000000	0.000000	0.000000	0.000000	0.000000	0.000000	0.000000	0.000000	1660178552.042361	0.000000
172.000000	-219.704163	-169.553974	-159.491774	-335.383008	0.000000	0.000000	0.000000	0.000000	0.000000	0.000000	0.000000	0.000000	1660178552.071572	0.000000
172.000000	-250.229226	-199.951881	-177.084263	-324.354043	0.000000	0.000000	0.000000	0.000000	0.000000	0.000000	0.000000	0.000000	1660178552.071572	0.000000
173.000000	-182.361262	-139.148588	-131.947410	-310.041446	0.000000	0.000000	0.000000	0.000000	0.000000	0.000000	0.000000	0.000000	1660178552.076418	0.000000
173.000000	-194.471058	-142.435960	-138.858745	-325.027225	0.000000	0.000000	0.000000	0.000000	0.000000	0.000000	0.000000	0.000000	1660178552.076418	0.000000
174.000000	-259.728572	-205.198961	-181.358969	-334.040384	0.000000	0.000000	0.000000	0.000000	0.000000	0.000000	0.000000	0.000000	1660178552.081404	0.000000
174.000000	-205.514982	-155.738784	-142.280754	-311.847818	0.000000	0.000000	0.000000	0.000000	0.000000	0.000000	0.000000	0.000000	1660178552.081404	0.000000
175.000000	-174.731866	-133.882809	-125.159492	-319.106964	0.000000	0.000000	0.000000	0.000000	0.000000	0.000000	0.000000	0.000000	1660178552.087289	0.000000
175.000000	-244.054651	-195.520100	-169.552104	-336.602216	0.000000	0.000000	0.000000	0.000000	0.000000	0.000000	0.000000	0.000000	1660178552.087289	0.000000
176.000000	-239.095544	-182.243455	-159.323478	-316.522693	0.000000	0.000000	0.000000	0.000000	0.000000	0.000000	0.000000	0.000000	1660178552.094658	0.000000
176.000000	-183.849742	-126.627403	-126.247803	-313.205402	0.000000	0.000000	0.000000	0.000000	0.000000	0.000000	0.000000	0.000000	1660178552.094658	0.000000
177.000000	-230.699469	-169.864386	-154.570065	-332.622962	0.000000	0.000000	0.000000	0.000000	0.000000	0.000000	0.000000	0.000000	1660178552.130822	0.000000
177.000000	-262.469919	-201.021493	-178.763478	-333.228826	0.000000	0.000000	0.000000	0.000000	0.000000	0.000000	0.000000	0.000000	1660178552.130822	0.000000
178.000000	-200.454898	-137.652628	-135.444217	-313.684109	0.000000	0.000000	0.000000	0.000000	0.000000	0.000000	0.000000	0.000000	1660178552.135787	0.000000
178.000000	-214.352366	-152.716945	-139.101839	-333.262485	0.000000	0.000000	0.000000	0.000000	0.000000	0.000000	0.000000	0.000000	1660178552.135787	0.000000
179.000000	-275.899900	-212.301031	-185.712212	-340.502931	0.000000	0.000000	0.000000	0.000000	0.000000	0.000000	0.000000	0.000000	1660178552.141461	0.000000
179.000000	-225.194336	-161.890919	-145.500808	-316.952781	0.000000	0.000000	0.000000	0.000000	0.000000	0.000000	0.000000	0.000000	1660178552.141461	0.000000
180.000000	-205.630919	-134.757945	-130.795521	-322.244740	0.000000	0.000000	0.000000	0.000000	0.000000	0.000000	0.000000	0.000000	1660178552.147107	0.000000
180.000000	-268.992304	-195.123670	-173.808111	-340.196260	0.000000	0.000000	0.000000	0.000000	0.000000	0.000000	0.000000	0.000000	1660178552.147107	0.000000
181.000000	-253.995305	-183.084932	-167.371743	-322.760846	0.000000	0.000000	0.000000	0.000000	0.000000	0.000000	0.000000	0.000000	1660178552.152039	0.000000
181.000000	-192.268257	-122.042285	-121.939438	-318.504840	0.000000	0.000000	0.000000	0.000000	0.000000	0.000000	0.000000	0.000000	1660178552.152039	0.000000
182.000000	-244.791412	-176.278314	-159.948041	-347.825655	0.000000	0.000000	0.000000	0.000000	0.000000	0.000000	0.000000	0.000000	1660178552.157024	0.000000
182.000000	-275.365094	-203.441208	-178.913074	-336.475059	0.000000	0.000000	0.000000	0.000000	0.000000	0.000000	0.000000	0.000000	1660178552.157024	0.000000
183.000000	-207.126879	-136.115529	-132.998322	-318.972327	0.000000	0.000000	0.000000	0.000000	0.000000	0.000000	0.000000	0.000000	1660178552.176065	0.000000
183.000000	-213.974636	-155.480731	-141.663670	-337.963539	0.000000	0.000000	0.000000	0.000000	0.000000	0.000000	0.000000	0.000000	1660178552.176065	0.000000
184.000000	-278.962878	-210.236606	-183.636568	-353.454205	0.000000	0.000000	0.000000	0.000000	0.000000	0.000000	0.000000	0.000000	1660178552.182389	0.000000
184.000000	-221.024347	-160.125687	-145.878538	-328.580130	0.000000	0.000000	0.000000	0.000000	0.000000	0.000000	0.000000	0.000000	1660178552.182389	0.000000
185.000000	-205.342947	-136.478299	-133.297514	-344.624301	0.000000	0.000000	0.000000	0.000000	0.000000	0.000000	0.000000	0.000000	1660178552.187392	0.000000
185.000000	-268.221885	-200.464247	-179.092589	-365.739776	0.000000	0.000000	0.000000	0.000000	0.000000	0.000000	0.000000	0.000000	1660178552.187392	0.000000
186.000000	-250.719153	-177.153451	-164.690234	-338.640461	0.000000	0.000000	0.000000	0.000000	0.000000	0.000000	0.000000	0.000000	1660178552.193041	0.000000
186.000000	-195.596768	-124.828511	-128.084094	-334.893081	0.000000	0.000000	0.000000	0.000000	0.000000	0.000000	0.000000	0.000000	1660178552.193041	0.000000
187.000000	-249.320431	-180.538061	-159.951781	-361.685725	0.000000	0.000000	0.000000	0.000000	0.000000	0.000000	0.000000	0.000000	1660178552.221093	0.000000
187.000000	-278.035382	-206.137676	-184.362108	-359.221131	0.000000	0.000000	0.000000	0.000000	0.000000	0.000000	0.000000	0.000000	1660178552.221093	0.000000
188.000000	-205.731897	-141.108295	-138.331420	-337.320277	0.000000	0.000000	0.000000	0.000000	0.000000	0.000000	0.000000	0.000000	1660178552.225022	0.000000
188.000000	-228.470488	-154.276483	-145.568126	-362.392566	0.000000	0.000000	0.000000	0.000000	0.000000	0.000000	0.000000	0.000000	1660178552.225022	0.000000
189.000000	-286.094867	-213.030311	-189.485771	-367.243216	0.000000	0.000000	0.000000	0.000000	0.000000	0.000000	0.000000	0.000000	1660178552.231041	0.000000
189.000000	-237.928695	-159.284209	-161.118630	-351.718891	0.000000	0.000000	0.000000	0.000000	0.000000	0.000000	0.000000	0.000000	1660178552.231041	0.000000
190.000000	-212.041108	-134.570950	-138.544594	-355.892620	0.000000	0.000000	0.000000	0.000000	0.000000	0.000000	0.000000	0.000000	1660178552.236148	0.000000
190.000000	-275.634367	-196.002547	-179.619915	-371.005555	0.000000	0.000000	0.000000	0.000000	0.000000	0.000000	0.000000	0.000000	1660178552.236148	0.000000
191.000000	-256.650634	-185.508388	-173.247126	-351.131727	0.000000	0.000000	0.000000	0.000000	0.000000	0.000000	0.000000	0.000000	1660178552.241139	0.000000
191.000000	-200.896206	-127.214567	-134.718676	-347.174913	0.000000	0.000000	0.000000	0.000000	0.000000	0.000000	0.000000	0.000000	1660178552.241139	0.000000
192.000000	-251.575590	-177.261908	-171.033105	-377.886971	0.000000	0.000000	0.000000	0.000000	0.000000	0.000000	0.000000	0.000000	1660178552.266124	0.000000
192.000000	-282.957091	-205.520592	-190.237491	-368.451204	0.000000	0.000000	0.000000	0.000000	0.000000	0.000000	0.000000	0.000000	1660178552.266124	0.000000
193.000000	-212.261762	-141.673020	-138.645571	-347.062716	0.000000	0.000000	0.000000	0.000000	0.000000	0.000000	0.000000	0.000000	1660178552.270770	0.000000
193.000000	-225.011081	-153.109634	-150.156983	-368.477383	0.000000	0.000000	0.000000	0.000000	0.000000	0.000000	0.000000	0.000000	1660178552.270770	0.000000
194.000000	-285.638599	-210.752712	-188.588195	-370.298714	0.000000	0.000000	0.000000	0.000000	0.000000	0.000000	0.000000	0.000000	1660178552.275744	0.000000
194.000000	-235.561339	-164.538769	-159.076645	-349.680646	0.000000	0.000000	0.000000	0.000000	0.000000	0.000000	0.000000	0.000000	1660178552.275744	0.000000
195.000000	-202.668918	-141.336429	-136.674644	-365.900592	0.000000	0.000000	0.000000	0.000000	0.000000	0.000000	0.000000	0.000000	1660178552.280242	0.000000
195.000000	-275.907379	-204.428541	-182.327603	-380.908810	0.000000	0.000000	0.000000	0.000000	0.000000	0.000000	0.000000	0.000000	1660178552.280242	0.000000
196.000000	-262.866348	-183.638438	-172.274752	-362.014836	0.000000	0.000000	0.000000	0.000000	0.000000	0.000000	0.000000	0.000000	1660178552.311174	0.000000
196.000000	-204.654805	-137.454413	-133.798661	-357.141746	0.000000	0.000000	0.000000	0.000000	0.000000	0.000000	0.000000	0.000000	1660178552.311174	0.000000
197.000000	-253.830750	-182.886718	-173.434121	-384.787087	0.000000	0.000000	0.000000	0.000000	0.000000	0.000000	0.000000	0.000000	1660178552.317025	0.000000
197.000000	-282.111873	-207.644855	-188.064609	-368.914951	0.000000	0.000000	0.000000	0.000000	0.000000	0.000000	0.000000	0.000000	1660178552.317025	0.000000
198.000000	-211.379145	-140.292997	-136.581146	-349.097221	0.000000	0.000000	0.000000	0.000000	0.000000	0.000000	0.000000	0.000000	1660178552.323416	0.000000
198.000000	-223.092512	-157.649873	-151.503347	-373.724463	0.000000	0.000000	0.000000	0.000000	0.000000	0.000000	0.000000	0.000000	1660178552.323416	0.000000
199.000000	-280.941285	-216.037191	-191.602555	-379.424070	0.000000	0.000000	0.000000	0.000000	0.000000	0.000000	0.000000	0.000000	1660178552.326926	0.000000
199.000000	-232.318845	-164.336814	-153.347118	-354.370480	0.000000	0.000000	0.000000	0.000000	0.000000	0.000000	0.000000	0.000000	1660178552.326926	0.000000
200.000000	-202.111673	-133.385402	-133.241416	-358.058022	0.000000	0.000000	0.000000	0.000000	0.000000	0.000000	0.000000	0.000000	1660178552.333133	0.000000
200.000000	-268.947426	-201.047672	-182.413620	-373.544947	0.000000	0.000000	0.000000	0.000000	0.000000	0.000000	0.000000	0.000000	1660178552.333133	0.000000
0.000000	-257.587479	-190.450665	-170.649765	-357.891596	0.000000	0.000000	0.000000	0.000000	0.000000	0.000000	0.000000	0.000000	1660178552.357076	0.000000
101.000000	-199.551712	-134.797214	-132.263432	-349.824632	0.000000	0.000000	0.000000	0.000000	0.000000	0.000000	0.000000	0.000000	1660178552.363061	0.000000
101.000000	-250.504109	-183.326156	-168.783555	-375.057737	0.000000	0.000000	0.000000	0.000000	0.000000	0.000000	0.000000	0.000000	1660178552.363061	0.000000
102.000000	-272.303986	-203.480477	-182.628665	-364.346664	0.000000	0.000000	0.000000	0.000000	0.000000	0.000000	0.000000	0.000000	1660178552.368050	0.000000
102.000000	-203.306571	-136.756922	-135.573243	-344.375598	0.000000	0.000000	0.000000	0.000000	0.000000	0.000000	0.000000	0.000000	1660178552.368050	0.000000
103.000000	-219.754651	-159.229981	-146.258138	-364.402762	0.000000	0.000000	0.000000	0.000000	0.000000	0.000000	0.000000	0.000000	1660178552.372391	0.000000
103.000000	-280.142816	-218.028688	-193.616491	-373.172827	0.000000	0.000000	0.000000	0.000000	0.000000	0.000000	0.000000	0.000000	1660178552.372391	0.000000
104.000000	-227.077376	-165.142762	-153.034836	-348.848518	0.000000	0.000000	0.000000	0.000000	0.000000	0.000000	0.000000	0.000000	1660178552.377432	0.000000
104.000000	-198.399823	-141.203663	-134.795344	-357.278253	0.000000	0.000000	0.000000	0.000000	0.000000	0.000000	0.000000	0.000000	1660178552.377432	0.000000
105.000000	-259.218076	-197.081508	-178.107126	-363.452827	0.000000	0.000000	0.000000	0.000000	0.000000	0.000000	0.000000	0.000000	1660178552.417044	0.000000
105.000000	-244.886779	-183.139161	-169.512835	-343.799653	0.000000	0.000000	0.000000	0.000000	0.000000	0.000000	0.000000	0.000000	1660178552.417044	0.000000
106.000000	-188.287133	-125.802755	-124.746233	-334.648118	0.000000	0.000000	0.000000	0.000000	0.000000	0.000000	0.000000	0.000000	1660178552.422521	0.000000
106.000000	-242.018276	-178.767218	-160.163086	-363.392989	0.000000	0.000000	0.000000	0.000000	0.000000	0.000000	0.000000	0.000000	1660178552.422521	0.000000
107.000000	-274.394590	-212.908765	-185.123178	-353.523393	0.000000	0.000000	0.000000	0.000000	0.000000	0.000000	0.000000	0.000000	1660178552.427986	0.000000
107.000000	-201.272066	-142.636044	-138.621262	-336.301154	0.000000	0.000000	0.000000	0.000000	0.000000	0.000000	0.000000	0.000000	1660178552.427986	0.000000
108.000000	-219.664894	-156.193182	-145.005271	-358.037452	0.000000	0.000000	0.000000	0.000000	0.000000	0.000000	0.000000	0.000000	1660178552.433829	0.000000
108.000000	-277.173335	-213.753982	-194.166256	-359.507233	0.000000	0.000000	0.000000	0.000000	0.000000	0.000000	0.000000	0.000000	1660178552.433829	0.000000
109.000000	-225.697352	-165.456914	-156.348388	-333.496229	0.000000	0.000000	0.000000	0.000000	0.000000	0.000000	0.000000	0.000000	1660178552.461256	0.000000
109.000000	-199.413336	-140.459423	-136.265125	-345.736921	0.000000	0.000000	0.000000	0.000000	0.000000	0.000000	0.000000	0.000000	1660178552.461256	0.000000
110.000000	-259.921177	-203.061608	-184.659430	-361.291165	0.000000	0.000000	0.000000	0.000000	0.000000	0.000000	0.000000	0.000000	1660178552.467141	0.000000
110.000000	-243.394559	-184.893174	-169.299661	-338.926564	0.000000	0.000000	0.000000	0.000000	0.000000	0.000000	0.000000	0.000000	1660178552.467141	0.000000
111.000000	-182.131258	-126.064548	-127.195867	-328.234190	0.000000	0.000000	0.000000	0.000000	0.000000	0.000000	0.000000	0.000000	1660178552.471147	0.000000
111.000000	-231.770950	-177.061824	-163.491597	-358.033712	0.000000	0.000000	0.000000	0.000000	0.000000	0.000000	0.000000	0.000000	1660178552.471147	0.000000
112.000000	-261.626571	-205.133513	-178.088426	-346.683116	0.000000	0.000000	0.000000	0.000000	0.000000	0.000000	0.000000	0.000000	1660178552.476389	0.000000
112.000000	-197.203055	-137.179530	-135.244132	-329.415998	0.000000	0.000000	0.000000	0.000000	0.000000	0.000000	0.000000	0.000000	1660178552.476389	0.000000
113.000000	-214.720746	-158.762493	-145.596175	-349.256167	0.000000	0.000000	0.000000	0.000000	0.000000	0.000000	0.000000	0.000000	1660178552.491776	0.000000
113.000000	-271.499907	-213.297714	-185.130658	-349.286086	0.000000	0.000000	0.000000	0.000000	0.000000	0.000000	0.000000	0.000000	1660178552.491776	0.000000
114.000000	-213.441700	-154.469088	-144.470465	-325.418045	0.000000	0.000000	0.000000	0.000000	0.000000	0.000000	0.000000	0.000000	1660178552.497137	0.000000
114.000000	-186.533120	-133.649065	-130.759992	-329.984463	0.000000	0.000000	0.000000	0.000000	0.000000	0.000000	0.000000	0.000000	1660178552.497137	0.000000
115.000000	-255.463216	-197.376960	-176.835560	-350.217322	0.000000	0.000000	0.000000	0.000000	0.000000	0.000000	0.000000	0.000000	1660178552.501038	0.000000
115.000000	-237.709911	-184.698699	-167.381092	-333.398991	0.000000	0.000000	0.000000	0.000000	0.000000	0.000000	0.000000	0.000000	1660178552.501038	0.000000
116.000000	-179.419830	-127.807341	-124.828511	-324.890719	0.000000	0.000000	0.000000	0.000000	0.000000	0.000000	0.000000	0.000000	1660178552.505493	0.000000
116.000000	-237.814628	-179.477799	-163.712251	-352.113451	0.000000	0.000000	0.000000	0.000000	0.000000	0.000000	0.000000	0.000000	1660178552.505493	0.000000
117.000000	-267.479515	-203.835767	-177.938830	-338.002808	0.000000	0.000000	0.000000	0.000000	0.000000	0.000000	0.000000	0.000000	1660178552.510548	0.000000
117.000000	-198.044532	-129.404278	-130.587957	-320.144786	0.000000	0.000000	0.000000	0.000000	0.000000	0.000000	0.000000	0.000000	1660178552.510548	0.000000
118.000000	-208.045025	-153.006787	-141.811396	-344.398037	0.000000	0.000000	0.000000	0.000000	0.000000	0.000000	0.000000	0.000000	1660178552.534935	0.000000
118.000000	-266.069572	-210.227256	-183.137291	-351.099938	0.000000	0.000000	0.000000	0.000000	0.000000	0.000000	0.000000	0.000000	1660178552.534935	0.000000
119.000000	-219.447980	-157.737760	-150.401947	-331.802054	0.000000	0.000000	0.000000	0.000000	0.000000	0.000000	0.000000	0.000000	1660178552.540287	0.000000
119.000000	-191.013520	-135.646171	-132.502785	-339.068680	0.000000	0.000000	0.000000	0.000000	0.000000	0.000000	0.000000	0.000000	1660178552.540287	0.000000
120.000000	-257.591219	-194.759030	-175.638792	-357.790619	0.000000	0.000000	0.000000	0.000000	0.000000	0.000000	0.000000	0.000000	1660178552.544257	0.000000
120.000000	-241.446071	-180.483832	-162.130273	-342.920777	0.000000	0.000000	0.000000	0.000000	0.000000	0.000000	0.000000	0.000000	1660178552.544257	0.000000
121.000000	-197.505987	-126.715290	-129.290211	-336.039361	0.000000	0.000000	0.000000	0.000000	0.000000	0.000000	0.000000	0.000000	1660178552.549525	0.000000
121.000000	-249.296121	-179.649834	-167.990696	-358.654536	0.000000	0.000000	0.000000	0.000000	0.000000	0.000000	0.000000	0.000000	1660178552.549525	0.000000
122.000000	-271.926256	-202.930711	-183.679576	-352.595898	0.000000	0.000000	0.000000	0.000000	0.000000	0.000000	0.000000	0.000000	1660178552.554022	0.000000
122.000000	-206.373289	-137.991089	-134.451273	-331.147572	0.000000	0.000000	0.000000	0.000000	0.000000	0.000000	0.000000	0.000000	1660178552.554022	0.000000
123.000000	-223.524471	-160.400569	-150.884394	-359.578291	0.000000	0.000000	0.000000	0.000000	0.000000	0.000000	0.000000	0.000000	1660178552.581038	0.000000
123.000000	-275.112651	-212.863886	-188.515267	-363.808118	0.000000	0.000000	0.000000	0.000000	0.000000	0.000000	0.000000	0.000000	1660178552.581038	0.000000
124.000000	-225.588895	-165.655129	-153.603301	-345.916437	0.000000	0.000000	0.000000	0.000000	0.000000	0.000000	0.000000	0.000000	1660178552.587167	0.000000
124.000000	-195.572458	-139.180377	-139.866648	-348.351111	0.000000	0.000000	0.000000	0.000000	0.000000	0.000000	0.000000	0.000000	1660178552.587167	0.000000
125.000000	-257.531381	-200.735390	-178.256722	-370.839130	0.000000	0.000000	0.000000	0.000000	0.000000	0.000000	0.000000	0.000000	1660178552.591692	0.000000
125.000000	-237.365840	-182.383701	-163.042809	-341.866125	0.000000	0.000000	0.000000	0.000000	0.000000	0.000000	0.000000	0.000000	1660178552.591692	0.000000
126.000000	-179.109419	-121.939438	-124.794852	-335.886025	0.000000	0.000000	0.000000	0.000000	0.000000	0.000000	0.000000	0.000000	1660178552.597491	0.000000
126.000000	-232.724624	-174.002585	-166.820107	-362.446794	0.000000	0.000000	0.000000	0.000000	0.000000	0.000000	0.000000	0.000000	1660178552.597491	0.000000
127.000000	-258.941323	-197.982824	-181.966702	-353.818845	0.000000	0.000000	0.000000	0.000000	0.000000	0.000000	0.000000	0.000000	1660178552.625679	0.000000
127.000000	-191.854998	-134.800954	-135.965933	-335.111866	0.000000	0.000000	0.000000	0.000000	0.000000	0.000000	0.000000	0.000000	1660178552.625679	0.000000
128.000000	-215.188234	-157.045879	-153.502324	-361.164009	0.000000	0.000000	0.000000	0.000000	0.000000	0.000000	0.000000	0.000000	1660178552.629897	0.000000
128.000000	-276.204701	-214.049434	-196.791666	-370.532458	0.000000	0.000000	0.000000	0.000000	0.000000	0.000000	0.000000	0.000000	1660178552.629897	0.000000
129.000000	-211.205240	-154.177376	-151.426679	-339.812920	0.000000	0.000000	0.000000	0.000000	0.000000	0.000000	0.000000	0.000000	1660178552.634161	0.000000
129.000000	-187.284840	-134.094113	-134.907541	-355.670096	0.000000	0.000000	0.000000	0.000000	0.000000	0.000000	0.000000	0.000000	1660178552.634161	0.000000
130.000000	-256.970396	-202.399646	-182.826879	-378.707879	0.000000	0.000000	0.000000	0.000000	0.000000	0.000000	0.000000	0.000000	1660178552.639393	0.000000
130.000000	-236.026956	-186.366695	-171.165871	-351.111158	0.000000	0.000000	0.000000	0.000000	0.000000	0.000000	0.000000	0.000000	1660178552.639393	0.000000
131.000000	-177.935090	-128.959230	-130.464540	-342.617845	0.000000	0.000000	0.000000	0.000000	0.000000	0.000000	0.000000	0.000000	1660178552.645426	0.000000
131.000000	-239.621000	-185.573836	-171.753036	-371.321577	0.000000	0.000000	0.000000	0.000000	0.000000	0.000000	0.000000	0.000000	1660178552.645426	0.000000
132.000000	-258.159684	-208.806094	-190.287980	-363.411689	0.000000	0.000000	0.000000	0.000000	0.000000	0.000000	0.000000	0.000000	1660178552.686030	0.000000
132.000000	-191.282793	-141.959123	-143.913220	-343.018014	0.000000	0.000000	0.000000	0.000000	0.000000	0.000000	0.000000	0.000000	1660178552.686030	0.000000
133.000000	-211.238899	-160.041539	-152.993697	-367.211427	0.000000	0.000000	0.000000	0.000000	0.000000	0.000000	0.000000	0.000000	1660178552.691360	0.000000
133.000000	-269.353205	-215.395798	-195.194728	-376.232066	0.000000	0.000000	0.000000	0.000000	0.000000	0.000000	0.000000	0.000000	1660178552.691360	0.000000
134.000000	-207.087610	-162.745486	-152.788003	-342.920777	0.000000	0.000000	0.000000	0.000000	0.000000	0.000000	0.000000	0.000000	1660178552.697138	0.000000
134.000000	-180.579199	-137.987349	-135.083316	-351.649703	0.000000	0.000000	0.000000	0.000000	0.000000	0.000000	0.000000	0.000000	1660178552.697138	0.000000
135.000000	-252.587233	-201.053282	-186.847272	-378.386248	0.000000	0.000000	0.000000	0.000000	0.000000	0.000000	0.000000	0.000000	1660178552.700458	0.000000
135.000000	-227.305509	-178.950473	-161.487010	-343.578999	0.000000	0.000000	0.000000	0.000000	0.000000	0.000000	0.000000	0.000000	1660178552.700458	0.000000
136.000000	-172.407518	-130.522508	-129.264032	-340.983509	0.000000	0.000000	0.000000	0.000000	0.000000	0.000000	0.000000	0.000000	1660178552.705494	0.000000
136.000000	-229.429773	-178.834536	-165.342847	-369.724640	0.000000	0.000000	0.000000	0.000000	0.000000	0.000000	0.000000	0.000000	1660178552.705494	0.000000
137.000000	-266.854951	-207.168018	-188.085179	-361.463201	0.000000	0.000000	0.000000	0.000000	0.000000	0.000000	0.000000	0.000000	1660178552.710064	0.000000
137.000000	-195.927749	-143.413944	-139.526318	-347.281500	0.000000	0.000000	0.000000	0.000000	0.000000	0.000000	0.000000	0.000000	1660178552.710064	0.000000
138.000000	-211.751266	-156.641970	-148.711512	-363.804378	0.000000	0.000000	0.000000	0.000000	0.000000	0.000000	0.000000	0.000000	1660178552.729877	0.000000
138.000000	-265.961115	-214.419684	-190.568472	-362.936721	0.000000	0.000000	0.000000	0.000000	0.000000	0.000000	0.000000	0.000000	1660178552.729877	0.000000
139.000000	-211.063124	-157.633043	-147.911173	-332.501415	0.000000	0.000000	0.000000	0.000000	0.000000	0.000000	0.000000	0.000000	1660178552.734162	0.000000
139.000000	-192.150450	-140.253728	-139.589896	-348.777460	0.000000	0.000000	0.000000	0.000000	0.000000	0.000000	0.000000	0.000000	1660178552.734162	0.000000
140.000000	-255.272481	-202.429565	-180.100492	-364.873989	0.000000	0.000000	0.000000	0.000000	0.000000	0.000000	0.000000	0.000000	1660178552.737504	0.000000
140.000000	-243.981723	-187.421346	-172.302801	-348.291273	0.000000	0.000000	0.000000	0.000000	0.000000	0.000000	0.000000	0.000000	1660178552.737504	0.000000
141.000000	-184.461216	-133.417191	-128.762886	-338.197283	0.000000	0.000000	0.000000	0.000000	0.000000	0.000000	0.000000	0.000000	1660178552.742648	0.000000
141.000000	-237.956745	-181.811496	-163.027849	-361.283685	0.000000	0.000000	0.000000	0.000000	0.000000	0.000000	0.000000	0.000000	1660178552.742648	0.000000
142.000000	-253.447410	-201.172959	-177.632158	-349.099091	0.000000	0.000000	0.000000	0.000000	0.000000	0.000000	0.000000	0.000000	1660178552.776054	0.000000
142.000000	-187.221262	-136.180977	-131.388295	-324.834621	0.000000	0.000000	0.000000	0.000000	0.000000	0.000000	0.000000	0.000000	1660178552.776054	0.000000
143.000000	-197.857537	-149.928849	-141.755298	-347.374998	0.000000	0.000000	0.000000	0.000000	0.000000	0.000000	0.000000	0.000000	1660178552.779818	0.000000
143.000000	-267.281300	-210.515229	-188.627464	-356.586371	0.000000	0.000000	0.000000	0.000000	0.000000	0.000000	0.000000	0.000000	1660178552.779818	0.000000
144.000000	-211.646548	-158.261346	-150.278530	-328.260369	0.000000	0.000000	0.000000	0.000000	0.000000	0.000000	0.000000	0.000000	1660178552.785156	0.000000
144.000000	-191.963455	-141.140084	-137.465633	-343.298507	0.000000	0.000000	0.000000	0.000000	0.000000	0.000000	0.000000	0.000000	1660178552.785156	0.000000
145.000000	-249.202624	-201.756383	-179.060800	-357.386710	0.000000	0.000000	0.000000	0.000000	0.000000	0.000000	0.000000	0.000000	1660178552.790030	0.000000
145.000000	-239.501323	-187.967372	-167.871019	-341.993281	0.000000	0.000000	0.000000	0.000000	0.000000	0.000000	0.000000	0.000000	1660178552.790030	0.000000
146.000000	-180.410904	-130.604786	-129.155575	-333.350373	0.000000	0.000000	0.000000	0.000000	0.000000	0.000000	0.000000	0.000000	1660178552.794921	0.000000
146.000000	-233.670819	-177.353536	-164.976337	-350.187402	0.000000	0.000000	0.000000	0.000000	0.000000	0.000000	0.000000	0.000000	1660178552.794921	0.000000
147.000000	-263.066433	-204.942778	-182.030281	-352.775413	0.000000	0.000000	0.000000	0.000000	0.000000	0.000000	0.000000	0.000000	1660178552.820294	0.000000
147.000000	-186.405964	-137.172051	-132.517745	-326.173505	0.000000	0.000000	0.000000	0.000000	0.000000	0.000000	0.000000	0.000000	1660178552.820294	0.000000
148.000000	-208.927641	-159.974221	-150.218692	-349.439422	0.000000	0.000000	0.000000	0.000000	0.000000	0.000000	0.000000	0.000000	1660178552.825544	0.000000
148.000000	-270.957622	-215.968003	-189.450242	-359.301538	0.000000	0.000000	0.000000	0.000000	0.000000	0.000000	0.000000	0.000000	1660178552.825544	0.000000
149.000000	-213.030311	-157.879877	-151.561316	-327.340353	0.000000	0.000000	0.000000	0.000000	0.000000	0.000000	0.000000	0.000000	1660178552.833169	0.000000
149.000000	-185.729042	-135.515275	-132.880515	-337.101492	0.000000	0.000000	0.000000	0.000000	0.000000	0.000000	0.000000	0.000000	1660178552.833169	0.000000
150.000000	-255.238822	-198.218438	-182.733382	-356.070265	0.000000	0.000000	0.000000	0.000000	0.000000	0.000000	0.000000	0.000000	1660178552.838513	0.000000
150.000000	-235.671666	-182.009711	-163.162485	-331.547741	0.000000	0.000000	0.000000	0.000000	0.000000	0.000000	0.000000	0.000000	1660178552.838513	0.000000
151.000000	-179.206656	-129.063947	-127.326764	-321.427572	0.000000	0.000000	0.000000	0.000000	0.000000	0.000000	0.000000	0.000000	1660178552.865534	0.000000
151.000000	-233.259430	-178.266071	-161.898399	-348.223955	0.000000	0.000000	0.000000	0.000000	0.000000	0.000000	0.000000	0.000000	1660178552.865534	0.000000
152.000000	-260.149311	-199.777976	-178.787787	-343.212489	0.000000	0.000000	0.000000	0.000000	0.000000	0.000000	0.000000	0.000000	1660178552.870047	0.000000
152.000000	-185.833759	-138.776468	-135.625602	-324.120300	0.000000	0.000000	0.000000	0.000000	0.000000	0.000000	0.000000	0.000000	1660178552.870047	0.000000
153.000000	-206.036698	-158.706395	-152.369134	-346.772874	0.000000	0.000000	0.000000	0.000000	0.000000	0.000000	0.000000	0.000000	1660178552.873859	0.000000
153.000000	-266.727795	-214.322447	-187.146464	-349.862031	0.000000	0.000000	0.000000	0.000000	0.000000	0.000000	0.000000	0.000000	1660178552.873859	0.000000
154.000000	-212.177614	-161.990027	-148.939646	-325.533982	0.000000	0.000000	0.000000	0.000000	0.000000	0.000000	0.000000	0.000000	1660178552.878156	0.000000
154.000000	-181.203763	-135.118845	-133.938907	-329.546894	0.000000	0.000000	0.000000	0.000000	0.000000	0.000000	0.000000	0.000000	1660178552.878156	0.000000
155.000000	-244.486610	-196.067995	-169.946664	-348.493228	0.000000	0.000000	0.000000	0.000000	0.000000	0.000000	0.000000	0.000000	1660178552.882276	0.000000
155.000000	-236.015736	-184.414467	-164.965117	-331.824494	0.000000	0.000000	0.000000	0.000000	0.000000	0.000000	0.000000	0.000000	1660178552.882276	0.000000
156.000000	-182.718422	-125.320308	-119.667449	-322.613120	0.000000	0.000000	0.000000	0.000000	0.000000	0.000000	0.000000	0.000000	1660178552.910888	0.000000
156.000000	-238.540169	-180.513751	-161.464571	-346.432543	0.000000	0.000000	0.000000	0.000000	0.000000	0.000000	0.000000	0.000000	1660178552.910888	0.000000
157.000000	-260.022154	-201.012143	-179.752682	-339.685763	0.000000	0.000000	0.000000	0.000000	0.000000	0.000000	0.000000	0.000000	1660178552.916043	0.000000
157.000000	-193.949342	-135.922924	-128.706787	-318.390773	0.000000	0.000000	0.000000	0.000000	0.000000	0.000000	0.000000	0.000000	1660178552.916043	0.000000
158.000000	-213.826910	-158.081831	-143.857122	-340.587079	0.000000	0.000000	0.000000	0.000000	0.000000	0.000000	0.000000	0.000000	1660178552.921418	0.000000
158.000000	-270.134844	-215.317260	-181.435637	-340.527241	0.000000	0.000000	0.000000	0.000000	0.000000	0.000000	0.000000	0.000000	1660178552.921418	0.000000
159.000000	-212.951773	-156.462455	-141.373828	-313.360607	0.000000	0.000000	0.000000	0.000000	0.000000	0.000000	0.000000	0.000000	1660178552.927211	0.000000
159.000000	-192.890950	-135.189904	-125.486733	-327.908818	0.000000	0.000000	0.000000	0.000000	0.000000	0.000000	0.000000	0.000000	1660178552.927211	0.000000
160.000000	-260.403624	-199.385286	-173.106879	-346.114651	0.000000	0.000000	0.000000	0.000000	0.000000	0.000000	0.000000	0.000000	1660178552.957069	0.000000
160.000000	-245.159792	-184.122755	-164.856660	-324.004363	0.000000	0.000000	0.000000	0.000000	0.000000	0.000000	0.000000	0.000000	1660178552.957069	0.000000
161.000000	-191.533366	-128.431904	-126.604963	-317.268803	0.000000	0.000000	0.000000	0.000000	0.000000	0.000000	0.000000	0.000000	1660178552.962538	0.000000
161.000000	-247.957237	-180.248218	-163.854367	-341.555713	0.000000	0.000000	0.000000	0.000000	0.000000	0.000000	0.000000	0.000000	1660178552.962538	0.000000
162.000000	-273.710188	-203.802108	-181.076606	-332.340600	0.000000	0.000000	0.000000	0.000000	0.000000	0.000000	0.000000	0.000000	1660178552.969244	0.000000
162.000000	-210.378722	-138.836306	-131.526672	-310.596821	0.000000	0.000000	0.000000	0.000000	0.000000	0.000000	0.000000	0.000000	1660178552.969244	0.000000
163.000000	-231.741031	-159.948041	-144.960392	-330.474390	0.000000	0.000000	0.000000	0.000000	0.000000	0.000000	0.000000	0.000000	1660178552.972847	0.000000
163.000000	-283.830357	-210.627426	-182.007841	-327.474990	0.000000	0.000000	0.000000	0.000000	0.000000	0.000000	0.000000	0.000000	1660178552.972847	0.000000
164.000000	-236.636560	-161.948888	-149.530550	-305.585355	0.000000	0.000000	0.000000	0.000000	0.000000	0.000000	0.000000	0.000000	1660178552.980431	0.000000
164.000000	-217.705186	-140.418284	-132.869296	-320.511296	0.000000	0.000000	0.000000	0.000000	0.000000	0.000000	0.000000	0.000000	1660178552.980431	0.000000
165.000000	-279.204101	-198.678445	-173.275175	-332.778168	0.000000	0.000000	0.000000	0.000000	0.000000	0.000000	0.000000	0.000000	1660178553.017204	0.000000
165.000000	-256.734782	-182.671673	-161.004563	-310.406086	0.000000	0.000000	0.000000	0.000000	0.000000	0.000000	0.000000	0.000000	1660178553.017204	0.000000
166.000000	-199.555452	-124.557368	-122.117083	-305.009411	0.000000	0.000000	0.000000	0.000000	0.000000	0.000000	0.000000	0.000000	1660178553.022364	0.000000
166.000000	-255.840946	-177.334836	-159.538522	-332.363039	0.000000	0.000000	0.000000	0.000000	0.000000	0.000000	0.000000	0.000000	1660178553.022364	0.000000
167.000000	-279.765086	-200.712951	-174.718776	-318.042962	0.000000	0.000000	0.000000	0.000000	0.000000	0.000000	0.000000	0.000000	1660178553.026542	0.000000
167.000000	-212.226233	-138.903624	-127.973767	-304.224032	0.000000	0.000000	0.000000	0.000000	0.000000	0.000000	0.000000	0.000000	1660178553.026542	0.000000
168.000000	-235.929719	-156.784086	-146.254398	-323.738830	0.000000	0.000000	0.000000	0.000000	0.000000	0.000000	0.000000	0.000000	1660178553.030387	0.000000
168.000000	-290.659415	-214.745055	-182.546387	-322.227910	0.000000	0.000000	0.000000	0.000000	0.000000	0.000000	0.000000	0.000000	1660178553.030387	0.000000
169.000000	-229.470912	-154.775760	-138.423047	-300.989018	0.000000	0.000000	0.000000	0.000000	0.000000	0.000000	0.000000	0.000000	1660178553.045166	0.000000
169.000000	-203.860077	-133.204017	-124.028172	-306.625048	0.000000	0.000000	0.000000	0.000000	0.000000	0.000000	0.000000	0.000000	1660178553.045166	0.000000
170.000000	-263.597499	-194.497237	-168.895752	-326.487656	0.000000	0.000000	0.000000	0.000000	0.000000	0.000000	0.000000	0.000000	1660178553.050027	0.000000
170.000000	-255.885825	-175.865056	-160.215444	-303.049703	0.000000	0.000000	0.000000	0.000000	0.000000	0.000000	0.000000	0.000000	1660178553.050027	0.000000
171.000000	-192.086872	-123.730850	-116.264140	-295.794297	0.000000	0.000000	0.000000	0.000000	0.000000	0.000000	0.000000	0.000000	1660178553.054530	0.000000
171.000000	-246.786648	-172.342070	-156.385787	-326.876606	0.000000	0.000000	0.000000	0.000000	0.000000	0.000000	0.000000	0.000000	1660178553.054530	0.000000
172.000000	-268.623924	-194.489757	-174.221369	-309.684286	0.000000	0.000000	0.000000	0.000000	0.000000	0.000000	0.000000	0.000000	1660178553.059022	0.000000
172.000000	-193.552912	-130.350473	-128.022385	-294.597529	0.000000	0.000000	0.000000	0.000000	0.000000	0.000000	0.000000	0.000000	1660178553.059022	0.000000
173.000000	-217.211519	-155.213328	-144.851935	-318.095321	0.000000	0.000000	0.000000	0.000000	0.000000	0.000000	0.000000	0.000000	1660178553.063001	0.000000
173.000000	-271.264294	-209.696191	-185.807580	-329.281362	0.000000	0.000000	0.000000	0.000000	0.000000	0.000000	0.000000	0.000000	1660178553.063001	0.000000
174.000000	-218.771058	-156.660669	-147.813936	-305.895767	0.000000	0.000000	0.000000	0.000000	0.000000	0.000000	0.000000	0.000000	1660178553.090171	0.000000
174.000000	-201.227187	-136.476429	-126.683501	-312.066602	0.000000	0.000000	0.000000	0.000000	0.000000	0.000000	0.000000	0.000000	1660178553.090171	0.000000
175.000000	-272.917329	-201.131820	-174.423324	-334.517221	0.000000	0.000000	0.000000	0.000000	0.000000	0.000000	0.000000	0.000000	1660178553.095111	0.000000
175.000000	-246.285502	-179.350642	-158.442732	-311.984324	0.000000	0.000000	0.000000	0.000000	0.000000	0.000000	0.000000	0.000000	1660178553.095111	0.000000
176.000000	-185.082039	-120.312582	-116.406256	-304.904694	0.000000	0.000000	0.000000	0.000000	0.000000	0.000000	0.000000	0.000000	1660178553.099036	0.000000
176.000000	-244.711004	-177.671427	-156.296029	-326.712050	0.000000	0.000000	0.000000	0.000000	0.000000	0.000000	0.000000	0.000000	1660178553.099036	0.000000
177.000000	-270.766887	-191.460438	-171.098553	-312.358314	0.000000	0.000000	0.000000	0.000000	0.000000	0.000000	0.000000	0.000000	1660178553.104066	0.000000
177.000000	-202.667049	-135.777068	-127.682054	-305.645194	0.000000	0.000000	0.000000	0.000000	0.000000	0.000000	0.000000	0.000000	1660178553.104066	0.000000
178.000000	-224.006918	-157.685402	-141.104555	-326.027649	0.000000	0.000000	0.000000	0.000000	0.000000	0.000000	0.000000	0.000000	1660178553.137069	0.000000
178.000000	-272.150650	-204.239676	-175.810827	-335.994482	0.000000	0.000000	0.000000	0.000000	0.000000	0.000000	0.000000	0.000000	1660178553.137069	0.000000
179.000000	-222.282824	-155.538699	-143.232558	-304.545663	0.000000	0.000000	0.000000	0.000000	0.000000	0.000000	0.000000	0.000000	1660178553.141016	0.000000
179.000000	-198.575598	-133.858499	-125.640069	-309.639407	0.000000	0.000000	0.000000	0.000000	0.000000	0.000000	0.000000	0.000000	1660178553.141016	0.000000
180.000000	-261.544294	-192.713305	-162.747356	-321.461231	0.000000	0.000000	0.000000	0.000000	0.000000	0.000000	0.000000	0.000000	1660178553.146109	0.000000
180.000000	-244.740923	-177.738745	-157.073928	-310.436006	0.000000	0.000000	0.000000	0.000000	0.000000	0.000000	0.000000	0.000000	1660178553.146109	0.000000
181.000000	-182.606225	-118.472551	-115.572258	-300.629988	0.000000	0.000000	0.000000	0.000000	0.000000	0.000000	0.000000	0.000000	1660178553.150511	0.000000
181.000000	-242.246410	-176.317583	-153.981031	-323.836067	0.000000	0.000000	0.000000	0.000000	0.000000	0.000000	0.000000	0.000000	1660178553.150511	0.000000
182.000000	-255.365979	-187.649480	-160.593174	-307.500184	0.000000	0.000000	0.000000	0.000000	0.000000	0.000000	0.000000	0.000000	1660178553.153657	0.000000
182.000000	-190.938722	-127.848480	-119.832004	-292.563024	0.000000	0.000000	0.000000	0.000000	0.000000	0.000000	0.000000	0.000000	1660178553.153657	0.000000
183.000000	-212.757299	-146.263747	-132.936614	-314.332981	0.000000	0.000000	0.000000	0.000000	0.000000	0.000000	0.000000	0.000000	1660178553.196054	0.000000
183.000000	-267.296260	-199.041216	-180.425864	-325.934151	0.000000	0.000000	0.000000	0.000000	0.000000	0.000000	0.000000	0.000000	1660178553.196054	0.000000
184.000000	-216.343863	-152.486941	-137.271158	-295.925194	0.000000	0.000000	0.000000	0.000000	0.000000	0.000000	0.000000	0.000000	1660178553.200461	0.000000
184.000000	-195.011473	-134.520462	-124.331104	-312.234898	0.000000	0.000000	0.000000	0.000000	0.000000	0.000000	0.000000	0.000000	1660178553.200461	0.000000
185.000000	-259.143278	-193.135914	-168.241269	-326.674651	0.000000	0.000000	0.000000	0.000000	0.000000	0.000000	0.000000	0.000000	1660178553.204400	0.000000
185.000000	-235.750204	-172.891835	-152.511250	-302.612135	0.000000	0.000000	0.000000	0.000000	0.000000	0.000000	0.000000	0.000000	1660178553.204400	0.000000
186.000000	-182.583786	-123.899146	-117.401069	-304.792497	0.000000	0.000000	0.000000	0.000000	0.000000	0.000000	0.000000	0.000000	1660178553.209503	0.000000
186.000000	-232.410473	-168.452574	-149.754944	-326.670911	0.000000	0.000000	0.000000	0.000000	0.000000	0.000000	0.000000	0.000000	1660178553.209503	0.000000
187.000000	-259.132058	-190.570342	-169.385679	-317.941985	0.000000	0.000000	0.000000	0.000000	0.000000	0.000000	0.000000	0.000000	1660178553.215144	0.000000
187.000000	-195.609857	-134.067934	-124.798592	-306.957899	0.000000	0.000000	0.000000	0.000000	0.000000	0.000000	0.000000	0.000000	1660178553.215144	0.000000
188.000000	-211.792404	-154.214775	-138.658661	-324.550388	0.000000	0.000000	0.000000	0.000000	0.000000	0.000000	0.000000	0.000000	1660178553.221409	0.000000
188.000000	-272.453582	-204.535129	-179.920977	-336.031881	0.000000	0.000000	0.000000	0.000000	0.000000	0.000000	0.000000	0.000000	1660178553.221409	0.000000
189.000000	-212.132735	-152.602878	-138.853136	-306.434313	0.000000	0.000000	0.000000	0.000000	0.000000	0.000000	0.000000	0.000000	1660178553.241168	0.000000
189.000000	-199.779846	-137.388965	-128.265479	-319.793235	0.000000	0.000000	0.000000	0.000000	0.000000	0.000000	0.000000	0.000000	1660178553.241168	0.000000
190.000000	-265.463709	-190.731158	-169.322101	-335.627972	0.000000	0.000000	0.000000	0.000000	0.000000	0.000000	0.000000	0.000000	1660178553.246065	0.000000
190.000000	-243.656352	-177.806064	-158.955098	-314.134767	0.000000	0.000000	0.000000	0.000000	0.000000	0.000000	0.000000	0.000000	1660178553.246065	0.000000
191.000000	-185.085779	-126.012189	-119.170042	-312.522870	0.000000	0.000000	0.000000	0.000000	0.000000	0.000000	0.000000	0.000000	1660178553.251467	0.000000
191.000000	-240.443778	-176.134328	-158.106141	-336.043101	0.000000	0.000000	0.000000	0.000000	0.000000	0.000000	0.000000	0.000000	1660178553.251467	0.000000
192.000000	-266.843732	-199.134713	-172.605733	-330.829680	0.000000	0.000000	0.000000	0.000000	0.000000	0.000000	0.000000	0.000000	1660178553.257333	0.000000
192.000000	-200.969134	-135.634952	-128.931181	-319.078914	0.000000	0.000000	0.000000	0.000000	0.000000	0.000000	0.000000	0.000000	1660178553.257333	0.000000
193.000000	-226.617368	-154.835598	-145.289503	-341.073266	0.000000	0.000000	0.000000	0.000000	0.000000	0.000000	0.000000	0.000000	1660178553.286575	0.000000
193.000000	-277.281793	-214.116752	-180.556760	-347.251581	0.000000	0.000000	0.000000	0.000000	0.000000	0.000000	0.000000	0.000000	1660178553.286575	0.000000
194.000000	-216.897368	-156.986041	-142.234005	-321.281716	0.000000	0.000000	0.000000	0.000000	0.000000	0.000000	0.000000	0.000000	1660178553.290143	0.000000
194.000000	-198.463401	-143.006295	-134.799084	-334.109572	0.000000	0.000000	0.000000	0.000000	0.000000	0.000000	0.000000	0.000000	1660178553.290143	0.000000
195.000000	-260.732735	-197.275983	-171.898892	-340.474882	0.000000	0.000000	0.000000	0.000000	0.000000	0.000000	0.000000	0.000000	1660178553.294464	0.000000
195.000000	-239.841654	-180.797984	-162.156452	-326.962624	0.000000	0.000000	0.000000	0.000000	0.000000	0.000000	0.000000	0.000000	1660178553.294464	0.000000
196.000000	-186.761254	-126.210404	-126.369350	-325.967810	0.000000	0.000000	0.000000	0.000000	0.000000	0.000000	0.000000	0.000000	1660178553.301029	0.000000
196.000000	-241.206718	-180.659607	-164.890319	-348.425909	0.000000	0.000000	0.000000	0.000000	0.000000	0.000000	0.000000	0.000000	1660178553.301029	0.000000
197.000000	-264.139784	-202.444525	-176.154898	-338.485255	0.000000	0.000000	0.000000	0.000000	0.000000	0.000000	0.000000	0.000000	1660178553.305273	0.000000
197.000000	-194.188695	-139.064440	-131.511712	-323.518176	0.000000	0.000000	0.000000	0.000000	0.000000	0.000000	0.000000	0.000000	1660178553.305273	0.000000
198.000000	-218.281131	-157.490927	-149.033143	-341.922223	0.000000	0.000000	0.000000	0.000000	0.000000	0.000000	0.000000	0.000000	1660178553.329895	0.000000
198.000000	-274.675082	-204.864240	-190.736768	-344.020307	0.000000	0.000000	0.000000	0.000000	0.000000	0.000000	0.000000	0.000000	1660178553.329895	0.000000
199.000000	-221.142154	-157.120677	-149.867141	-323.114267	0.000000	0.000000	0.000000	0.000000	0.000000	0.000000	0.000000	0.000000	1660178553.335141	0.000000
199.000000	-196.765486	-143.634598	-135.419907	-333.324193	0.000000	0.000000	0.000000	0.000000	0.000000	0.000000	0.000000	0.000000	1660178553.335141	0.000000
200.000000	-264.218322	-198.798122	-180.380985	-343.788433	0.000000	0.000000	0.000000	0.000000	0.000000	0.000000	0.000000	0.000000	1660178553.340030	0.000000
200.000000	-243.110327	-177.203940	-161.561808	-320.844147	0.000000	0.000000	0.000000	0.000000	0.000000	0.000000	0.000000	0.000000	1660178553.340030	0.000000
0.000000	-181.635721	-122.543432	-119.888103	-314.783639	0.000000	0.000000	0.000000	0.000000	0.000000	0.000000	0.000000	0.000000	1660178553.344588	0.000000
101.000000	-244.058391	-176.543847	-162.392066	-341.045217	0.000000	0.000000	0.000000	0.000000	0.000000	0.000000	0.000000	0.000000	1660178553.349761	0.000000
101.000000	-263.341315	-200.363270	-179.180477	-332.091896	0.000000	0.000000	0.000000	0.000000	0.000000	0.000000	0.000000	0.000000	1660178553.349761	0.000000
102.000000	-204.194798	-137.779784	-130.228926	-309.551519	0.000000	0.000000	0.000000	0.000000	0.000000	0.000000	0.000000	0.000000	1660178553.375400	0.000000
102.000000	-225.515967	-159.590881	-144.885594	-334.964140	0.000000	0.000000	0.000000	0.000000	0.000000	0.000000	0.000000	0.000000	1660178553.375400	0.000000
103.000000	-266.935359	-206.283532	-179.101939	-331.276598	0.000000	0.000000	0.000000	0.000000	0.000000	0.000000	0.000000	0.000000	1660178553.381042	0.000000
103.000000	-216.226056	-155.768703	-144.635021	-309.476721	0.000000	0.000000	0.000000	0.000000	0.000000	0.000000	0.000000	0.000000	1660178553.381042	0.000000
104.000000	-198.596167	-138.542724	-128.108403	-320.748780	0.000000	0.000000	0.000000	0.000000	0.000000	0.000000	0.000000	0.000000	1660178553.386433	0.000000
104.000000	-270.428426	-205.427095	-179.352512	-346.486771	0.000000	0.000000	0.000000	0.000000	0.000000	0.000000	0.000000	0.000000	1660178553.386433	0.000000
105.000000	-244.342624	-186.035713	-168.185171	-320.868457	0.000000	0.000000	0.000000	0.000000	0.000000	0.000000	0.000000	0.000000	1660178553.392376	0.000000
105.000000	-194.755290	-130.255106	-129.641762	-312.094651	0.000000	0.000000	0.000000	0.000000	0.000000	0.000000	0.000000	0.000000	1660178553.392376	0.000000
106.000000	-243.684401	-181.839546	-161.363593	-334.627549	0.000000	0.000000	0.000000	0.000000	0.000000	0.000000	0.000000	0.000000	1660178553.436185	0.000000
106.000000	-260.454113	-200.079038	-176.929057	-328.557691	0.000000	0.000000	0.000000	0.000000	0.000000	0.000000	0.000000	0.000000	1660178553.436185	0.000000
107.000000	-194.459838	-134.597129	-129.858676	-304.786887	0.000000	0.000000	0.000000	0.000000	0.000000	0.000000	0.000000	0.000000	1660178553.441137	0.000000
107.000000	-213.682924	-156.146433	-146.819123	-325.756506	0.000000	0.000000	0.000000	0.000000	0.000000	0.000000	0.000000	0.000000	1660178553.441137	0.000000
108.000000	-270.413466	-206.926795	-182.004101	-333.191427	0.000000	0.000000	0.000000	0.000000	0.000000	0.000000	0.000000	0.000000	1660178553.446124	0.000000
108.000000	-212.602093	-154.168026	-144.014198	-310.460315	0.000000	0.000000	0.000000	0.000000	0.000000	0.000000	0.000000	0.000000	1660178553.446124	0.000000
109.000000	-189.399753	-135.846256	-124.970627	-321.276106	0.000000	0.000000	0.000000	0.000000	0.000000	0.000000	0.000000	0.000000	1660178553.451670	0.000000
109.000000	-251.747626	-198.770073	-168.589080	-335.958953	0.000000	0.000000	0.000000	0.000000	0.000000	0.000000	0.000000	0.000000	1660178553.451670	0.000000
110.000000	-228.915536	-174.292428	-154.433559	-314.289973	0.000000	0.000000	0.000000	0.000000	0.000000	0.000000	0.000000	0.000000	1660178553.466581	0.000000
110.000000	-179.126248	-127.932628	-119.876883	-307.819946	0.000000	0.000000	0.000000	0.000000	0.000000	0.000000	0.000000	0.000000	1660178553.466581	0.000000
111.000000	-236.518753	-180.280007	-158.596067	-336.617175	0.000000	0.000000	0.000000	0.000000	0.000000	0.000000	0.000000	0.000000	1660178553.471036	0.000000
111.000000	-255.629642	-197.102077	-174.071773	-321.956767	0.000000	0.000000	0.000000	0.000000	0.000000	0.000000	0.000000	0.000000	1660178553.471036	0.000000
112.000000	-194.811389	-133.463940	-128.710527	-302.763601	0.000000	0.000000	0.000000	0.000000	0.000000	0.000000	0.000000	0.000000	1660178553.476167	0.000000
112.000000	-209.875706	-157.073928	-141.048457	-327.458160	0.000000	0.000000	0.000000	0.000000	0.000000	0.000000	0.000000	0.000000	1660178553.476167	0.000000
113.000000	-270.832335	-211.175321	-182.452889	-336.931327	0.000000	0.000000	0.000000	0.000000	0.000000	0.000000	0.000000	0.000000	1660178553.480137	0.000000
113.000000	-207.018422	-149.287456	-138.707280	-302.718722	0.000000	0.000000	0.000000	0.000000	0.000000	0.000000	0.000000	0.000000	1660178553.480137	0.000000
114.000000	-187.926233	-134.937460	-127.053751	-316.765786	0.000000	0.000000	0.000000	0.000000	0.000000	0.000000	0.000000	0.000000	1660178553.484256	0.000000
114.000000	-255.218253	-193.728688	-172.493536	-340.573989	0.000000	0.000000	0.000000	0.000000	0.000000	0.000000	0.000000	0.000000	1660178553.484256	0.000000
115.000000	-236.806725	-181.506695	-160.286502	-321.960507	0.000000	0.000000	0.000000	0.000000	0.000000	0.000000	0.000000	0.000000	1660178553.514059	0.000000
115.000000	-179.552597	-127.510019	-123.291412	-316.017806	0.000000	0.000000	0.000000	0.000000	0.000000	0.000000	0.000000	0.000000	1660178553.514059	0.000000
116.000000	-239.447095	-181.289780	-167.306294	-348.334282	0.000000	0.000000	0.000000	0.000000	0.000000	0.000000	0.000000	0.000000	1660178553.518397	0.000000
116.000000	-265.342162	-199.604070	-180.467002	-330.513659	0.000000	0.000000	0.000000	0.000000	0.000000	0.000000	0.000000	0.000000	1660178553.518397	0.000000
117.000000	-198.652266	-136.986926	-132.233513	-322.113843	0.000000	0.000000	0.000000	0.000000	0.000000	0.000000	0.000000	0.000000	1660178553.523876	0.000000
117.000000	-215.190104	-156.565302	-144.926733	-333.240046	0.000000	0.000000	0.000000	0.000000	0.000000	0.000000	0.000000	0.000000	1660178553.523876	0.000000
118.000000	-274.190765	-205.902062	-185.657984	-338.842416	0.000000	0.000000	0.000000	0.000000	0.000000	0.000000	0.000000	0.000000	1660178553.527203	0.000000
118.000000	-215.743609	-156.318468	-144.545263	-320.554305	0.000000	0.000000	0.000000	0.000000	0.000000	0.000000	0.000000	0.000000	1660178553.527203	0.000000
119.000000	-193.678199	-134.402655	-125.598930	-331.759045	0.000000	0.000000	0.000000	0.000000	0.000000	0.000000	0.000000	0.000000	1660178553.531350	0.000000
119.000000	-261.314290	-202.734367	-184.281700	-350.712858	0.000000	0.000000	0.000000	0.000000	0.000000	0.000000	0.000000	0.000000	1660178553.531350	0.000000
120.000000	-239.604170	-178.612012	-165.814074	-330.996106	0.000000	0.000000	0.000000	0.000000	0.000000	0.000000	0.000000	0.000000	1660178553.554939	0.000000
120.000000	-192.773143	-127.442701	-132.095136	-325.292758	0.000000	0.000000	0.000000	0.000000	0.000000	0.000000	0.000000	0.000000	1660178553.554939	0.000000
121.000000	-244.170588	-182.280854	-168.555421	-351.965725	0.000000	0.000000	0.000000	0.000000	0.000000	0.000000	0.000000	0.000000	1660178553.560199	0.000000
121.000000	-265.046710	-202.382816	-179.221616	-338.464686	0.000000	0.000000	0.000000	0.000000	0.000000	0.000000	0.000000	0.000000	1660178553.560199	0.000000
122.000000	-197.590134	-133.355483	-127.655875	-325.704147	0.000000	0.000000	0.000000	0.000000	0.000000	0.000000	0.000000	0.000000	1660178553.570065	0.000000
122.000000	-219.255375	-157.197345	-147.084655	-351.408480	0.000000	0.000000	0.000000	0.000000	0.000000	0.000000	0.000000	0.000000	1660178553.570065	0.000000
123.000000	-263.019684	-212.551604	-178.967303	-349.747964	0.000000	0.000000	0.000000	0.000000	0.000000	0.000000	0.000000	0.000000	1660178553.576144	0.000000
123.000000	-219.419930	-155.955698	-149.010704	-329.410388	0.000000	0.000000	0.000000	0.000000	0.000000	0.000000	0.000000	0.000000	1660178553.576144	0.000000
124.000000	-203.323401	-138.333290	-135.030958	-333.580377	0.000000	0.000000	0.000000	0.000000	0.000000	0.000000	0.000000	0.000000	1660178553.601173	0.000000
124.000000	-273.566202	-204.899769	-182.800700	-356.797675	0.000000	0.000000	0.000000	0.000000	0.000000	0.000000	0.000000	0.000000	1660178553.601173	0.000000
125.000000	-246.893235	-187.460615	-165.993590	-331.777745	0.000000	0.000000	0.000000	0.000000	0.000000	0.000000	0.000000	0.000000	1660178553.605514	0.000000
125.000000	-194.074628	-129.518345	-128.426295	-325.528372	0.000000	0.000000	0.000000	0.000000	0.000000	0.000000	0.000000	0.000000	1660178553.605514	0.000000
126.000000	-248.897822	-180.979369	-166.528395	-349.777883	0.000000	0.000000	0.000000	0.000000	0.000000	0.000000	0.000000	0.000000	1660178553.609495	0.000000
126.000000	-267.084955	-201.006533	-179.419830	-338.546964	0.000000	0.000000	0.000000	0.000000	0.000000	0.000000	0.000000	0.000000	1660178553.609495	0.000000
127.000000	-199.897653	-136.930827	-131.197560	-314.443308	0.000000	0.000000	0.000000	0.000000	0.000000	0.000000	0.000000	0.000000	1660178553.613889	0.000000
127.000000	-213.484709	-160.884886	-145.270804	-338.932173	0.000000	0.000000	0.000000	0.000000	0.000000	0.000000	0.000000	0.000000	1660178553.613889	0.000000
128.000000	-264.302470	-211.197760	-180.280007	-338.098176	0.000000	0.000000	0.000000	0.000000	0.000000	0.000000	0.000000	0.000000	1660178553.618393	0.000000
128.000000	-211.248249	-155.839761	-140.928780	-313.399876	0.000000	0.000000	0.000000	0.000000	0.000000	0.000000	0.000000	0.000000	1660178553.618393	0.000000
129.000000	-192.148580	-136.339923	-130.789911	-326.407248	0.000000	0.000000	0.000000	0.000000	0.000000	0.000000	0.000000	0.000000	1660178553.645284	0.000000
129.000000	-257.402354	-191.780200	-171.839053	-338.947133	0.000000	0.000000	0.000000	0.000000	0.000000	0.000000	0.000000	0.000000	1660178553.645284	0.000000
130.000000	-241.653636	-176.543847	-162.029296	-322.641169	0.000000	0.000000	0.000000	0.000000	0.000000	0.000000	0.000000	0.000000	1660178553.649873	0.000000
130.000000	-180.655867	-127.341724	-120.172335	-312.592058	0.000000	0.000000	0.000000	0.000000	0.000000	0.000000	0.000000	0.000000	1660178553.649873	0.000000
131.000000	-236.036306	-180.048134	-162.698738	-342.619715	0.000000	0.000000	0.000000	0.000000	0.000000	0.000000	0.000000	0.000000	1660178553.654653	0.000000
131.000000	-252.806017	-194.798299	-172.744109	-324.810311	0.000000	0.000000	0.000000	0.000000	0.000000	0.000000	0.000000	0.000000	1660178553.654653	0.000000
132.000000	-189.624147	-132.801977	-128.759146	-308.171496	0.000000	0.000000	0.000000	0.000000	0.000000	0.000000	0.000000	0.000000	1660178553.660090	0.000000
132.000000	-209.269842	-153.708018	-145.846749	-331.549611	0.000000	0.000000	0.000000	0.000000	0.000000	0.000000	0.000000	0.000000	1660178553.660090	0.000000
133.000000	-269.845002	-208.564871	-185.276514	-333.329803	0.000000	0.000000	0.000000	0.000000	0.000000	0.000000	0.000000	0.000000	1660178553.690178	0.000000
133.000000	-208.862193	-150.349588	-138.430527	-305.830319	0.000000	0.000000	0.000000	0.000000	0.000000	0.000000	0.000000	0.000000	1660178553.690178	0.000000
134.000000	-195.716444	-135.255352	-128.766625	-319.327618	0.000000	0.000000	0.000000	0.000000	0.000000	0.000000	0.000000	0.000000	1660178553.694699	0.000000
134.000000	-257.226579	-200.258553	-175.216183	-336.908888	0.000000	0.000000	0.000000	0.000000	0.000000	0.000000	0.000000	0.000000	1660178553.694699	0.000000
135.000000	-230.564832	-172.845086	-161.498230	-314.955675	0.000000	0.000000	0.000000	0.000000	0.000000	0.000000	0.000000	0.000000	1660178553.700823	0.000000
135.000000	-171.582870	-119.061585	-119.162562	-307.479615	0.000000	0.000000	0.000000	0.000000	0.000000	0.000000	0.000000	0.000000	1660178553.700823	0.000000
136.000000	-238.628057	-170.537568	-159.243070	-334.728526	0.000000	0.000000	0.000000	0.000000	0.000000	0.000000	0.000000	0.000000	1660178553.705639	0.000000
136.000000	-252.779838	-189.375444	-168.207610	-317.195875	0.000000	0.000000	0.000000	0.000000	0.000000	0.000000	0.000000	0.000000	1660178553.705639	0.000000
137.000000	-186.291897	-125.647549	-123.325071	-306.215529	0.000000	0.000000	0.000000	0.000000	0.000000	0.000000	0.000000	0.000000	1660178553.709840	0.000000
137.000000	-206.861346	-147.683039	-145.465279	-327.495559	0.000000	0.000000	0.000000	0.000000	0.000000	0.000000	0.000000	0.000000	1660178553.709840	0.000000
138.000000	-269.463532	-203.957314	-179.722762	-332.910934	0.000000	0.000000	0.000000	0.000000	0.000000	0.000000	0.000000	0.000000	1660178553.737208	0.000000
138.000000	-207.422331	-142.974505	-136.695213	-306.073412	0.000000	0.000000	0.000000	0.000000	0.000000	0.000000	0.000000	0.000000	1660178553.737208	0.000000
139.000000	-190.936852	-131.934321	-127.233266	-320.217714	0.000000	0.000000	0.000000	0.000000	0.000000	0.000000	0.000000	0.000000	1660178553.741365	0.000000
139.000000	-258.539284	-196.855244	-176.001562	-337.866302	0.000000	0.000000	0.000000	0.000000	0.000000	0.000000	0.000000	0.000000	1660178553.741365	0.000000
140.000000	-237.053559	-173.058261	-159.127133	-317.970034	0.000000	0.000000	0.000000	0.000000	0.000000	0.000000	0.000000	0.000000	1660178553.745870	0.000000
140.000000	-189.261377	-124.357283	-125.602670	-320.823578	0.000000	0.000000	0.000000	0.000000	0.000000	0.000000	0.000000	0.000000	1660178553.745870	0.000000
141.000000	-243.355290	-180.672697	-165.735536	-346.292296	0.000000	0.000000	0.000000	0.000000	0.000000	0.000000	0.000000	0.000000	1660178553.751147	0.000000
141.000000	-261.456406	-199.641469	-173.937137	-331.904901	0.000000	0.000000	0.000000	0.000000	0.000000	0.000000	0.000000	0.000000	1660178553.751147	0.000000
142.000000	-199.392766	-133.452720	-132.203593	-315.284786	0.000000	0.000000	0.000000	0.000000	0.000000	0.000000	0.000000	0.000000	1660178553.764234	0.000000
142.000000	-225.141977	-157.238484	-147.353928	-337.645648	0.000000	0.000000	0.000000	0.000000	0.000000	0.000000	0.000000	0.000000	1660178553.764234	0.000000
143.000000	-284.842000	-212.237453	-185.489688	-339.257545	0.000000	0.000000	0.000000	0.000000	0.000000	0.000000	0.000000	0.000000	1660178553.770181	0.000000
143.000000	-227.722508	-154.149326	-142.462139	-312.988487	0.000000	0.000000	0.000000	0.000000	0.000000	0.000000	0.000000	0.000000	1660178553.770181	0.000000
144.000000	-209.269842	-136.160408	-131.328457	-321.418222	0.000000	0.000000	0.000000	0.000000	0.000000	0.000000	0.000000	0.000000	1660178553.796172	0.000000
144.000000	-277.010650	-204.630496	-178.099646	-343.865101	0.000000	0.000000	0.000000	0.000000	0.000000	0.000000	0.000000	0.000000	1660178553.796172	0.000000
145.000000	-252.663901	-183.657137	-164.269496	-323.318091	0.000000	0.000000	0.000000	0.000000	0.000000	0.000000	0.000000	0.000000	1660178553.800511	0.000000
145.000000	-199.920092	-126.380569	-129.798838	-314.417129	0.000000	0.000000	0.000000	0.000000	0.000000	0.000000	0.000000	0.000000	1660178553.800511	0.000000
146.000000	-253.333343	-181.869465	-166.195544	-344.676660	0.000000	0.000000	0.000000	0.000000	0.000000	0.000000	0.000000	0.000000	1660178553.806045	0.000000
146.000000	-274.774190	-198.598037	-177.804194	-330.210727	0.000000	0.000000	0.000000	0.000000	0.000000	0.000000	0.000000	0.000000	1660178553.806045	0.000000
147.000000	-203.981623	-134.365256	-135.494705	-309.289726	0.000000	0.000000	0.000000	0.000000	0.000000	0.000000	0.000000	0.000000	1660178553.811083	0.000000
147.000000	-229.068872	-157.795729	-148.494598	-337.997198	0.000000	0.000000	0.000000	0.000000	0.000000	0.000000	0.000000	0.000000	1660178553.811083	0.000000
148.000000	-283.865886	-210.427341	-182.041500	-332.391088	0.000000	0.000000	0.000000	0.000000	0.000000	0.000000	0.000000	0.000000	1660178553.839982	0.000000
148.000000	-228.616344	-156.845794	-146.198299	-309.932989	0.000000	0.000000	0.000000	0.000000	0.000000	0.000000	0.000000	0.000000	1660178553.839982	0.000000
149.000000	-210.096360	-141.235452	-135.468526	-321.055452	0.000000	0.000000	0.000000	0.000000	0.000000	0.000000	0.000000	0.000000	1660178553.844802	0.000000
149.000000	-273.655960	-201.395483	-180.556760	-341.307010	0.000000	0.000000	0.000000	0.000000	0.000000	0.000000	0.000000	0.000000	1660178553.844802	0.000000
150.000000	-250.345163	-183.451443	-164.729503	-319.753966	0.000000	0.000000	0.000000	0.000000	0.000000	0.000000	0.000000	0.000000	1660178553.849501	0.000000
150.000000	-195.540669	-126.496506	-125.999099	-317.195875	0.000000	0.000000	0.000000	0.000000	0.000000	0.000000	0.000000	0.000000	1660178553.849501	0.000000
151.000000	-256.886248	-182.408010	-166.008549	-337.376375	0.000000	0.000000	0.000000	0.000000	0.000000	0.000000	0.000000	0.000000	1660178553.854033	0.000000
151.000000	-268.939946	-200.165055	-174.427064	-325.326417	0.000000	0.000000	0.000000	0.000000	0.000000	0.000000	0.000000	0.000000	1660178553.854033	0.000000
152.000000	-205.346687	-137.387095	-132.678561	-310.355598	0.000000	0.000000	0.000000	0.000000	0.000000	0.000000	0.000000	0.000000	1660178553.858491	0.000000
152.000000	-234.349611	-156.770996	-146.587249	-328.924201	0.000000	0.000000	0.000000	0.000000	0.000000	0.000000	0.000000	0.000000	1660178553.858491	0.000000
153.000000	-292.377899	-213.303324	-183.256968	-340.274797	0.000000	0.000000	0.000000	0.000000	0.000000	0.000000	0.000000	0.000000	1660178553.885711	0.000000
153.000000	-228.167556	-151.194805	-137.675067	-306.189349	0.000000	0.000000	0.000000	0.000000	0.000000	0.000000	0.000000	0.000000	1660178553.885711	0.000000
154.000000	-211.801754	-140.992358	-132.349450	-324.163308	0.000000	0.000000	0.000000	0.000000	0.000000	0.000000	0.000000	0.000000	1660178553.891022	0.000000
154.000000	-277.392120	-209.163255	-183.264448	-341.280831	0.000000	0.000000	0.000000	0.000000	0.000000	0.000000	0.000000	0.000000	1660178553.891022	0.000000
155.000000	-252.918214	-179.057060	-162.728657	-319.320138	0.000000	0.000000	0.000000	0.000000	0.000000	0.000000	0.000000	0.000000	1660178553.895854	0.000000
155.000000	-194.078368	-129.245333	-123.403609	-314.596644	0.000000	0.000000	0.000000	0.000000	0.000000	0.000000	0.000000	0.000000	1660178553.895854	0.000000
156.000000	-249.589703	-189.925209	-164.381693	-339.698853	0.000000	0.000000	0.000000	0.000000	0.000000	0.000000	0.000000	0.000000	1660178553.901555	0.000000
156.000000	-268.539776	-199.110404	-174.827233	-318.957368	0.000000	0.000000	0.000000	0.000000	0.000000	0.000000	0.000000	0.000000	1660178553.901555	0.000000
157.000000	-202.111673	-135.128195	-132.947834	-309.027933	0.000000	0.000000	0.000000	0.000000	0.000000	0.000000	0.000000	0.000000	1660178553.931049	0.000000
157.000000	-220.930850	-158.087441	-146.276837	-330.420161	0.000000	0.000000	0.000000	0.000000	0.000000	0.000000	0.000000	0.000000	1660178553.931049	0.000000
158.000000	-279.000277	-213.254705	-183.802993	-337.765325	0.000000	0.000000	0.000000	0.000000	0.000000	0.000000	0.000000	0.000000	1660178553.936140	0.000000
158.000000	-213.365032	-155.701385	-139.268264	-309.607618	0.000000	0.000000	0.000000	0.000000	0.000000	0.000000	0.000000	0.000000	1660178553.936140	0.000000
159.000000	-192.623547	-136.362362	-125.561531	-318.448741	0.000000	0.000000	0.000000	0.000000	0.000000	0.000000	0.000000	0.000000	1660178553.942408	0.000000
159.000000	-264.044417	-200.557745	-171.839053	-340.016744	0.000000	0.000000	0.000000	0.000000	0.000000	0.000000	0.000000	0.000000	1660178553.942408	0.000000
160.000000	-234.918076	-172.613213	-153.749157	-313.007187	0.000000	0.000000	0.000000	0.000000	0.000000	0.000000	0.000000	0.000000	1660178553.945783	0.000000
160.000000	-182.712812	-120.153636	-116.462355	-309.645017	0.000000	0.000000	0.000000	0.000000	0.000000	0.000000	0.000000	0.000000	1660178553.945783	0.000000
161.000000	-238.040892	-179.812520	-156.468064	-331.852543	0.000000	0.000000	0.000000	0.000000	0.000000	0.000000	0.000000	0.000000	1660178553.951034	0.000000
161.000000	-257.851142	-197.876237	-170.230896	-322.521492	0.000000	0.000000	0.000000	0.000000	0.000000	0.000000	0.000000	0.000000	1660178553.951034	0.000000
162.000000	-191.310842	-130.587957	-128.564671	-307.872304	0.000000	0.000000	0.000000	0.000000	0.000000	0.000000	0.000000	0.000000	1660178553.976071	0.000000
162.000000	-223.111212	-156.314728	-149.279977	-333.456960	0.000000	0.000000	0.000000	0.000000	0.000000	0.000000	0.000000	0.000000	1660178553.976071	0.000000
163.000000	-272.410573	-208.897722	-189.076252	-333.819730	0.000000	0.000000	0.000000	0.000000	0.000000	0.000000	0.000000	0.000000	1660178553.982155	0.000000
163.000000	-213.118199	-149.201439	-138.400608	-304.091265	0.000000	0.000000	0.000000	0.000000	0.000000	0.000000	0.000000	0.000000	1660178553.982155	0.000000
164.000000	-193.633320	-137.734906	-128.493613	-322.843124	0.000000	0.000000	0.000000	0.000000	0.000000	0.000000	0.000000	0.000000	1660178553.986165	0.000000
164.000000	-259.926787	-199.398376	-176.786941	-344.396167	0.000000	0.000000	0.000000	0.000000	0.000000	0.000000	0.000000	0.000000	1660178553.986165	0.000000
165.000000	-236.316798	-173.435990	-156.475544	-321.062931	0.000000	0.000000	0.000000	0.000000	0.000000	0.000000	0.000000	0.000000	1660178553.991019	0.000000
165.000000	-183.793643	-125.127703	-119.708588	-317.304332	0.000000	0.000000	0.000000	0.000000	0.000000	0.000000	0.000000	0.000000	1660178553.991019	0.000000
166.000000	-241.219807	-183.851612	-162.990450	-348.139807	0.000000	0.000000	0.000000	0.000000	0.000000	0.000000	0.000000	0.000000	1660178554.020197	0.000000
166.000000	-257.458453	-195.710835	-170.399192	-331.493512	0.000000	0.000000	0.000000	0.000000	0.000000	0.000000	0.000000	0.000000	1660178554.020197	0.000000
167.000000	-192.137360	-129.761439	-125.711127	-314.749980	0.000000	0.000000	0.000000	0.000000	0.000000	0.000000	0.000000	0.000000	1660178554.026062	0.000000
167.000000	-217.968849	-158.667126	-144.085256	-335.053897	0.000000	0.000000	0.000000	0.000000	0.000000	0.000000	0.000000	0.000000	1660178554.026062	0.000000
168.000000	-271.789749	-209.264232	-181.024248	-341.355629	0.000000	0.000000	0.000000	0.000000	0.000000	0.000000	0.000000	0.000000	1660178554.031137	0.000000
168.000000	-208.432104	-155.073082	-139.548757	-314.301192	0.000000	0.000000	0.000000	0.000000	0.000000	0.000000	0.000000	0.000000	1660178554.031137	0.000000
169.000000	-194.699192	-139.055090	-132.715960	-326.971973	0.000000	0.000000	0.000000	0.000000	0.000000	0.000000	0.000000	0.000000	1660178554.034663	0.000000
169.000000	-254.316937	-199.132843	-177.228249	-343.483632	0.000000	0.000000	0.000000	0.000000	0.000000	0.000000	0.000000	0.000000	1660178554.034663	0.000000
170.000000	-233.197722	-178.484855	-163.502816	-321.623916	0.000000	0.000000	0.000000	0.000000	0.000000	0.000000	0.000000	0.000000	1660178554.038542	0.000000
170.000000	-181.123355	-128.568411	-130.150388	-321.485540	0.000000	0.000000	0.000000	0.000000	0.000000	0.000000	0.000000	0.000000	1660178554.038542	0.000000
171.000000	-235.815652	-179.962116	-159.912512	-339.414620	0.000000	0.000000	0.000000	0.000000	0.000000	0.000000	0.000000	0.000000	1660178554.081039	0.000000
171.000000	-255.569803	-200.146356	-175.676191	-331.302777	0.000000	0.000000	0.000000	0.000000	0.000000	0.000000	0.000000	0.000000	1660178554.081039	0.000000
172.000000	-187.885094	-133.953867	-132.192374	-314.132897	0.000000	0.000000	0.000000	0.000000	0.000000	0.000000	0.000000	0.000000	1660178554.086163	0.000000
172.000000	-214.056914	-158.569888	-146.579769	-336.452620	0.000000	0.000000	0.000000	0.000000	0.000000	0.000000	0.000000	0.000000	1660178554.086163	0.000000
173.000000	-265.375821	-208.291858	-185.598145	-339.852189	0.000000	0.000000	0.000000	0.000000	0.000000	0.000000	0.000000	0.000000	1660178554.090391	0.000000
173.000000	-206.715490	-150.951712	-142.432220	-315.681215	0.000000	0.000000	0.000000	0.000000	0.000000	0.000000	0.000000	0.000000	1660178554.090391	0.000000
174.000000	-184.930573	-133.561177	-130.408442	-323.220854	0.000000	0.000000	0.000000	0.000000	0.000000	0.000000	0.000000	0.000000	1660178554.094893	0.000000
174.000000	-257.499592	-202.139723	-177.441423	-345.877168	0.000000	0.000000	0.000000	0.000000	0.000000	0.000000	0.000000	0.000000	1660178554.094893	0.000000
175.000000	-233.085525	-176.869219	-161.367333	-324.073551	0.000000	0.000000	0.000000	0.000000	0.000000	0.000000	0.000000	0.000000	1660178554.109042	0.000000
175.000000	-178.636321	-120.748280	-124.439561	-318.998507	0.000000	0.000000	0.000000	0.000000	0.000000	0.000000	0.000000	0.000000	1660178554.109042	0.000000
176.000000	-236.298099	-176.693443	-157.313282	-336.542377	0.000000	0.000000	0.000000	0.000000	0.000000	0.000000	0.000000	0.000000	1660178554.126398	0.000000
176.000000	-249.769219	-193.530473	-173.959576	-327.136529	0.000000	0.000000	0.000000	0.000000	0.000000	0.000000	0.000000	0.000000	1660178554.126398	0.000000
177.000000	-185.169927	-132.921654	-125.150142	-313.530773	0.000000	0.000000	0.000000	0.000000	0.000000	0.000000	0.000000	0.000000	1660178554.131374	0.000000
177.000000	-216.891758	-160.286502	-147.840115	-338.879815	0.000000	0.000000	0.000000	0.000000	0.000000	0.000000	0.000000	0.000000	1660178554.131374	0.000000
178.000000	-272.993997	-212.517945	-187.842085	-342.084909	0.000000	0.000000	0.000000	0.000000	0.000000	0.000000	0.000000	0.000000	1660178554.136154	0.000000
178.000000	-210.821900	-149.582909	-141.904894	-313.059545	0.000000	0.000000	0.000000	0.000000	0.000000	0.000000	0.000000	0.000000	1660178554.136154	0.000000
179.000000	-197.728511	-140.005025	-131.160161	-333.591596	0.000000	0.000000	0.000000	0.000000	0.000000	0.000000	0.000000	0.000000	1660178554.140360	0.000000
179.000000	-254.515152	-195.434082	-173.559407	-345.222685	0.000000	0.000000	0.000000	0.000000	0.000000	0.000000	0.000000	0.000000	1660178554.140360	0.000000
180.000000	-228.137637	-173.641685	-156.584001	-316.500253	0.000000	0.000000	0.000000	0.000000	0.000000	0.000000	0.000000	0.000000	1660178554.154283	0.000000
180.000000	-177.533051	-121.866510	-123.321331	-314.016960	0.000000	0.000000	0.000000	0.000000	0.000000	0.000000	0.000000	0.000000	1660178554.154283	0.000000
181.000000	-235.333205	-178.069727	-162.309788	-340.013004	0.000000	0.000000	0.000000	0.000000	0.000000	0.000000	0.000000	0.000000	1660178554.160107	0.000000
181.000000	-251.713967	-194.671142	-174.715036	-328.277198	0.000000	0.000000	0.000000	0.000000	0.000000	0.000000	0.000000	0.000000	1660178554.160107	0.000000
182.000000	-186.856621	-130.468280	-130.202747	-314.847218	0.000000	0.000000	0.000000	0.000000	0.000000	0.000000	0.000000	0.000000	1660178554.167040	0.000000
182.000000	-208.084294	-159.549742	-147.836375	-336.647095	0.000000	0.000000	0.000000	0.000000	0.000000	0.000000	0.000000	0.000000	1660178554.167040	0.000000
183.000000	-265.675013	-212.615182	-182.636144	-339.395921	0.000000	0.000000	0.000000	0.000000	0.000000	0.000000	0.000000	0.000000	1660178554.172387	0.000000
183.000000	-209.524155	-147.944832	-139.945186	-315.711135	0.000000	0.000000	0.000000	0.000000	0.000000	0.000000	0.000000	0.000000	1660178554.172387	0.000000
184.000000	-197.223624	-140.319176	-129.301431	-331.620669	0.000000	0.000000	0.000000	0.000000	0.000000	0.000000	0.000000	0.000000	1660178554.201120	0.000000
184.000000	-254.945240	-198.396083	-168.858353	-348.083709	0.000000	0.000000	0.000000	0.000000	0.000000	0.000000	0.000000	0.000000	1660178554.201120	0.000000
185.000000	-228.866918	-174.591620	-154.212905	-323.022639	0.000000	0.000000	0.000000	0.000000	0.000000	0.000000	0.000000	0.000000	1660178554.206651	0.000000
185.000000	-171.934421	-122.921162	-119.252320	-323.258253	0.000000	0.000000	0.000000	0.000000	0.000000	0.000000	0.000000	0.000000	1660178554.206651	0.000000
186.000000	-227.920723	-175.010488	-153.775336	-339.384701	0.000000	0.000000	0.000000	0.000000	0.000000	0.000000	0.000000	0.000000	1660178554.212068	0.000000
186.000000	-246.298591	-193.092905	-167.755082	-329.511365	0.000000	0.000000	0.000000	0.000000	0.000000	0.000000	0.000000	0.000000	1660178554.212068	0.000000
187.000000	-178.774698	-131.575290	-123.714021	-318.407602	0.000000	0.000000	0.000000	0.000000	0.000000	0.000000	0.000000	0.000000	1660178554.216789	0.000000
187.000000	-210.795721	-162.867033	-144.792097	-347.586302	0.000000	0.000000	0.000000	0.000000	0.000000	0.000000	0.000000	0.000000	1660178554.216789	0.000000
188.000000	-260.719646	-208.228280	-182.396791	-345.267564	0.000000	0.000000	0.000000	0.000000	0.000000	0.000000	0.000000	0.000000	1660178554.221040	0.000000
188.000000	-199.916352	-143.812243	-133.987526	-316.141223	0.000000	0.000000	0.000000	0.000000	0.000000	0.000000	0.000000	0.000000	1660178554.221040	0.000000
189.000000	-180.895221	-132.480346	-130.569257	-330.087310	0.000000	0.000000	0.000000	0.000000	0.000000	0.000000	0.000000	0.000000	1660178554.246042	0.000000
189.000000	-244.264086	-195.318145	-171.633359	-342.081169	0.000000	0.000000	0.000000	0.000000	0.000000	0.000000	0.000000	0.000000	1660178554.246042	0.000000
190.000000	-224.820346	-169.898045	-155.379754	-322.151242	0.000000	0.000000	0.000000	0.000000	0.000000	0.000000	0.000000	0.000000	1660178554.251022	0.000000
190.000000	-178.987872	-120.695921	-122.390096	-322.390596	0.000000	0.000000	0.000000	0.000000	0.000000	0.000000	0.000000	0.000000	1660178554.251022	0.000000
191.000000	-231.368911	-175.578953	-157.006610	-343.203139	0.000000	0.000000	0.000000	0.000000	0.000000	0.000000	0.000000	0.000000	1660178554.255055	0.000000
191.000000	-252.461947	-195.202208	-174.789834	-336.650834	0.000000	0.000000	0.000000	0.000000	0.000000	0.000000	0.000000	0.000000	1660178554.255055	0.000000
192.000000	-180.749365	-129.540785	-123.706541	-319.443555	0.000000	0.000000	0.000000	0.000000	0.000000	0.000000	0.000000	0.000000	1660178554.261926	0.000000
192.000000	-211.596060	-158.053782	-146.490011	-338.490865	0.000000	0.000000	0.000000	0.000000	0.000000	0.000000	0.000000	0.000000	1660178554.261926	0.000000
193.000000	-264.036937	-209.974813	-181.828326	-343.004924	0.000000	0.000000	0.000000	0.000000	0.000000	0.000000	0.000000	0.000000	1660178554.290225	0.000000
193.000000	-202.807295	-151.299523	-143.427033	-313.571912	0.000000	0.000000	0.000000	0.000000	0.000000	0.000000	0.000000	0.000000	1660178554.290225	0.000000
194.000000	-182.798830	-138.045317	-131.406995	-336.265625	0.000000	0.000000	0.000000	0.000000	0.000000	0.000000	0.000000	0.000000	1660178554.295307	0.000000
194.000000	-255.962493	-201.373043	-176.981416	-347.848095	0.000000	0.000000	0.000000	0.000000	0.000000	0.000000	0.000000	0.000000	1660178554.295307	0.000000
195.000000	-221.192643	-172.205563	-154.070789	-322.697268	0.000000	0.000000	0.000000	0.000000	0.000000	0.000000	0.000000	0.000000	1660178554.300808	0.000000
195.000000	-172.708580	-123.571904	-121.230727	-321.623916	0.000000	0.000000	0.000000	0.000000	0.000000	0.000000	0.000000	0.000000	1660178554.300808	0.000000
196.000000	-227.393397	-180.990588	-161.789942	-341.617422	0.000000	0.000000	0.000000	0.000000	0.000000	0.000000	0.000000	0.000000	1660178554.308025	0.000000
196.000000	-240.512966	-195.512620	-171.214490	-333.393382	0.000000	0.000000	0.000000	0.000000	0.000000	0.000000	0.000000	0.000000	1660178554.308025	0.000000
197.000000	-182.230365	-134.754205	-128.018645	-323.905255	0.000000	0.000000	0.000000	0.000000	0.000000	0.000000	0.000000	0.000000	1660178554.312384	0.000000
197.000000	-212.714290	-156.696198	-148.662893	-350.151873	0.000000	0.000000	0.000000	0.000000	0.000000	0.000000	0.000000	0.000000	1660178554.312384	0.000000
198.000000	-267.739438	-212.633882	-183.799253	-351.240184	0.000000	0.000000	0.000000	0.000000	0.000000	0.000000	0.000000	0.000000	1660178554.318131	0.000000
198.000000	-202.470704	-152.907680	-141.601962	-322.828164	0.000000	0.000000	0.000000	0.000000	0.000000	0.000000	0.000000	0.000000	1660178554.318131	0.000000
199.000000	-188.453559	-141.055937	-131.343416	-333.557937	0.000000	0.000000	0.000000	0.000000	0.000000	0.000000	0.000000	0.000000	1660178554.350819	0.000000
199.000000	-245.472073	-192.879730	-168.245009	-345.675213	0.000000	0.000000	0.000000	0.000000	0.000000	0.000000	0.000000	0.000000	1660178554.350819	0.000000
200.000000	-227.830965	-173.387372	-152.275637	-326.680261	0.000000	0.000000	0.000000	0.000000	0.000000	0.000000	0.000000	0.000000	1660178554.356027	0.000000
200.000000	-179.403001	-127.352943	-119.903063	-327.028072	0.000000	0.000000	0.000000	0.000000	0.000000	0.000000	0.000000	0.000000	1660178554.356027	0.000000
0.000000	-234.635713	-178.761608	-157.042139	-345.839769	0.000000	0.000000	0.000000	0.000000	0.000000	0.000000	0.000000	0.000000	1660178554.361437	0.000000
101.000000	-242.343647	-194.039099	-172.798338	-333.468180	0.000000	0.000000	0.000000	0.000000	0.000000	0.000000	0.000000	0.000000	1660178554.366157	0.000000
101.000000	-184.693089	-134.847703	-124.235737	-322.506533	0.000000	0.000000	0.000000	0.000000	0.000000	0.000000	0.000000	0.000000	1660178554.366157	0.000000
102.000000	-212.013059	-164.235837	-145.025840	-344.231612	0.000000	0.000000	0.000000	0.000000	0.000000	0.000000	0.000000	0.000000	1660178554.370129	0.000000
102.000000	-263.750835	-216.130688	-186.897760	-354.187225	0.000000	0.000000	0.000000	0.000000	0.000000	0.000000	0.000000	0.000000	1660178554.370129	0.000000
103.000000	-206.597683	-159.209411	-146.895790	-329.040138	0.000000	0.000000	0.000000	0.000000	0.000000	0.000000	0.000000	0.000000	1660178554.396051	0.000000
103.000000	-185.224155	-138.333290	-130.870319	-333.976806	0.000000	0.000000	0.000000	0.000000	0.000000	0.000000	0.000000	0.000000	1660178554.396051	0.000000
104.000000	-242.908372	-201.107510	-173.763232	-353.293389	0.000000	0.000000	0.000000	0.000000	0.000000	0.000000	0.000000	0.000000	1660178554.401066	0.000000
104.000000	-224.227572	-173.263955	-163.287772	-334.403155	0.000000	0.000000	0.000000	0.000000	0.000000	0.000000	0.000000	0.000000	1660178554.401066	0.000000
105.000000	-174.172751	-126.470327	-123.308241	-329.215913	0.000000	0.000000	0.000000	0.000000	0.000000	0.000000	0.000000	0.000000	1660178554.406376	0.000000
105.000000	-235.222878	-182.946556	-166.391889	-363.073228	0.000000	0.000000	0.000000	0.000000	0.000000	0.000000	0.000000	0.000000	1660178554.406376	0.000000
106.000000	-254.629219	-203.291612	-177.705086	-342.653374	0.000000	0.000000	0.000000	0.000000	0.000000	0.000000	0.000000	0.000000	1660178554.411156	0.000000
106.000000	-186.170350	-133.957607	-132.272782	-328.875582	0.000000	0.000000	0.000000	0.000000	0.000000	0.000000	0.000000	0.000000	1660178554.411156	0.000000
107.000000	-213.550157	-160.656752	-148.552566	-347.462885	0.000000	0.000000	0.000000	0.000000	0.000000	0.000000	0.000000	0.000000	1660178554.416151	0.000000
107.000000	-263.619938	-206.769719	-179.253405	-346.823362	0.000000	0.000000	0.000000	0.000000	0.000000	0.000000	0.000000	0.000000	1660178554.416151	0.000000
108.000000	-204.398622	-152.503770	-136.734482	-317.738160	0.000000	0.000000	0.000000	0.000000	0.000000	0.000000	0.000000	0.000000	1660178554.440348	0.000000
108.000000	-190.905063	-135.494705	-127.231396	-332.802477	0.000000	0.000000	0.000000	0.000000	0.000000	0.000000	0.000000	0.000000	1660178554.440348	0.000000
109.000000	-253.443670	-201.586217	-176.672874	-350.697899	0.000000	0.000000	0.000000	0.000000	0.000000	0.000000	0.000000	0.000000	1660178554.445503	0.000000
109.000000	-231.942985	-176.083840	-160.905456	-330.820330	0.000000	0.000000	0.000000	0.000000	0.000000	0.000000	0.000000	0.000000	1660178554.445503	0.000000
110.000000	-175.227403	-129.256552	-123.472797	-329.503886	0.000000	0.000000	0.000000	0.000000	0.000000	0.000000	0.000000	0.000000	1660178554.449479	0.000000
110.000000	-233.315529	-179.980815	-163.407449	-346.939299	0.000000	0.000000	0.000000	0.000000	0.000000	0.000000	0.000000	0.000000	1660178554.449479	0.000000
111.000000	-252.647072	-200.303432	-178.527864	-339.556737	0.000000	0.000000	0.000000	0.000000	0.000000	0.000000	0.000000	0.000000	1660178554.455053	0.000000
111.000000	-185.007241	-132.427987	-126.561954	-321.092851	0.000000	0.000000	0.000000	0.000000	0.000000	0.000000	0.000000	0.000000	1660178554.455053	0.000000
112.000000	-209.137075	-155.970658	-145.104378	-338.625502	0.000000	0.000000	0.000000	0.000000	0.000000	0.000000	0.000000	0.000000	1660178554.485217	0.000000
112.000000	-258.440177	-205.557991	-176.878568	-341.811896	0.000000	0.000000	0.000000	0.000000	0.000000	0.000000	0.000000	0.000000	1660178554.485217	0.000000
113.000000	-201.836791	-153.584602	-138.432397	-319.387456	0.000000	0.000000	0.000000	0.000000	0.000000	0.000000	0.000000	0.000000	1660178554.489281	0.000000
113.000000	-189.764394	-139.593636	-125.645679	-332.981993	0.000000	0.000000	0.000000	0.000000	0.000000	0.000000	0.000000	0.000000	1660178554.489281	0.000000
114.000000	-252.149665	-198.646656	-172.357029	-347.118814	0.000000	0.000000	0.000000	0.000000	0.000000	0.000000	0.000000	0.000000	1660178554.493537	0.000000
114.000000	-230.749957	-173.185417	-155.822932	-324.406402	0.000000	0.000000	0.000000	0.000000	0.000000	0.000000	0.000000	0.000000	1660178554.493537	0.000000
115.000000	-179.053320	-122.102124	-122.141393	-328.718507	0.000000	0.000000	0.000000	0.000000	0.000000	0.000000	0.000000	0.000000	1660178554.498069	0.000000
115.000000	-230.185232	-174.939430	-165.340977	-344.295190	0.000000	0.000000	0.000000	0.000000	0.000000	0.000000	0.000000	0.000000	1660178554.498069	0.000000
116.000000	-249.849626	-200.580184	-175.618222	-331.112043	0.000000	0.000000	0.000000	0.000000	0.000000	0.000000	0.000000	0.000000	1660178554.503151	0.000000
116.000000	-173.985756	-129.955914	-123.981423	-313.310119	0.000000	0.000000	0.000000	0.000000	0.000000	0.000000	0.000000	0.000000	1660178554.503151	0.000000
117.000000	-209.514805	-159.609580	-143.223209	-332.697760	0.000000	0.000000	0.000000	0.000000	0.000000	0.000000	0.000000	0.000000	1660178554.531166	0.000000
117.000000	-268.320992	-214.350496	-186.467672	-346.778483	0.000000	0.000000	0.000000	0.000000	0.000000	0.000000	0.000000	0.000000	1660178554.531166	0.000000
118.000000	-202.233220	-150.132674	-136.397891	-319.727787	0.000000	0.000000	0.000000	0.000000	0.000000	0.000000	0.000000	0.000000	1660178554.537065	0.000000
118.000000	-189.300646	-141.601962	-132.523355	-339.953166	0.000000	0.000000	0.000000	0.000000	0.000000	0.000000	0.000000	0.000000	1660178554.537065	0.000000
119.000000	-259.386371	-198.504540	-175.636922	-349.115921	0.000000	0.000000	0.000000	0.000000	0.000000	0.000000	0.000000	0.000000	1660178554.541475	0.000000
119.000000	-232.874220	-177.422724	-160.785779	-326.654082	0.000000	0.000000	0.000000	0.000000	0.000000	0.000000	0.000000	0.000000	1660178554.541475	0.000000
120.000000	-180.246348	-119.128903	-119.082154	-315.774713	0.000000	0.000000	0.000000	0.000000	0.000000	0.000000	0.000000	0.000000	1660178554.547032	0.000000
120.000000	-249.322300	-181.297260	-161.709534	-341.785717	0.000000	0.000000	0.000000	0.000000	0.000000	0.000000	0.000000	0.000000	1660178554.547032	0.000000
121.000000	-267.961962	-199.514313	-180.932620	-331.732866	0.000000	0.000000	0.000000	0.000000	0.000000	0.000000	0.000000	0.000000	1660178554.559786	0.000000
121.000000	-195.377984	-136.242685	-127.149119	-314.420869	0.000000	0.000000	0.000000	0.000000	0.000000	0.000000	0.000000	0.000000	1660178554.559786	0.000000
122.000000	-228.427479	-159.366487	-143.249388	-331.564570	0.000000	0.000000	0.000000	0.000000	0.000000	0.000000	0.000000	0.000000	1660178554.564283	0.000000
122.000000	-287.697414	-212.409488	-187.720538	-339.122908	0.000000	0.000000	0.000000	0.000000	0.000000	0.000000	0.000000	0.000000	1660178554.564283	0.000000
123.000000	-223.124301	-151.538876	-137.673197	-309.704855	0.000000	0.000000	0.000000	0.000000	0.000000	0.000000	0.000000	0.000000	1660178554.574036	0.000000
123.000000	-214.473913	-140.001285	-134.228749	-330.842770	0.000000	0.000000	0.000000	0.000000	0.000000	0.000000	0.000000	0.000000	1660178554.574036	0.000000
124.000000	-275.587618	-205.457014	-176.927187	-344.575682	0.000000	0.000000	0.000000	0.000000	0.000000	0.000000	0.000000	0.000000	1660178554.588857	0.000000
124.000000	-250.934197	-174.490642	-154.476568	-320.872196	0.000000	0.000000	0.000000	0.000000	0.000000	0.000000	0.000000	0.000000	1660178554.588857	0.000000
125.000000	-196.470034	-127.768072	-121.284956	-319.327618	0.000000	0.000000	0.000000	0.000000	0.000000	0.000000	0.000000	0.000000	1660178554.593432	0.000000
125.000000	-256.342093	-187.494274	-165.546672	-338.745178	0.000000	0.000000	0.000000	0.000000	0.000000	0.000000	0.000000	0.000000	1660178554.593432	0.000000
126.000000	-270.232081	-196.421416	-172.132635	-325.876183	0.000000	0.000000	0.000000	0.000000	0.000000	0.000000	0.000000	0.000000	1660178554.620899	0.000000
126.000000	-202.506233	-134.982339	-126.401139	-312.326525	0.000000	0.000000	0.000000	0.000000	0.000000	0.000000	0.000000	0.000000	1660178554.620899	0.000000
127.000000	-236.434605	-160.653012	-150.990981	-341.366848	0.000000	0.000000	0.000000	0.000000	0.000000	0.000000	0.000000	0.000000	1660178554.625122	0.000000
127.000000	-283.673282	-207.906648	-183.685186	-333.827210	0.000000	0.000000	0.000000	0.000000	0.000000	0.000000	0.000000	0.000000	1660178554.625122	0.000000
128.000000	-230.521823	-154.534536	-148.283293	-316.346918	0.000000	0.000000	0.000000	0.000000	0.000000	0.000000	0.000000	0.000000	1660178554.630024	0.000000
128.000000	-215.248072	-140.487472	-135.806987	-329.025178	0.000000	0.000000	0.000000	0.000000	0.000000	0.000000	0.000000	0.000000	1660178554.630024	0.000000
129.000000	-290.756652	-204.002193	-182.417360	-346.954259	0.000000	0.000000	0.000000	0.000000	0.000000	0.000000	0.000000	0.000000	1660178554.635017	0.000000
129.000000	-251.323147	-179.049580	-162.120923	-315.464301	0.000000	0.000000	0.000000	0.000000	0.000000	0.000000	0.000000	0.000000	1660178554.635017	0.000000
130.000000	-196.241900	-128.848903	-126.977083	-322.080184	0.000000	0.000000	0.000000	0.000000	0.000000	0.000000	0.000000	0.000000	1660178554.680361	0.000000
130.000000	-255.590373	-190.635790	-172.151335	-347.137514	0.000000	0.000000	0.000000	0.000000	0.000000	0.000000	0.000000	0.000000	1660178554.680361	0.000000
131.000000	-269.596298	-200.284732	-178.580223	-340.600169	0.000000	0.000000	0.000000	0.000000	0.000000	0.000000	0.000000	0.000000	1660178554.684785	0.000000
131.000000	-204.828711	-136.530658	-135.582593	-323.995013	0.000000	0.000000	0.000000	0.000000	0.000000	0.000000	0.000000	0.000000	1660178554.684785	0.000000
132.000000	-234.407579	-160.473497	-151.877337	-345.043170	0.000000	0.000000	0.000000	0.000000	0.000000	0.000000	0.000000	0.000000	1660178554.691139	0.000000
132.000000	-285.363716	-216.994605	-184.612682	-346.890680	0.000000	0.000000	0.000000	0.000000	0.000000	0.000000	0.000000	0.000000	1660178554.691139	0.000000
133.000000	-222.043470	-154.227864	-143.911350	-322.831904	0.000000	0.000000	0.000000	0.000000	0.000000	0.000000	0.000000	0.000000	1660178554.696050	0.000000
133.000000	-206.152635	-137.009365	-134.049234	-326.246433	0.000000	0.000000	0.000000	0.000000	0.000000	0.000000	0.000000	0.000000	1660178554.696050	0.000000
134.000000	-265.272974	-200.494167	-179.171127	-345.424640	0.000000	0.000000	0.000000	0.000000	0.000000	0.000000	0.000000	0.000000	1660178554.711073	0.000000
134.000000	-244.580107	-176.521408	-158.751273	-320.894636	0.000000	0.000000	0.000000	0.000000	0.000000	0.000000	0.000000	0.000000	1660178554.711073	0.000000
135.000000	-192.928349	-128.867603	-125.787795	-324.765432	0.000000	0.000000	0.000000	0.000000	0.000000	0.000000	0.000000	0.000000	1660178554.716052	0.000000
135.000000	-251.992589	-186.129211	-169.118276	-353.641200	0.000000	0.000000	0.000000	0.000000	0.000000	0.000000	0.000000	0.000000	1660178554.716052	0.000000
136.000000	-269.442962	-199.551712	-173.830550	-334.870642	0.000000	0.000000	0.000000	0.000000	0.000000	0.000000	0.000000	0.000000	1660178554.722061	0.000000
136.000000	-202.562331	-131.496752	-126.027149	-315.082831	0.000000	0.000000	0.000000	0.000000	0.000000	0.000000	0.000000	0.000000	1660178554.722061	0.000000
137.000000	-220.682147	-155.966918	-142.699623	-336.748072	0.000000	0.000000	0.000000	0.000000	0.000000	0.000000	0.000000	0.000000	1660178554.727048	0.000000
137.000000	-271.275513	-206.309711	-182.944686	-339.358522	0.000000	0.000000	0.000000	0.000000	0.000000	0.000000	0.000000	0.000000	1660178554.727048	0.000000
138.000000	-211.553051	-151.101308	-146.114151	-316.193582	0.000000	0.000000	0.000000	0.000000	0.000000	0.000000	0.000000	0.000000	1660178554.733035	0.000000
138.000000	-200.011720	-139.503878	-134.479323	-325.984640	0.000000	0.000000	0.000000	0.000000	0.000000	0.000000	0.000000	0.000000	1660178554.733035	0.000000
139.000000	-264.076206	-198.676575	-180.397814	-343.674367	0.000000	0.000000	0.000000	0.000000	0.000000	0.000000	0.000000	0.000000	1660178554.755561	0.000000
139.000000	-238.297075	-171.218230	-156.630750	-321.059191	0.000000	0.000000	0.000000	0.000000	0.000000	0.000000	0.000000	0.000000	1660178554.755561	0.000000
140.000000	-181.712389	-124.712574	-125.458684	-318.003693	0.000000	0.000000	0.000000	0.000000	0.000000	0.000000	0.000000	0.000000	1660178554.760425	0.000000
140.000000	-243.749850	-181.779707	-166.246033	-344.886094	0.000000	0.000000	0.000000	0.000000	0.000000	0.000000	0.000000	0.000000	1660178554.760425	0.000000
141.000000	-257.759515	-193.889503	-176.770111	-345.398460	0.000000	0.000000	0.000000	0.000000	0.000000	0.000000	0.000000	0.000000	1660178554.767026	0.000000
141.000000	-183.328026	-127.756852	-127.582947	-318.994767	0.000000	0.000000	0.000000	0.000000	0.000000	0.000000	0.000000	0.000000	1660178554.767026	0.000000
142.000000	-221.370288	-162.347187	-146.144071	-346.210019	0.000000	0.000000	0.000000	0.000000	0.000000	0.000000	0.000000	0.000000	1660178554.773141	0.000000
142.000000	-266.911050	-203.272912	-181.684340	-344.930973	0.000000	0.000000	0.000000	0.000000	0.000000	0.000000	0.000000	0.000000	1660178554.773141	0.000000
143.000000	-202.670788	-144.792097	-138.851266	-318.673135	0.000000	0.000000	0.000000	0.000000	0.000000	0.000000	0.000000	0.000000	1660178554.778430	0.000000
143.000000	-191.035960	-134.219400	-129.146225	-334.092743	0.000000	0.000000	0.000000	0.000000	0.000000	0.000000	0.000000	0.000000	1660178554.778430	0.000000
144.000000	-259.442470	-200.258553	-179.945286	-346.561569	0.000000	0.000000	0.000000	0.000000	0.000000	0.000000	0.000000	0.000000	1660178554.799174	0.000000
144.000000	-232.926579	-172.366379	-158.732574	-328.378176	0.000000	0.000000	0.000000	0.000000	0.000000	0.000000	0.000000	0.000000	1660178554.799174	0.000000
145.000000	-182.961516	-123.605563	-121.726264	-322.315798	0.000000	0.000000	0.000000	0.000000	0.000000	0.000000	0.000000	0.000000	1660178554.803649	0.000000
145.000000	-243.877006	-179.453490	-165.999199	-345.099268	0.000000	0.000000	0.000000	0.000000	0.000000	0.000000	0.000000	0.000000	1660178554.803649	0.000000
146.000000	-258.698230	-192.449642	-173.048911	-333.404601	0.000000	0.000000	0.000000	0.000000	0.000000	0.000000	0.000000	0.000000	1660178554.808362	0.000000
146.000000	-189.865371	-131.541631	-127.631566	-315.022993	0.000000	0.000000	0.000000	0.000000	0.000000	0.000000	0.000000	0.000000	1660178554.808362	0.000000
147.000000	-221.052397	-159.269249	-145.856098	-334.534051	0.000000	0.000000	0.000000	0.000000	0.000000	0.000000	0.000000	0.000000	1660178554.814165	0.000000
147.000000	-266.911050	-203.478607	-178.569003	-328.632489	0.000000	0.000000	0.000000	0.000000	0.000000	0.000000	0.000000	0.000000	1660178554.814165	0.000000
148.000000	-212.304771	-141.265371	-140.336006	-311.084878	0.000000	0.000000	0.000000	0.000000	0.000000	0.000000	0.000000	0.000000	1660178554.847046	0.000000
148.000000	-198.553159	-139.526318	-134.195090	-330.816590	0.000000	0.000000	0.000000	0.000000	0.000000	0.000000	0.000000	0.000000	1660178554.847046	0.000000
149.000000	-257.127472	-197.203055	-172.663701	-341.501485	0.000000	0.000000	0.000000	0.000000	0.000000	0.000000	0.000000	0.000000	1660178554.852538	0.000000
149.000000	-227.365348	-173.376152	-156.877583	-320.976914	0.000000	0.000000	0.000000	0.000000	0.000000	0.000000	0.000000	0.000000	1660178554.852538	0.000000
150.000000	-176.203516	-124.776152	-124.089881	-316.324478	0.000000	0.000000	0.000000	0.000000	0.000000	0.000000	0.000000	0.000000	1660178554.856903	0.000000
150.000000	-242.485763	-181.297260	-171.306117	-343.513551	0.000000	0.000000	0.000000	0.000000	0.000000	0.000000	0.000000	0.000000	1660178554.856903	0.000000
151.000000	-248.978230	-186.308726	-171.979299	-331.478553	0.000000	0.000000	0.000000	0.000000	0.000000	0.000000	0.000000	0.000000	1660178554.861133	0.000000
151.000000	-192.285086	-128.923701	-129.602493	-320.247633	0.000000	0.000000	0.000000	0.000000	0.000000	0.000000	0.000000	0.000000	1660178554.861133	0.000000
152.000000	-226.647287	-161.195298	-148.702162	-339.575436	0.000000	0.000000	0.000000	0.000000	0.000000	0.000000	0.000000	0.000000	1660178554.867154	0.000000
152.000000	-272.098291	-206.698661	-181.792797	-341.737098	0.000000	0.000000	0.000000	0.000000	0.000000	0.000000	0.000000	0.000000	1660178554.867154	0.000000
153.000000	-210.909788	-149.425833	-141.966602	-313.444755	0.000000	0.000000	0.000000	0.000000	0.000000	0.000000	0.000000	0.000000	1660178554.907196	0.000000
153.000000	-210.483439	-139.948926	-137.287987	-320.049419	0.000000	0.000000	0.000000	0.000000	0.000000	0.000000	0.000000	0.000000	1660178554.907196	0.000000
154.000000	-267.389757	-199.136583	-178.999092	-341.161154	0.000000	0.000000	0.000000	0.000000	0.000000	0.000000	0.000000	0.000000	1660178554.911341	0.000000
154.000000	-245.324347	-177.830373	-160.718461	-318.422562	0.000000	0.000000	0.000000	0.000000	0.000000	0.000000	0.000000	0.000000	1660178554.911341	0.000000
155.000000	-193.549172	-129.783878	-126.977083	-315.296006	0.000000	0.000000	0.000000	0.000000	0.000000	0.000000	0.000000	0.000000	1660178554.915661	0.000000
155.000000	-247.874959	-181.574013	-163.740300	-339.268764	0.000000	0.000000	0.000000	0.000000	0.000000	0.000000	0.000000	0.000000	1660178554.915661	0.000000
156.000000	-260.392404	-198.332505	-172.843216	-325.378776	0.000000	0.000000	0.000000	0.000000	0.000000	0.000000	0.000000	0.000000	1660178554.919925	0.000000
156.000000	-201.144909	-135.902355	-132.826287	-313.755167	0.000000	0.000000	0.000000	0.000000	0.000000	0.000000	0.000000	0.000000	1660178554.919925	0.000000
157.000000	-222.540877	-166.408718	-151.589365	-329.197214	0.000000	0.000000	0.000000	0.000000	0.000000	0.000000	0.000000	0.000000	1660178554.924139	0.000000
157.000000	-269.712235	-207.783232	-183.232658	-330.640815	0.000000	0.000000	0.000000	0.000000	0.000000	0.000000	0.000000	0.000000	1660178554.924139	0.000000
158.000000	-207.614936	-148.303863	-136.446510	-305.258114	0.000000	0.000000	0.000000	0.000000	0.000000	0.000000	0.000000	0.000000	1660178554.930042	0.000000
158.000000	-197.038499	-142.996945	-135.657391	-323.965094	0.000000	0.000000	0.000000	0.000000	0.000000	0.000000	0.000000	0.000000	1660178554.930042	0.000000
159.000000	-261.712589	-199.129103	-179.040231	-336.407741	0.000000	0.000000	0.000000	0.000000	0.000000	0.000000	0.000000	0.000000	1660178554.951053	0.000000
159.000000	-227.279330	-170.373012	-156.754167	-307.580592	0.000000	0.000000	0.000000	0.000000	0.000000	0.000000	0.000000	0.000000	1660178554.951053	0.000000
160.000000	-181.820846	-127.973767	-118.513690	-309.338345	0.000000	0.000000	0.000000	0.000000	0.000000	0.000000	0.000000	0.000000	1660178554.955651	0.000000
160.000000	-244.456691	-188.406810	-166.305871	-336.819130	0.000000	0.000000	0.000000	0.000000	0.000000	0.000000	0.000000	0.000000	1660178554.955651	0.000000
161.000000	-254.543201	-195.520100	-171.418314	-318.718014	0.000000	0.000000	0.000000	0.000000	0.000000	0.000000	0.000000	0.000000	1660178554.959438	0.000000
161.000000	-187.688749	-133.456460	-130.298114	-301.649111	0.000000	0.000000	0.000000	0.000000	0.000000	0.000000	0.000000	0.000000	1660178554.959438	0.000000
162.000000	-216.328903	-163.472897	-150.557153	-330.543578	0.000000	0.000000	0.000000	0.000000	0.000000	0.000000	0.000000	0.000000	1660178554.965177	0.000000
162.000000	-265.284194	-206.261092	-181.961092	-329.660961	0.000000	0.000000	0.000000	0.000000	0.000000	0.000000	0.000000	0.000000	1660178554.965177	0.000000
163.000000	-206.253613	-146.280577	-140.163971	-303.171250	0.000000	0.000000	0.000000	0.000000	0.000000	0.000000	0.000000	0.000000	1660178554.996059	0.000000
163.000000	-191.103278	-135.610642	-128.843293	-314.854697	0.000000	0.000000	0.000000	0.000000	0.000000	0.000000	0.000000	0.000000	1660178554.996059	0.000000
164.000000	-263.762054	-202.371596	-177.619069	-334.047864	0.000000	0.000000	0.000000	0.000000	0.000000	0.000000	0.000000	0.000000	1660178554.999533	0.000000
164.000000	-226.849242	-171.120992	-151.675383	-305.228195	0.000000	0.000000	0.000000	0.000000	0.000000	0.000000	0.000000	0.000000	1660178554.999533	0.000000
165.000000	-186.080592	-121.529919	-121.759923	-308.063039	0.000000	0.000000	0.000000	0.000000	0.000000	0.000000	0.000000	0.000000	1660178555.005794	0.000000
165.000000	-245.062554	-182.344432	-162.012466	-336.478799	0.000000	0.000000	0.000000	0.000000	0.000000	0.000000	0.000000	0.000000	1660178555.005794	0.000000
166.000000	-262.034220	-194.435529	-170.457160	-326.500746	0.000000	0.000000	0.000000	0.000000	0.000000	0.000000	0.000000	0.000000	1660178555.011908	0.000000
166.000000	-194.035359	-133.647195	-122.556522	-310.890404	0.000000	0.000000	0.000000	0.000000	0.000000	0.000000	0.000000	0.000000	1660178555.011908	0.000000
167.000000	-219.863109	-162.541662	-141.256021	-332.428487	0.000000	0.000000	0.000000	0.000000	0.000000	0.000000	0.000000	0.000000	1660178555.017157	0.000000
167.000000	-263.462862	-205.524332	-176.328803	-332.701500	0.000000	0.000000	0.000000	0.000000	0.000000	0.000000	0.000000	0.000000	1660178555.017157	0.000000
168.000000	-202.588511	-143.819723	-132.766448	-309.588918	0.000000	0.000000	0.000000	0.000000	0.000000	0.000000	0.000000	0.000000	1660178555.042057	0.000000
168.000000	-192.801192	-136.811150	-128.334667	-320.247633	0.000000	0.000000	0.000000	0.000000	0.000000	0.000000	0.000000	0.000000	1660178555.042057	0.000000
169.000000	-250.799561	-191.118237	-168.388996	-335.259592	0.000000	0.000000	0.000000	0.000000	0.000000	0.000000	0.000000	0.000000	1660178555.047556	0.000000
169.000000	-223.617968	-173.866079	-154.330712	-309.641277	0.000000	0.000000	0.000000	0.000000	0.000000	0.000000	0.000000	0.000000	1660178555.047556	0.000000
170.000000	-181.409457	-126.129996	-122.152612	-311.458868	0.000000	0.000000	0.000000	0.000000	0.000000	0.000000	0.000000	0.000000	1660178555.052023	0.000000
170.000000	-237.522916	-183.601039	-160.639923	-341.740838	0.000000	0.000000	0.000000	0.000000	0.000000	0.000000	0.000000	0.000000	1660178555.052023	0.000000
171.000000	-242.474544	-186.981908	-165.318538	-321.878230	0.000000	0.000000	0.000000	0.000000	0.000000	0.000000	0.000000	0.000000	1660178555.058050	0.000000
171.000000	-182.909157	-129.327610	-119.938592	-312.588318	0.000000	0.000000	0.000000	0.000000	0.000000	0.000000	0.000000	0.000000	1660178555.058050	0.000000
172.000000	-210.532058	-155.544309	-143.238168	-334.145101	0.000000	0.000000	0.000000	0.000000	0.000000	0.000000	0.000000	0.000000	1660178555.085209	0.000000
172.000000	-258.227002	-200.557745	-172.536545	-331.714166	0.000000	0.000000	0.000000	0.000000	0.000000	0.000000	0.000000	0.000000	1660178555.085209	0.000000
173.000000	-201.245887	-144.477945	-130.709503	-309.484201	0.000000	0.000000	0.000000	0.000000	0.000000	0.000000	0.000000	0.000000	1660178555.088430	0.000000
173.000000	-185.953436	-131.320977	-124.602247	-327.933128	0.000000	0.000000	0.000000	0.000000	0.000000	0.000000	0.000000	0.000000	1660178555.088430	0.000000
174.000000	-250.537768	-198.642916	-173.082570	-348.955105	0.000000	0.000000	0.000000	0.000000	0.000000	0.000000	0.000000	0.000000	1660178555.092486	0.000000
174.000000	-226.033943	-173.391112	-157.004740	-333.902008	0.000000	0.000000	0.000000	0.000000	0.000000	0.000000	0.000000	0.000000	1660178555.092486	0.000000
175.000000	-174.580400	-122.012366	-121.124140	-328.823224	0.000000	0.000000	0.000000	0.000000	0.000000	0.000000	0.000000	0.000000	1660178555.097688	0.000000
175.000000	-230.409626	-176.723363	-162.902562	-347.945332	0.000000	0.000000	0.000000	0.000000	0.000000	0.000000	0.000000	0.000000	1660178555.097688	0.000000
176.000000	-253.802701	-197.580785	-177.144101	-340.185040	0.000000	0.000000	0.000000	0.000000	0.000000	0.000000	0.000000	0.000000	1660178555.102829	0.000000
176.000000	-180.063093	-126.455367	-124.961277	-324.765432	0.000000	0.000000	0.000000	0.000000	0.000000	0.000000	0.000000	0.000000	1660178555.102829	0.000000
177.000000	-213.437960	-154.811289	-147.696129	-346.217498	0.000000	0.000000	0.000000	0.000000	0.000000	0.000000	0.000000	0.000000	1660178555.130189	0.000000
177.000000	-260.968349	-202.711927	-184.818376	-357.253943	0.000000	0.000000	0.000000	0.000000	0.000000	0.000000	0.000000	0.000000	1660178555.130189	0.000000
178.000000	-190.647010	-139.511358	-136.439030	-325.734066	0.000000	0.000000	0.000000	0.000000	0.000000	0.000000	0.000000	0.000000	1660178555.134275	0.000000
178.000000	-183.915190	-130.228926	-133.877199	-343.569649	0.000000	0.000000	0.000000	0.000000	0.000000	0.000000	0.000000	0.000000	1660178555.134275	0.000000
179.000000	-251.540061	-193.081685	-181.022378	-358.559168	0.000000	0.000000	0.000000	0.000000	0.000000	0.000000	0.000000	0.000000	1660178555.138530	0.000000
179.000000	-225.267264	-170.574967	-161.417822	-336.890188	0.000000	0.000000	0.000000	0.000000	0.000000	0.000000	0.000000	0.000000	1660178555.138530	0.000000
180.000000	-182.856798	-128.089704	-127.945717	-341.565063	0.000000	0.000000	0.000000	0.000000	0.000000	0.000000	0.000000	0.000000	1660178555.142709	0.000000
180.000000	-238.558868	-188.646164	-172.046618	-365.268549	0.000000	0.000000	0.000000	0.000000	0.000000	0.000000	0.000000	0.000000	1660178555.142709	0.000000
181.000000	-256.663724	-196.264340	-176.235306	-352.175159	0.000000	0.000000	0.000000	0.000000	0.000000	0.000000	0.000000	0.000000	1660178555.176385	0.000000
181.000000	-188.866818	-134.997299	-133.215236	-337.933620	0.000000	0.000000	0.000000	0.000000	0.000000	0.000000	0.000000	0.000000	1660178555.176385	0.000000
182.000000	-217.641608	-162.040515	-153.578992	-363.189164	0.000000	0.000000	0.000000	0.000000	0.000000	0.000000	0.000000	0.000000	1660178555.181139	0.000000
182.000000	-263.664817	-208.011366	-180.177160	-357.403539	0.000000	0.000000	0.000000	0.000000	0.000000	0.000000	0.000000	0.000000	1660178555.181139	0.000000
183.000000	-202.042485	-142.320023	-141.465456	-334.017945	0.000000	0.000000	0.000000	0.000000	0.000000	0.000000	0.000000	0.000000	1660178555.192039	0.000000
183.000000	-188.713482	-136.889688	-131.678138	-347.354428	0.000000	0.000000	0.000000	0.000000	0.000000	0.000000	0.000000	0.000000	1660178555.192039	0.000000
184.000000	-258.021308	-197.700461	-180.094882	-363.630473	0.000000	0.000000	0.000000	0.000000	0.000000	0.000000	0.000000	0.000000	1660178555.195491	0.000000
184.000000	-232.739584	-175.818307	-162.502393	-339.743732	0.000000	0.000000	0.000000	0.000000	0.000000	0.000000	0.000000	0.000000	1660178555.195491	0.000000
185.000000	-181.484255	-129.413628	-125.245510	-341.535144	0.000000	0.000000	0.000000	0.000000	0.000000	0.000000	0.000000	0.000000	1660178555.198625	0.000000
185.000000	-238.850581	-185.657984	-172.454267	-366.663532	0.000000	0.000000	0.000000	0.000000	0.000000	0.000000	0.000000	0.000000	1660178555.198625	0.000000
186.000000	-251.427864	-197.401269	-178.617622	-357.055729	0.000000	0.000000	0.000000	0.000000	0.000000	0.000000	0.000000	0.000000	1660178555.219833	0.000000
186.000000	-187.501754	-134.735506	-130.084940	-339.653974	0.000000	0.000000	0.000000	0.000000	0.000000	0.000000	0.000000	0.000000	1660178555.219833	0.000000
187.000000	-215.337830	-160.032189	-153.765987	-356.064655	0.000000	0.000000	0.000000	0.000000	0.000000	0.000000	0.000000	0.000000	1660178555.235195	0.000000
187.000000	-267.277560	-215.450027	-192.660946	-366.831827	0.000000	0.000000	0.000000	0.000000	0.000000	0.000000	0.000000	0.000000	1660178555.235195	0.000000
188.000000	-208.830404	-152.907680	-140.235029	-344.990811	0.000000	0.000000	0.000000	0.000000	0.000000	0.000000	0.000000	0.000000	1660178555.239030	0.000000
188.000000	-196.238161	-145.240885	-137.377745	-351.677752	0.000000	0.000000	0.000000	0.000000	0.000000	0.000000	0.000000	0.000000	1660178555.239030	0.000000
189.000000	-258.567333	-208.254459	-183.419653	-369.075767	0.000000	0.000000	0.000000	0.000000	0.000000	0.000000	0.000000	0.000000	1660178555.244471	0.000000
189.000000	-220.970119	-172.527195	-160.265933	-339.541777	0.000000	0.000000	0.000000	0.000000	0.000000	0.000000	0.000000	0.000000	1660178555.244471	0.000000
190.000000	-179.842439	-132.801977	-123.760769	-337.421254	0.000000	0.000000	0.000000	0.000000	0.000000	0.000000	0.000000	0.000000	1660178555.248709	0.000000
190.000000	-234.538476	-187.658830	-174.253159	-365.040415	0.000000	0.000000	0.000000	0.000000	0.000000	0.000000	0.000000	0.000000	1660178555.248709	0.000000
191.000000	-248.054474	-199.622770	-179.709673	-346.875721	0.000000	0.000000	0.000000	0.000000	0.000000	0.000000	0.000000	0.000000	1660178555.265431	0.000000
191.000000	-179.330073	-136.093089	-132.224163	-332.503285	0.000000	0.000000	0.000000	0.000000	0.000000	0.000000	0.000000	0.000000	1660178555.265431	0.000000
192.000000	-214.844163	-162.900692	-153.205002	-352.358414	0.000000	0.000000	0.000000	0.000000	0.000000	0.000000	0.000000	0.000000	1660178555.272171	0.000000
192.000000	-268.298553	-207.263386	-183.782424	-352.571589	0.000000	0.000000	0.000000	0.000000	0.000000	0.000000	0.000000	0.000000	1660178555.272171	0.000000
193.000000	-206.440608	-159.890073	-150.998461	-335.218453	0.000000	0.000000	0.000000	0.000000	0.000000	0.000000	0.000000	0.000000	1660178555.280409	0.000000
193.000000	-198.306325	-148.479638	-143.765494	-351.651573	0.000000	0.000000	0.000000	0.000000	0.000000	0.000000	0.000000	0.000000	1660178555.280409	0.000000
194.000000	-257.830573	-204.050812	-183.322416	-363.686571	0.000000	0.000000	0.000000	0.000000	0.000000	0.000000	0.000000	0.000000	1660178555.285493	0.000000
194.000000	-231.071589	-173.477129	-164.903409	-346.344655	0.000000	0.000000	0.000000	0.000000	0.000000	0.000000	0.000000	0.000000	1660178555.285493	0.000000
195.000000	-187.699969	-135.128195	-133.028241	-345.046910	0.000000	0.000000	0.000000	0.000000	0.000000	0.000000	0.000000	0.000000	1660178555.311110	0.000000
195.000000	-249.741169	-190.964902	-174.754305	-370.612866	0.000000	0.000000	0.000000	0.000000	0.000000	0.000000	0.000000	0.000000	1660178555.311110	0.000000
196.000000	-267.980661	-202.382816	-184.713659	-360.492697	0.000000	0.000000	0.000000	0.000000	0.000000	0.000000	0.000000	0.000000	1660178555.316036	0.000000
196.000000	-204.271466	-142.387341	-140.025594	-346.782223	0.000000	0.000000	0.000000	0.000000	0.000000	0.000000	0.000000	0.000000	1660178555.316036	0.000000
197.000000	-234.048549	-172.239223	-154.876737	-366.274582	0.000000	0.000000	0.000000	0.000000	0.000000	0.000000	0.000000	0.000000	1660178555.323180	0.000000
197.000000	-285.677868	-218.935613	-195.166679	-366.671011	0.000000	0.000000	0.000000	0.000000	0.000000	0.000000	0.000000	0.000000	1660178555.323180	0.000000
198.000000	-221.759238	-155.484471	-146.226348	-342.810450	0.000000	0.000000	0.000000	0.000000	0.000000	0.000000	0.000000	0.000000	1660178555.329042	0.000000
198.000000	-211.897122	-148.262724	-140.919430	-350.810096	0.000000	0.000000	0.000000	0.000000	0.000000	0.000000	0.000000	0.000000	1660178555.329042	0.000000
199.000000	-280.572905	-209.881316	-183.849742	-365.537822	0.000000	0.000000	0.000000	0.000000	0.000000	0.000000	0.000000	0.000000	1660178555.356078	0.000000
199.000000	-247.467310	-175.552774	-160.078938	-342.096129	0.000000	0.000000	0.000000	0.000000	0.000000	0.000000	0.000000	0.000000	1660178555.356078	0.000000
200.000000	-196.967441	-124.880869	-129.374359	-336.501238	0.000000	0.000000	0.000000	0.000000	0.000000	0.000000	0.000000	0.000000	1660178555.362079	0.000000
200.000000	-263.204809	-182.819399	-175.356429	-367.030042	0.000000	0.000000	0.000000	0.000000	0.000000	0.000000	0.000000	0.000000	1660178555.362079	0.000000
0.000000	-275.873720	-199.770496	-182.978345	-355.875790	0.000000	0.000000	0.000000	0.000000	0.000000	0.000000	0.000000	0.000000	1660178555.367820	0.000000
101.000000	-210.380592	-138.540854	-140.407064	-336.503108	0.000000	0.000000	0.000000	0.000000	0.000000	0.000000	0.000000	0.000000	1660178555.372278	0.000000
101.000000	-243.026179	-171.096683	-162.502393	-362.353297	0.000000	0.000000	0.000000	0.000000	0.000000	0.000000	0.000000	0.000000	1660178555.372278	0.000000
102.000000	-288.394905	-217.778114	-190.484324	-366.800038	0.000000	0.000000	0.000000	0.000000	0.000000	0.000000	0.000000	0.000000	1660178555.376146	0.000000
102.000000	-234.600184	-160.587564	-148.881677	-336.720023	0.000000	0.000000	0.000000	0.000000	0.000000	0.000000	0.000000	0.000000	1660178555.376146	0.000000
103.000000	-224.779207	-150.703009	-145.964555	-359.514713	0.000000	0.000000	0.000000	0.000000	0.000000	0.000000	0.000000	0.000000	1660178555.417065	0.000000
103.000000	-288.267749	-213.118199	-189.930819	-366.725240	0.000000	0.000000	0.000000	0.000000	0.000000	0.000000	0.000000	0.000000	1660178555.417065	0.000000
104.000000	-259.631335	-183.352335	-169.488526	-344.629911	0.000000	0.000000	0.000000	0.000000	0.000000	0.000000	0.000000	0.000000	1660178555.421641	0.000000
104.000000	-212.044848	-140.960569	-138.858745	-340.486102	0.000000	0.000000	0.000000	0.000000	0.000000	0.000000	0.000000	0.000000	1660178555.421641	0.000000
105.000000	-268.981085	-188.072089	-171.541731	-359.701708	0.000000	0.000000	0.000000	0.000000	0.000000	0.000000	0.000000	0.000000	1660178555.428087	0.000000
105.000000	-273.139853	-204.475290	-188.262824	-342.973135	0.000000	0.000000	0.000000	0.000000	0.000000	0.000000	0.000000	0.000000	1660178555.428087	0.000000
106.000000	-209.677491	-132.018468	-135.305840	-329.071927	0.000000	0.000000	0.000000	0.000000	0.000000	0.000000	0.000000	0.000000	1660178555.433262	0.000000
106.000000	-242.779346	-172.974113	-156.526033	-358.115990	0.000000	0.000000	0.000000	0.000000	0.000000	0.000000	0.000000	0.000000	1660178555.433262	0.000000
107.000000	-291.861793	-218.761708	-193.322909	-358.403963	0.000000	0.000000	0.000000	0.000000	0.000000	0.000000	0.000000	0.000000	1660178555.437230	0.000000
107.000000	-231.645663	-155.654636	-150.781547	-337.625078	0.000000	0.000000	0.000000	0.000000	0.000000	0.000000	0.000000	0.000000	1660178555.437230	0.000000
108.000000	-225.751581	-155.587318	-149.573559	-348.044440	0.000000	0.000000	0.000000	0.000000	0.000000	0.000000	0.000000	0.000000	1660178555.443155	0.000000
108.000000	-283.936945	-212.130865	-183.831042	-356.163762	0.000000	0.000000	0.000000	0.000000	0.000000	0.000000	0.000000	0.000000	1660178555.443155	0.000000
109.000000	-257.219099	-179.649834	-164.327464	-334.064694	0.000000	0.000000	0.000000	0.000000	0.000000	0.000000	0.000000	0.000000	1660178555.460606	0.000000
109.000000	-206.521015	-134.468103	-130.062501	-332.434097	0.000000	0.000000	0.000000	0.000000	0.000000	0.000000	0.000000	0.000000	1660178555.460606	0.000000
110.000000	-263.356275	-186.138561	-170.404802	-353.306479	0.000000	0.000000	0.000000	0.000000	0.000000	0.000000	0.000000	0.000000	1660178555.466047	0.000000
110.000000	-270.592981	-194.444878	-176.171727	-345.860338	0.000000	0.000000	0.000000	0.000000	0.000000	0.000000	0.000000	0.000000	1660178555.466047	0.000000
111.000000	-209.554074	-134.778515	-139.333713	-337.221169	0.000000	0.000000	0.000000	0.000000	0.000000	0.000000	0.000000	0.000000	1660178555.470409	0.000000
111.000000	-239.331158	-170.804971	-157.431089	-358.568518	0.000000	0.000000	0.000000	0.000000	0.000000	0.000000	0.000000	0.000000	1660178555.470409	0.000000
112.000000	-289.543055	-214.210250	-190.712458	-361.960607	0.000000	0.000000	0.000000	0.000000	0.000000	0.000000	0.000000	0.000000	1660178555.475024	0.000000
112.000000	-225.650604	-150.893744	-147.565233	-330.197637	0.000000	0.000000	0.000000	0.000000	0.000000	0.000000	0.000000	0.000000	1660178555.475024	0.000000
113.000000	-224.132204	-148.758261	-141.454236	-349.488041	0.000000	0.000000	0.000000	0.000000	0.000000	0.000000	0.000000	0.000000	1660178555.505567	0.000000
113.000000	-285.290788	-202.814775	-183.378515	-362.880623	0.000000	0.000000	0.000000	0.000000	0.000000	0.000000	0.000000	0.000000	1660178555.505567	0.000000
114.000000	-247.259746	-172.843216	-161.799292	-337.696136	0.000000	0.000000	0.000000	0.000000	0.000000	0.000000	0.000000	0.000000	1660178555.509571	0.000000
114.000000	-203.076568	-130.088680	-128.562801	-335.295121	0.000000	0.000000	0.000000	0.000000	0.000000	0.000000	0.000000	0.000000	1660178555.509571	0.000000
115.000000	-255.337930	-180.483832	-159.805925	-347.532073	0.000000	0.000000	0.000000	0.000000	0.000000	0.000000	0.000000	0.000000	1660178555.513768	0.000000
115.000000	-267.683339	-193.992351	-176.751412	-336.742462	0.000000	0.000000	0.000000	0.000000	0.000000	0.000000	0.000000	0.000000	1660178555.513768	0.000000
116.000000	-201.745163	-131.779115	-131.487403	-329.973243	0.000000	0.000000	0.000000	0.000000	0.000000	0.000000	0.000000	0.000000	1660178555.519035	0.000000
116.000000	-233.941962	-163.777699	-153.175082	-350.187402	0.000000	0.000000	0.000000	0.000000	0.000000	0.000000	0.000000	0.000000	1660178555.519035	0.000000
117.000000	-277.040569	-204.991396	-186.400354	-353.717868	0.000000	0.000000	0.000000	0.000000	0.000000	0.000000	0.000000	0.000000	1660178555.524151	0.000000
117.000000	-218.402678	-152.614097	-148.675983	-334.128272	0.000000	0.000000	0.000000	0.000000	0.000000	0.000000	0.000000	0.000000	1660178555.524151	0.000000
118.000000	-208.798615	-139.228996	-136.775621	-342.053120	0.000000	0.000000	0.000000	0.000000	0.000000	0.000000	0.000000	0.000000	1660178555.549981	0.000000
118.000000	-280.182085	-202.668918	-183.479492	-361.410842	0.000000	0.000000	0.000000	0.000000	0.000000	0.000000	0.000000	0.000000	1660178555.549981	0.000000
119.000000	-243.052358	-170.060731	-157.520846	-331.196190	0.000000	0.000000	0.000000	0.000000	0.000000	0.000000	0.000000	0.000000	1660178555.556048	0.000000
119.000000	-197.133867	-128.132712	-123.906625	-329.733889	0.000000	0.000000	0.000000	0.000000	0.000000	0.000000	0.000000	0.000000	1660178555.556048	0.000000
120.000000	-258.602862	-186.490111	-169.058438	-352.726794	0.000000	0.000000	0.000000	0.000000	0.000000	0.000000	0.000000	0.000000	1660178555.560060	0.000000
120.000000	-268.285463	-192.350535	-174.219500	-342.950696	0.000000	0.000000	0.000000	0.000000	0.000000	0.000000	0.000000	0.000000	1660178555.560060	0.000000
121.000000	-198.360554	-130.410311	-127.298715	-324.561608	0.000000	0.000000	0.000000	0.000000	0.000000	0.000000	0.000000	0.000000	1660178555.565131	0.000000
121.000000	-231.047279	-160.247233	-153.107764	-347.528333	0.000000	0.000000	0.000000	0.000000	0.000000	0.000000	0.000000	0.000000	1660178555.565131	0.000000
122.000000	-278.910519	-208.297468	-181.684340	-347.408657	0.000000	0.000000	0.000000	0.000000	0.000000	0.000000	0.000000	0.000000	1660178555.570047	0.000000
122.000000	-209.984163	-139.056960	-133.140438	-317.063108	0.000000	0.000000	0.000000	0.000000	0.000000	0.000000	0.000000	0.000000	1660178555.570047	0.000000
123.000000	-205.432705	-136.266995	-133.761262	-334.711696	0.000000	0.000000	0.000000	0.000000	0.000000	0.000000	0.000000	0.000000	1660178555.597054	0.000000
123.000000	-266.479092	-204.183578	-176.205386	-354.312512	0.000000	0.000000	0.000000	0.000000	0.000000	0.000000	0.000000	0.000000	1660178555.597054	0.000000
124.000000	-240.333451	-174.552351	-156.716768	-327.848980	0.000000	0.000000	0.000000	0.000000	0.000000	0.000000	0.000000	0.000000	1660178555.602581	0.000000
124.000000	-195.600508	-134.539161	-131.491143	-344.158684	0.000000	0.000000	0.000000	0.000000	0.000000	0.000000	0.000000	0.000000	1660178555.602581	0.000000
125.000000	-248.138622	-182.813790	-167.031412	-354.394790	0.000000	0.000000	0.000000	0.000000	0.000000	0.000000	0.000000	0.000000	1660178555.606151	0.000000
125.000000	-254.657268	-192.933959	-171.766125	-345.265694	0.000000	0.000000	0.000000	0.000000	0.000000	0.000000	0.000000	0.000000	1660178555.606151	0.000000
126.000000	-187.828995	-126.816268	-128.226210	-325.395605	0.000000	0.000000	0.000000	0.000000	0.000000	0.000000	0.000000	0.000000	1660178555.611199	0.000000
126.000000	-226.750134	-166.036598	-153.055406	-360.752620	0.000000	0.000000	0.000000	0.000000	0.000000	0.000000	0.000000	0.000000	1660178555.611199	0.000000
127.000000	-268.670673	-209.901885	-185.341962	-357.214674	0.000000	0.000000	0.000000	0.000000	0.000000	0.000000	0.000000	0.000000	1660178555.640411	0.000000
127.000000	-211.551181	-149.551119	-139.049480	-332.288241	0.000000	0.000000	0.000000	0.000000	0.000000	0.000000	0.000000	0.000000	1660178555.640411	0.000000
128.000000	-201.550688	-142.927757	-134.711196	-346.750434	0.000000	0.000000	0.000000	0.000000	0.000000	0.000000	0.000000	0.000000	1660178555.645073	0.000000
128.000000	-267.305609	-206.326541	-181.631981	-354.271373	0.000000	0.000000	0.000000	0.000000	0.000000	0.000000	0.000000	0.000000	1660178555.645073	0.000000
129.000000	-234.570265	-172.551504	-157.793859	-338.907864	0.000000	0.000000	0.000000	0.000000	0.000000	0.000000	0.000000	0.000000	1660178555.649665	0.000000
129.000000	-187.417606	-128.297268	-122.990350	-338.204763	0.000000	0.000000	0.000000	0.000000	0.000000	0.000000	0.000000	0.000000	1660178555.649665	0.000000
130.000000	-244.735313	-188.550796	-168.059884	-357.222154	0.000000	0.000000	0.000000	0.000000	0.000000	0.000000	0.000000	0.000000	1660178555.654372	0.000000
130.000000	-255.169634	-192.855421	-171.691327	-346.282947	0.000000	0.000000	0.000000	0.000000	0.000000	0.000000	0.000000	0.000000	1660178555.654372	0.000000
131.000000	-191.711012	-135.444217	-128.450604	-325.840654	0.000000	0.000000	0.000000	0.000000	0.000000	0.000000	0.000000	0.000000	1660178555.661206	0.000000
131.000000	-226.982008	-161.731974	-153.055406	-345.217075	0.000000	0.000000	0.000000	0.000000	0.000000	0.000000	0.000000	0.000000	1660178555.661206	0.000000
132.000000	-266.755844	-201.823701	-178.569003	-334.442423	0.000000	0.000000	0.000000	0.000000	0.000000	0.000000	0.000000	0.000000	1660178555.685429	0.000000
132.000000	-214.307487	-151.896037	-139.917137	-320.806748	0.000000	0.000000	0.000000	0.000000	0.000000	0.000000	0.000000	0.000000	1660178555.685429	0.000000
133.000000	-210.081400	-146.226348	-140.089173	-339.625925	0.000000	0.000000	0.000000	0.000000	0.000000	0.000000	0.000000	0.000000	1660178555.689532	0.000000
133.000000	-263.719045	-205.657099	-176.882308	-354.196575	0.000000	0.000000	0.000000	0.000000	0.000000	0.000000	0.000000	0.000000	1660178555.689532	0.000000
134.000000	-234.712381	-173.572497	-162.565971	-330.496829	0.000000	0.000000	0.000000	0.000000	0.000000	0.000000	0.000000	0.000000	1660178555.692484	0.000000
134.000000	-190.499284	-134.771035	-128.951750	-338.066387	0.000000	0.000000	0.000000	0.000000	0.000000	0.000000	0.000000	0.000000	1660178555.692484	0.000000
135.000000	-249.698160	-190.981731	-165.752366	-357.132397	0.000000	0.000000	0.000000	0.000000	0.000000	0.000000	0.000000	0.000000	1660178555.699046	0.000000
135.000000	-251.986979	-186.280677	-168.089804	-329.505756	0.000000	0.000000	0.000000	0.000000	0.000000	0.000000	0.000000	0.000000	1660178555.699046	0.000000
136.000000	-192.675906	-132.972143	-130.429011	-324.382093	0.000000	0.000000	0.000000	0.000000	0.000000	0.000000	0.000000	0.000000	1660178555.730160	0.000000
136.000000	-220.957029	-161.634736	-147.726048	-346.593358	0.000000	0.000000	0.000000	0.000000	0.000000	0.000000	0.000000	0.000000	1660178555.730160	0.000000
137.000000	-265.577776	-207.055821	-184.818376	-344.454136	0.000000	0.000000	0.000000	0.000000	0.000000	0.000000	0.000000	0.000000	1660178555.734511	0.000000
137.000000	-200.866287	-147.714829	-140.814713	-321.042362	0.000000	0.000000	0.000000	0.000000	0.000000	0.000000	0.000000	0.000000	1660178555.734511	0.000000
138.000000	-196.576621	-141.884325	-132.781408	-339.805440	0.000000	0.000000	0.000000	0.000000	0.000000	0.000000	0.000000	0.000000	1660178555.744173	0.000000
138.000000	-256.665594	-199.624640	-175.962293	-349.357145	0.000000	0.000000	0.000000	0.000000	0.000000	0.000000	0.000000	0.000000	1660178555.744173	0.000000
139.000000	-226.630458	-166.807018	-149.409003	-320.126086	0.000000	0.000000	0.000000	0.000000	0.000000	0.000000	0.000000	0.000000	1660178555.749789	0.000000
139.000000	-182.727772	-120.192905	-118.670765	-326.760669	0.000000	0.000000	0.000000	0.000000	0.000000	0.000000	0.000000	0.000000	1660178555.749789	0.000000
140.000000	-242.730727	-183.954459	-167.143609	-352.001254	0.000000	0.000000	0.000000	0.000000	0.000000	0.000000	0.000000	0.000000	1660178555.752801	0.000000
140.000000	-250.771512	-186.011404	-171.837183	-339.214536	0.000000	0.000000	0.000000	0.000000	0.000000	0.000000	0.000000	0.000000	1660178555.752801	0.000000
141.000000	-185.824409	-133.211497	-126.083247	-323.233943	0.000000	0.000000	0.000000	0.000000	0.000000	0.000000	0.000000	0.000000	1660178555.791188	0.000000
141.000000	-222.568926	-162.031166	-154.326972	-349.865771	0.000000	0.000000	0.000000	0.000000	0.000000	0.000000	0.000000	0.000000	1660178555.791188	0.000000
142.000000	-268.266764	-204.781962	-181.882555	-347.734028	0.000000	0.000000	0.000000	0.000000	0.000000	0.000000	0.000000	0.000000	1660178555.794318	0.000000
142.000000	-200.469857	-144.001108	-135.339500	-321.715544	0.000000	0.000000	0.000000	0.000000	0.000000	0.000000	0.000000	0.000000	1660178555.794318	0.000000
143.000000	-201.027102	-138.350119	-133.181577	-338.687210	0.000000	0.000000	0.000000	0.000000	0.000000	0.000000	0.000000	0.000000	1660178555.802039	0.000000
143.000000	-257.671627	-197.044109	-175.300331	-351.223355	0.000000	0.000000	0.000000	0.000000	0.000000	0.000000	0.000000	0.000000	1660178555.802039	0.000000
144.000000	-229.857991	-169.458607	-156.982301	-326.723270	0.000000	0.000000	0.000000	0.000000	0.000000	0.000000	0.000000	0.000000	1660178555.808025	0.000000
144.000000	-179.167387	-121.606587	-120.503316	-330.074220	0.000000	0.000000	0.000000	0.000000	0.000000	0.000000	0.000000	0.000000	1660178555.808025	0.000000
145.000000	-246.683801	-188.367541	-172.102716	-357.614844	0.000000	0.000000	0.000000	0.000000	0.000000	0.000000	0.000000	0.000000	1660178555.820948	0.000000
145.000000	-254.859222	-191.624994	-174.728126	-342.284994	0.000000	0.000000	0.000000	0.000000	0.000000	0.000000	0.000000	0.000000	1660178555.820948	0.000000
146.000000	-182.219146	-129.168665	-125.432505	-325.885532	0.000000	0.000000	0.000000	0.000000	0.000000	0.000000	0.000000	0.000000	1660178555.826194	0.000000
146.000000	-217.942670	-158.792412	-146.428303	-343.047933	0.000000	0.000000	0.000000	0.000000	0.000000	0.000000	0.000000	0.000000	1660178555.826194	0.000000
147.000000	-274.504917	-211.835413	-187.253051	-354.664063	0.000000	0.000000	0.000000	0.000000	0.000000	0.000000	0.000000	0.000000	1660178555.832556	0.000000
147.000000	-204.187318	-147.666210	-138.537114	-330.695044	0.000000	0.000000	0.000000	0.000000	0.000000	0.000000	0.000000	0.000000	1660178555.832556	0.000000
148.000000	-198.420392	-142.157337	-138.065887	-344.132504	0.000000	0.000000	0.000000	0.000000	0.000000	0.000000	0.000000	0.000000	1660178555.837752	0.000000
148.000000	-261.923893	-201.745163	-182.305163	-355.587818	0.000000	0.000000	0.000000	0.000000	0.000000	0.000000	0.000000	0.000000	1660178555.837752	0.000000
149.000000	-234.106518	-172.846956	-159.899423	-332.224663	0.000000	0.000000	0.000000	0.000000	0.000000	0.000000	0.000000	0.000000	1660178555.844151	0.000000
149.000000	-178.239892	-128.244909	-124.071181	-327.579707	0.000000	0.000000	0.000000	0.000000	0.000000	0.000000	0.000000	0.000000	1660178555.844151	0.000000
150.000000	-234.951735	-186.935159	-162.307918	-346.484901	0.000000	0.000000	0.000000	0.000000	0.000000	0.000000	0.000000	0.000000	1660178555.866077	0.000000
150.000000	-241.021593	-193.139653	-166.855637	-333.567287	0.000000	0.000000	0.000000	0.000000	0.000000	0.000000	0.000000	0.000000	1660178555.866077	0.000000
151.000000	-183.045663	-137.504902	-130.114859	-323.682731	0.000000	0.000000	0.000000	0.000000	0.000000	0.000000	0.000000	0.000000	1660178555.870160	0.000000
151.000000	-215.362139	-160.755860	-149.756814	-348.156637	0.000000	0.000000	0.000000	0.000000	0.000000	0.000000	0.000000	0.000000	1660178555.870160	0.000000
152.000000	-268.300423	-214.573020	-187.425086	-344.065186	0.000000	0.000000	0.000000	0.000000	0.000000	0.000000	0.000000	0.000000	1660178555.874785	0.000000
152.000000	-201.475890	-150.841385	-142.811820	-321.128380	0.000000	0.000000	0.000000	0.000000	0.000000	0.000000	0.000000	0.000000	1660178555.874785	0.000000
153.000000	-196.943132	-142.707103	-137.235629	-332.478976	0.000000	0.000000	0.000000	0.000000	0.000000	0.000000	0.000000	0.000000	1660178555.879511	0.000000
153.000000	-261.561123	-209.595213	-184.530404	-352.517360	0.000000	0.000000	0.000000	0.000000	0.000000	0.000000	0.000000	0.000000	1660178555.879511	0.000000
154.000000	-224.865225	-171.264979	-155.355444	-318.360854	0.000000	0.000000	0.000000	0.000000	0.000000	0.000000	0.000000	0.000000	1660178555.910941	0.000000
154.000000	-188.640554	-134.483063	-127.081800	-330.362193	0.000000	0.000000	0.000000	0.000000	0.000000	0.000000	0.000000	0.000000	1660178555.910941	0.000000
155.000000	-243.340331	-190.383347	-170.879769	-346.451242	0.000000	0.000000	0.000000	0.000000	0.000000	0.000000	0.000000	0.000000	1660178555.916399	0.000000
155.000000	-250.670534	-195.237737	-171.825964	-328.245409	0.000000	0.000000	0.000000	0.000000	0.000000	0.000000	0.000000	0.000000	1660178555.916399	0.000000
156.000000	-188.995844	-131.977330	-127.579207	-312.934259	0.000000	0.000000	0.000000	0.000000	0.000000	0.000000	0.000000	0.000000	1660178555.920806	0.000000
156.000000	-218.645771	-163.744040	-149.423963	-343.377044	0.000000	0.000000	0.000000	0.000000	0.000000	0.000000	0.000000	0.000000	1660178555.920806	0.000000
157.000000	-261.422747	-209.367079	-181.325309	-341.436036	0.000000	0.000000	0.000000	0.000000	0.000000	0.000000	0.000000	0.000000	1660178555.926157	0.000000
157.000000	-189.968218	-144.274121	-131.072274	-310.551943	0.000000	0.000000	0.000000	0.000000	0.000000	0.000000	0.000000	0.000000	1660178555.926157	0.000000
158.000000	-193.281770	-144.999661	-133.750042	-324.030542	0.000000	0.000000	0.000000	0.000000	0.000000	0.000000	0.000000	0.000000	1660178555.931028	0.000000
158.000000	-255.083616	-198.031443	-174.488772	-336.555467	0.000000	0.000000	0.000000	0.000000	0.000000	0.000000	0.000000	0.000000	1660178555.931028	0.000000
159.000000	-222.834459	-163.534605	-154.648603	-313.585001	0.000000	0.000000	0.000000	0.000000	0.000000	0.000000	0.000000	0.000000	1660178555.956096	0.000000
159.000000	-185.472859	-128.869473	-126.206664	-322.373766	0.000000	0.000000	0.000000	0.000000	0.000000	0.000000	0.000000	0.000000	1660178555.956096	0.000000
160.000000	-245.812404	-188.419900	-166.634982	-342.789880	0.000000	0.000000	0.000000	0.000000	0.000000	0.000000	0.000000	0.000000	1660178555.961899	0.000000
160.000000	-249.630842	-192.391673	-170.771312	-325.320807	0.000000	0.000000	0.000000	0.000000	0.000000	0.000000	0.000000	0.000000	1660178555.961899	0.000000
161.000000	-181.209373	-127.713844	-124.448911	-315.555929	0.000000	0.000000	0.000000	0.000000	0.000000	0.000000	0.000000	0.000000	1660178555.965152	0.000000
161.000000	-217.280708	-165.146502	-152.094251	-342.434590	0.000000	0.000000	0.000000	0.000000	0.000000	0.000000	0.000000	0.000000	1660178555.965152	0.000000
162.000000	-265.061669	-206.199384	-180.816683	-338.474036	0.000000	0.000000	0.000000	0.000000	0.000000	0.000000	0.000000	0.000000	1660178555.971041	0.000000
162.000000	-200.473597	-142.250835	-134.793474	-309.766564	0.000000	0.000000	0.000000	0.000000	0.000000	0.000000	0.000000	0.000000	1660178555.971041	0.000000
163.000000	-190.719938	-139.838599	-133.391012	-332.060107	0.000000	0.000000	0.000000	0.000000	0.000000	0.000000	0.000000	0.000000	1660178555.984527	0.000000
163.000000	-257.974559	-205.683278	-181.243032	-349.330965	0.000000	0.000000	0.000000	0.000000	0.000000	0.000000	0.000000	0.000000	1660178555.984527	0.000000
164.000000	-223.047633	-169.578284	-154.824378	-326.779368	0.000000	0.000000	0.000000	0.000000	0.000000	0.000000	0.000000	0.000000	1660178556.016430	0.000000
164.000000	-182.458499	-126.460977	-125.365186	-329.569334	0.000000	0.000000	0.000000	0.000000	0.000000	0.000000	0.000000	0.000000	1660178556.016430	0.000000
165.000000	-243.400169	-184.429426	-169.006079	-350.849365	0.000000	0.000000	0.000000	0.000000	0.000000	0.000000	0.000000	0.000000	1660178556.022392	0.000000
165.000000	-255.199553	-197.163786	-176.070750	-333.806640	0.000000	0.000000	0.000000	0.000000	0.000000	0.000000	0.000000	0.000000	1660178556.022392	0.000000
166.000000	-176.871089	-125.282909	-123.450358	-318.244917	0.000000	0.000000	0.000000	0.000000	0.000000	0.000000	0.000000	0.000000	1660178556.029204	0.000000
166.000000	-212.781608	-162.285479	-149.581039	-337.247348	0.000000	0.000000	0.000000	0.000000	0.000000	0.000000	0.000000	0.000000	1660178556.029204	0.000000
167.000000	-261.983732	-207.777622	-181.946133	-343.586479	0.000000	0.000000	0.000000	0.000000	0.000000	0.000000	0.000000	0.000000	1660178556.035152	0.000000
167.000000	-198.659746	-141.525294	-135.395598	-329.060707	0.000000	0.000000	0.000000	0.000000	0.000000	0.000000	0.000000	0.000000	1660178556.035152	0.000000
168.000000	-192.111181	-142.557507	-136.820500	-339.068680	0.000000	0.000000	0.000000	0.000000	0.000000	0.000000	0.000000	0.000000	1660178556.039535	0.000000
168.000000	-254.301977	-204.415452	-181.033597	-350.591311	0.000000	0.000000	0.000000	0.000000	0.000000	0.000000	0.000000	0.000000	1660178556.039535	0.000000
169.000000	-215.661331	-162.031166	-150.257961	-323.020769	0.000000	0.000000	0.000000	0.000000	0.000000	0.000000	0.000000	0.000000	1660178556.061344	0.000000
169.000000	-174.447633	-124.273136	-124.288095	-329.146725	0.000000	0.000000	0.000000	0.000000	0.000000	0.000000	0.000000	0.000000	1660178556.061344	0.000000
170.000000	-233.870904	-175.670581	-166.425548	-351.825478	0.000000	0.000000	0.000000	0.000000	0.000000	0.000000	0.000000	0.000000	1660178556.067033	0.000000
170.000000	-239.895883	-184.807156	-168.759246	-330.867079	0.000000	0.000000	0.000000	0.000000	0.000000	0.000000	0.000000	0.000000	1660178556.067033	0.000000
171.000000	-183.636568	-128.787195	-128.547841	-325.107633	0.000000	0.000000	0.000000	0.000000	0.000000	0.000000	0.000000	0.000000	1660178556.071164	0.000000
171.000000	-220.063193	-163.568264	-155.329265	-349.566579	0.000000	0.000000	0.000000	0.000000	0.000000	0.000000	0.000000	0.000000	1660178556.071164	0.000000
172.000000	-268.764170	-207.893559	-184.455606	-351.571165	0.000000	0.000000	0.000000	0.000000	0.000000	0.000000	0.000000	0.000000	1660178556.075232	0.000000
172.000000	-201.487110	-147.453036	-135.788288	-322.893612	0.000000	0.000000	0.000000	0.000000	0.000000	0.000000	0.000000	0.000000	1660178556.075232	0.000000
173.000000	-201.307595	-143.283047	-141.102685	-341.447256	0.000000	0.000000	0.000000	0.000000	0.000000	0.000000	0.000000	0.000000	1660178556.079482	0.000000
173.000000	-267.881554	-205.436444	-180.042524	-355.023093	0.000000	0.000000	0.000000	0.000000	0.000000	0.000000	0.000000	0.000000	1660178556.079482	0.000000
174.000000	-227.281200	-170.131789	-156.066025	-335.848626	0.000000	0.000000	0.000000	0.000000	0.000000	0.000000	0.000000	0.000000	1660178556.105682	0.000000
174.000000	-190.660100	-133.940777	-127.478230	-342.326133	0.000000	0.000000	0.000000	0.000000	0.000000	0.000000	0.000000	0.000000	1660178556.105682	0.000000
175.000000	-252.791058	-190.035536	-169.888695	-362.708587	0.000000	0.000000	0.000000	0.000000	0.000000	0.000000	0.000000	0.000000	1660178556.109742	0.000000
175.000000	-256.194367	-196.445725	-176.411081	-345.688303	0.000000	0.000000	0.000000	0.000000	0.000000	0.000000	0.000000	0.000000	1660178556.109742	0.000000
176.000000	-195.503270	-132.171804	-127.519369	-333.305494	0.000000	0.000000	0.000000	0.000000	0.000000	0.000000	0.000000	0.000000	1660178556.115180	0.000000
176.000000	-236.593551	-173.441600	-161.971327	-364.283085	0.000000	0.000000	0.000000	0.000000	0.000000	0.000000	0.000000	0.000000	1660178556.115180	0.000000
177.000000	-275.200538	-213.084540	-190.499284	-358.875190	0.000000	0.000000	0.000000	0.000000	0.000000	0.000000	0.000000	0.000000	1660178556.120923	0.000000
177.000000	-218.428857	-151.652943	-143.185810	-333.533628	0.000000	0.000000	0.000000	0.000000	0.000000	0.000000	0.000000	0.000000	1660178556.120923	0.000000
178.000000	-223.298207	-151.600585	-141.278461	-350.980261	0.000000	0.000000	0.000000	0.000000	0.000000	0.000000	0.000000	0.000000	1660178556.151059	0.000000
178.000000	-286.319261	-211.326787	-189.493251	-357.038899	0.000000	0.000000	0.000000	0.000000	0.000000	0.000000	0.000000	0.000000	1660178556.151059	0.000000
179.000000	-240.550365	-169.970973	-154.899176	-326.865386	0.000000	0.000000	0.000000	0.000000	0.000000	0.000000	0.000000	0.000000	1660178556.156037	0.000000
179.000000	-194.706671	-128.921831	-126.318861	-326.472697	0.000000	0.000000	0.000000	0.000000	0.000000	0.000000	0.000000	0.000000	1660178556.156037	0.000000
180.000000	-259.500438	-193.644540	-174.335436	-361.149049	0.000000	0.000000	0.000000	0.000000	0.000000	0.000000	0.000000	0.000000	1660178556.162115	0.000000
180.000000	-274.617114	-200.376360	-179.328203	-348.448349	0.000000	0.000000	0.000000	0.000000	0.000000	0.000000	0.000000	0.000000	1660178556.162115	0.000000
181.000000	-205.578561	-138.361339	-134.378345	-335.037068	0.000000	0.000000	0.000000	0.000000	0.000000	0.000000	0.000000	0.000000	1660178556.168176	0.000000
181.000000	-242.644709	-173.437860	-160.509026	-359.645609	0.000000	0.000000	0.000000	0.000000	0.000000	0.000000	0.000000	0.000000	1660178556.168176	0.000000
182.000000	-286.966264	-212.676891	-187.780377	-350.905463	0.000000	0.000000	0.000000	0.000000	0.000000	0.000000	0.000000	0.000000	1660178556.174121	0.000000
182.000000	-213.338853	-146.405864	-141.809527	-326.887826	0.000000	0.000000	0.000000	0.000000	0.000000	0.000000	0.000000	0.000000	1660178556.174121	0.000000
183.000000	-209.636352	-148.328172	-142.045140	-344.401777	0.000000	0.000000	0.000000	0.000000	0.000000	0.000000	0.000000	0.000000	1660178556.194567	0.000000
183.000000	-281.143239	-214.842293	-188.823809	-359.653089	0.000000	0.000000	0.000000	0.000000	0.000000	0.000000	0.000000	0.000000	1660178556.194567	0.000000
184.000000	-243.688141	-174.716906	-161.197168	-336.619045	0.000000	0.000000	0.000000	0.000000	0.000000	0.000000	0.000000	0.000000	1660178556.200339	0.000000
184.000000	-206.132066	-134.217530	-129.942824	-332.591173	0.000000	0.000000	0.000000	0.000000	0.000000	0.000000	0.000000	0.000000	1660178556.200339	0.000000
185.000000	-269.018484	-195.151720	-177.387195	-361.324824	0.000000	0.000000	0.000000	0.000000	0.000000	0.000000	0.000000	0.000000	1660178556.207034	0.000000
185.000000	-276.255190	-200.574575	-177.028164	-343.866971	0.000000	0.000000	0.000000	0.000000	0.000000	0.000000	0.000000	0.000000	1660178556.207034	0.000000
186.000000	-205.260669	-133.080600	-131.218130	-328.825094	0.000000	0.000000	0.000000	0.000000	0.000000	0.000000	0.000000	0.000000	1660178556.211147	0.000000
186.000000	-245.266379	-171.968080	-157.984594	-359.331458	0.000000	0.000000	0.000000	0.000000	0.000000	0.000000	0.000000	0.000000	1660178556.211147	0.000000
187.000000	-280.795429	-208.376006	-181.272951	-353.773966	0.000000	0.000000	0.000000	0.000000	0.000000	0.000000	0.000000	0.000000	1660178556.256337	0.000000
187.000000	-214.199030	-153.818345	-142.239615	-328.155652	0.000000	0.000000	0.000000	0.000000	0.000000	0.000000	0.000000	0.000000	1660178556.256337	0.000000
188.000000	-212.976083	-150.168203	-139.767541	-341.982062	0.000000	0.000000	0.000000	0.000000	0.000000	0.000000	0.000000	0.000000	1660178556.262077	0.000000
188.000000	-274.979884	-210.762062	-184.156414	-354.611704	0.000000	0.000000	0.000000	0.000000	0.000000	0.000000	0.000000	0.000000	1660178556.262077	0.000000
189.000000	-241.773312	-175.898715	-159.259900	-330.074220	0.000000	0.000000	0.000000	0.000000	0.000000	0.000000	0.000000	0.000000	1660178556.267163	0.000000
189.000000	-206.075967	-137.452543	-126.719030	-336.420831	0.000000	0.000000	0.000000	0.000000	0.000000	0.000000	0.000000	0.000000	1660178556.267163	0.000000
190.000000	-260.962739	-189.979438	-166.354490	-349.805933	0.000000	0.000000	0.000000	0.000000	0.000000	0.000000	0.000000	0.000000	1660178556.273365	0.000000
190.000000	-271.400800	-197.560215	-169.237953	-335.482116	0.000000	0.000000	0.000000	0.000000	0.000000	0.000000	0.000000	0.000000	1660178556.273365	0.000000
191.000000	-203.431858	-135.406818	-126.977083	-323.723870	0.000000	0.000000	0.000000	0.000000	0.000000	0.000000	0.000000	0.000000	1660178556.285183	0.000000
191.000000	-244.634336	-176.231566	-155.258207	-348.496968	0.000000	0.000000	0.000000	0.000000	0.000000	0.000000	0.000000	0.000000	1660178556.285183	0.000000
192.000000	-281.838861	-211.244509	-181.276691	-346.668156	0.000000	0.000000	0.000000	0.000000	0.000000	0.000000	0.000000	0.000000	1660178556.302030	0.000000
192.000000	-212.179484	-150.620731	-141.682370	-322.355067	0.000000	0.000000	0.000000	0.000000	0.000000	0.000000	0.000000	0.000000	1660178556.302030	0.000000
193.000000	-221.488095	-149.042493	-135.930404	-339.981215	0.000000	0.000000	0.000000	0.000000	0.000000	0.000000	0.000000	0.000000	1660178556.306674	0.000000
193.000000	-277.328541	-207.766402	-182.810050	-349.873251	0.000000	0.000000	0.000000	0.000000	0.000000	0.000000	0.000000	0.000000	1660178556.306674	0.000000
194.000000	-242.655929	-167.614836	-158.474521	-328.241669	0.000000	0.000000	0.000000	0.000000	0.000000	0.000000	0.000000	0.000000	1660178556.310570	0.000000
194.000000	-197.399399	-131.453744	-129.722170	-329.543155	0.000000	0.000000	0.000000	0.000000	0.000000	0.000000	0.000000	0.000000	1660178556.310570	0.000000
195.000000	-260.831843	-192.058822	-172.944194	-351.466448	0.000000	0.000000	0.000000	0.000000	0.000000	0.000000	0.000000	0.000000	1660178556.316036	0.000000
195.000000	-269.938499	-196.916952	-177.835983	-337.396944	0.000000	0.000000	0.000000	0.000000	0.000000	0.000000	0.000000	0.000000	1660178556.316036	0.000000
196.000000	-199.796675	-133.836060	-128.742316	-323.121746	0.000000	0.000000	0.000000	0.000000	0.000000	0.000000	0.000000	0.000000	1660178556.346169	0.000000
196.000000	-236.683309	-169.507226	-154.648603	-347.614351	0.000000	0.000000	0.000000	0.000000	0.000000	0.000000	0.000000	0.000000	1660178556.346169	0.000000
197.000000	-274.961185	-208.312428	-182.630535	-342.823539	0.000000	0.000000	0.000000	0.000000	0.000000	0.000000	0.000000	0.000000	1660178556.349772	0.000000
197.000000	-222.890558	-148.934036	-138.798907	-327.033682	0.000000	0.000000	0.000000	0.000000	0.000000	0.000000	0.000000	0.000000	1660178556.349772	0.000000
198.000000	-208.046895	-149.655837	-135.283401	-336.544247	0.000000	0.000000	0.000000	0.000000	0.000000	0.000000	0.000000	0.000000	1660178556.353515	0.000000
198.000000	-270.394767	-207.736483	-179.814390	-349.794713	0.000000	0.000000	0.000000	0.000000	0.000000	0.000000	0.000000	0.000000	1660178556.353515	0.000000
199.000000	-233.713828	-171.908241	-153.852004	-319.075175	0.000000	0.000000	0.000000	0.000000	0.000000	0.000000	0.000000	0.000000	1660178556.357717	0.000000
199.000000	-190.117814	-133.525648	-123.910365	-330.698784	0.000000	0.000000	0.000000	0.000000	0.000000	0.000000	0.000000	0.000000	1660178556.357717	0.000000
200.000000	-249.619623	-193.046156	-168.441354	-350.325779	0.000000	0.000000	0.000000	0.000000	0.000000	0.000000	0.000000	0.000000	1660178556.377078	0.000000
200.000000	-248.183501	-186.071242	-165.655129	-325.485363	0.000000	0.000000	0.000000	0.000000	0.000000	0.000000	0.000000	0.000000	1660178556.377078	0.000000
0.000000	-187.009957	-125.963570	-123.656052	-315.756013	0.000000	0.000000	0.000000	0.000000	0.000000	0.000000	0.000000	0.000000	1660178556.382269	0.000000
101.000000	-230.198322	-161.212127	-145.691543	-335.652281	0.000000	0.000000	0.000000	0.000000	0.000000	0.000000	0.000000	0.000000	1660178556.390049	0.000000
101.000000	-271.767310	-209.479276	-179.092589	-340.697406	0.000000	0.000000	0.000000	0.000000	0.000000	0.000000	0.000000	0.000000	1660178556.390049	0.000000
102.000000	-206.434998	-144.640631	-134.449403	-312.969788	0.000000	0.000000	0.000000	0.000000	0.000000	0.000000	0.000000	0.000000	1660178556.396047	0.000000
102.000000	-203.136406	-144.012328	-133.533128	-333.539238	0.000000	0.000000	0.000000	0.000000	0.000000	0.000000	0.000000	0.000000	1660178556.396047	0.000000
103.000000	-264.500684	-208.776175	-180.150981	-351.326202	0.000000	0.000000	0.000000	0.000000	0.000000	0.000000	0.000000	0.000000	1660178556.400890	0.000000
103.000000	-228.814559	-168.400215	-154.521446	-324.787872	0.000000	0.000000	0.000000	0.000000	0.000000	0.000000	0.000000	0.000000	1660178556.400890	0.000000
104.000000	-185.831889	-131.001216	-129.681031	-326.646602	0.000000	0.000000	0.000000	0.000000	0.000000	0.000000	0.000000	0.000000	1660178556.405904	0.000000
104.000000	-251.672828	-189.459592	-175.577083	-346.471812	0.000000	0.000000	0.000000	0.000000	0.000000	0.000000	0.000000	0.000000	1660178556.405904	0.000000
105.000000	-250.842570	-192.156060	-166.926695	-330.502439	0.000000	0.000000	0.000000	0.000000	0.000000	0.000000	0.000000	0.000000	1660178556.421192	0.000000
105.000000	-185.772050	-133.742562	-122.530342	-322.297098	0.000000	0.000000	0.000000	0.000000	0.000000	0.000000	0.000000	0.000000	1660178556.421192	0.000000
106.000000	-226.555660	-166.137576	-154.540146	-348.764370	0.000000	0.000000	0.000000	0.000000	0.000000	0.000000	0.000000	0.000000	1660178556.426036	0.000000
106.000000	-262.200646	-210.103840	-177.028164	-339.926987	0.000000	0.000000	0.000000	0.000000	0.000000	0.000000	0.000000	0.000000	1660178556.426036	0.000000
107.000000	-206.872566	-152.068072	-139.071920	-322.110103	0.000000	0.000000	0.000000	0.000000	0.000000	0.000000	0.000000	0.000000	1660178556.430820	0.000000
107.000000	-202.006956	-150.762847	-140.807233	-334.709826	0.000000	0.000000	0.000000	0.000000	0.000000	0.000000	0.000000	0.000000	1660178556.430820	0.000000
108.000000	-263.935960	-209.307241	-184.900654	-352.934359	0.000000	0.000000	0.000000	0.000000	0.000000	0.000000	0.000000	0.000000	1660178556.437434	0.000000
108.000000	-227.774867	-168.273059	-152.924509	-323.419068	0.000000	0.000000	0.000000	0.000000	0.000000	0.000000	0.000000	0.000000	1660178556.437434	0.000000
109.000000	-189.665286	-132.433597	-128.562801	-327.652635	0.000000	0.000000	0.000000	0.000000	0.000000	0.000000	0.000000	0.000000	1660178556.466904	0.000000
109.000000	-255.139715	-193.184532	-171.990519	-352.287356	0.000000	0.000000	0.000000	0.000000	0.000000	0.000000	0.000000	0.000000	1660178556.466904	0.000000
110.000000	-249.223193	-191.871827	-167.072551	-330.405201	0.000000	0.000000	0.000000	0.000000	0.000000	0.000000	0.000000	0.000000	1660178556.471159	0.000000
110.000000	-188.547056	-128.678738	-123.697191	-317.195875	0.000000	0.000000	0.000000	0.000000	0.000000	0.000000	0.000000	0.000000	1660178556.471159	0.000000
111.000000	-219.038461	-160.176175	-144.618191	-339.653974	0.000000	0.000000	0.000000	0.000000	0.000000	0.000000	0.000000	0.000000	1660178556.476545	0.000000
111.000000	-264.309950	-204.684725	-175.479846	-342.956306	0.000000	0.000000	0.000000	0.000000	0.000000	0.000000	0.000000	0.000000	1660178556.476545	0.000000
112.000000	-197.481677	-145.467149	-135.145025	-323.796798	0.000000	0.000000	0.000000	0.000000	0.000000	0.000000	0.000000	0.000000	1660178556.480550	0.000000
112.000000	-208.839753	-145.325032	-138.585733	-351.273843	0.000000	0.000000	0.000000	0.000000	0.000000	0.000000	0.000000	0.000000	1660178556.480550	0.000000
113.000000	-272.702285	-207.186718	-183.546810	-359.785856	0.000000	0.000000	0.000000	0.000000	0.000000	0.000000	0.000000	0.000000	1660178556.485060	0.000000
113.000000	-230.901423	-168.381516	-150.912443	-337.873782	0.000000	0.000000	0.000000	0.000000	0.000000	0.000000	0.000000	0.000000	1660178556.485060	0.000000
114.000000	-193.786656	-134.112812	-127.538068	-338.872335	0.000000	0.000000	0.000000	0.000000	0.000000	0.000000	0.000000	0.000000	1660178556.509914	0.000000
114.000000	-257.854882	-190.446925	-172.338330	-359.041615	0.000000	0.000000	0.000000	0.000000	0.000000	0.000000	0.000000	0.000000	1660178556.509914	0.000000
115.000000	-255.809157	-188.116968	-169.944794	-343.558430	0.000000	0.000000	0.000000	0.000000	0.000000	0.000000	0.000000	0.000000	1660178556.516213	0.000000
115.000000	-187.742978	-127.949457	-123.592474	-324.941208	0.000000	0.000000	0.000000	0.000000	0.000000	0.000000	0.000000	0.000000	1660178556.516213	0.000000
116.000000	-227.550473	-166.201154	-153.047926	-353.446725	0.000000	0.000000	0.000000	0.000000	0.000000	0.000000	0.000000	0.000000	1660178556.525152	0.000000
116.000000	-273.932712	-206.535975	-181.097176	-351.397260	0.000000	0.000000	0.000000	0.000000	0.000000	0.000000	0.000000	0.000000	1660178556.525152	0.000000
117.000000	-205.500023	-139.419730	-137.063593	-324.391442	0.000000	0.000000	0.000000	0.000000	0.000000	0.000000	0.000000	0.000000	1660178556.530029	0.000000
117.000000	-205.428965	-143.937530	-136.263255	-341.886694	0.000000	0.000000	0.000000	0.000000	0.000000	0.000000	0.000000	0.000000	1660178556.530029	0.000000
118.000000	-270.316229	-207.489650	-181.112135	-355.608387	0.000000	0.000000	0.000000	0.000000	0.000000	0.000000	0.000000	0.000000	1660178556.539421	0.000000
118.000000	-229.925309	-168.706887	-150.628211	-328.748426	0.000000	0.000000	0.000000	0.000000	0.000000	0.000000	0.000000	0.000000	1660178556.539421	0.000000
119.000000	-194.519676	-130.316814	-127.534328	-329.616083	0.000000	0.000000	0.000000	0.000000	0.000000	0.000000	0.000000	0.000000	1660178556.543054	0.000000
119.000000	-254.133682	-191.243524	-171.552951	-355.477491	0.000000	0.000000	0.000000	0.000000	0.000000	0.000000	0.000000	0.000000	1660178556.543054	0.000000
120.000000	-251.377376	-194.826348	-171.758645	-342.245725	0.000000	0.000000	0.000000	0.000000	0.000000	0.000000	0.000000	0.000000	1660178556.571074	0.000000
120.000000	-189.149180	-130.552428	-123.229704	-321.167649	0.000000	0.000000	0.000000	0.000000	0.000000	0.000000	0.000000	0.000000	1660178556.571074	0.000000
121.000000	-233.956922	-169.739099	-155.366664	-348.102408	0.000000	0.000000	0.000000	0.000000	0.000000	0.000000	0.000000	0.000000	1660178556.577403	0.000000
121.000000	-271.868287	-206.195644	-182.200446	-342.129788	0.000000	0.000000	0.000000	0.000000	0.000000	0.000000	0.000000	0.000000	1660178556.577403	0.000000
122.000000	-207.085740	-145.564386	-137.037414	-320.890896	0.000000	0.000000	0.000000	0.000000	0.000000	0.000000	0.000000	0.000000	1660178556.584034	0.000000
122.000000	-209.797168	-149.764294	-137.411404	-340.985378	0.000000	0.000000	0.000000	0.000000	0.000000	0.000000	0.000000	0.000000	1660178556.584034	0.000000
123.000000	-274.452558	-211.809234	-183.804863	-353.730958	0.000000	0.000000	0.000000	0.000000	0.000000	0.000000	0.000000	0.000000	1660178556.588771	0.000000
123.000000	-232.737714	-176.235306	-161.634736	-331.714166	0.000000	0.000000	0.000000	0.000000	0.000000	0.000000	0.000000	0.000000	1660178556.588771	0.000000
124.000000	-185.558876	-132.205463	-128.282308	-328.075244	0.000000	0.000000	0.000000	0.000000	0.000000	0.000000	0.000000	0.000000	1660178556.615929	0.000000
124.000000	-250.838830	-193.031196	-173.060131	-351.348641	0.000000	0.000000	0.000000	0.000000	0.000000	0.000000	0.000000	0.000000	1660178556.615929	0.000000
125.000000	-256.239245	-193.648280	-176.141808	-339.481939	0.000000	0.000000	0.000000	0.000000	0.000000	0.000000	0.000000	0.000000	1660178556.620150	0.000000
125.000000	-187.862655	-137.938730	-132.672951	-328.512812	0.000000	0.000000	0.000000	0.000000	0.000000	0.000000	0.000000	0.000000	1660178556.620150	0.000000
126.000000	-228.455529	-176.601816	-159.678769	-353.158753	0.000000	0.000000	0.000000	0.000000	0.000000	0.000000	0.000000	0.000000	1660178556.623389	0.000000
126.000000	-263.098222	-207.613066	-181.979792	-343.061023	0.000000	0.000000	0.000000	0.000000	0.000000	0.000000	0.000000	0.000000	1660178556.623389	0.000000
127.000000	-207.841200	-149.506241	-139.935837	-320.524386	0.000000	0.000000	0.000000	0.000000	0.000000	0.000000	0.000000	0.000000	1660178556.629076	0.000000
127.000000	-207.291435	-149.551119	-141.465456	-343.461192	0.000000	0.000000	0.000000	0.000000	0.000000	0.000000	0.000000	0.000000	1660178556.629076	0.000000
128.000000	-271.086648	-211.020115	-182.690373	-343.629488	0.000000	0.000000	0.000000	0.000000	0.000000	0.000000	0.000000	0.000000	1660178556.634367	0.000000
128.000000	-226.832412	-170.943347	-157.580685	-329.171035	0.000000	0.000000	0.000000	0.000000	0.000000	0.000000	0.000000	0.000000	1660178556.634367	0.000000
129.000000	-184.190073	-129.920385	-121.494390	-324.533559	0.000000	0.000000	0.000000	0.000000	0.000000	0.000000	0.000000	0.000000	1660178556.661114	0.000000
129.000000	-251.979499	-192.601108	-169.484786	-355.892620	0.000000	0.000000	0.000000	0.000000	0.000000	0.000000	0.000000	0.000000	1660178556.661114	0.000000
130.000000	-248.344317	-193.057376	-169.009819	-332.794998	0.000000	0.000000	0.000000	0.000000	0.000000	0.000000	0.000000	0.000000	1660178556.665119	0.000000
130.000000	-182.058330	-130.395352	-123.035229	-318.441262	0.000000	0.000000	0.000000	0.000000	0.000000	0.000000	0.000000	0.000000	1660178556.665119	0.000000
131.000000	-221.203863	-168.224440	-149.562339	-344.153074	0.000000	0.000000	0.000000	0.000000	0.000000	0.000000	0.000000	0.000000	1660178556.671392	0.000000
131.000000	-265.188826	-205.948811	-181.003678	-338.561923	0.000000	0.000000	0.000000	0.000000	0.000000	0.000000	0.000000	0.000000	1660178556.671392	0.000000
132.000000	-199.209511	-143.051173	-136.080000	-315.542839	0.000000	0.000000	0.000000	0.000000	0.000000	0.000000	0.000000	0.000000	1660178556.675028	0.000000
132.000000	-199.968711	-146.461962	-136.405371	-334.167541	0.000000	0.000000	0.000000	0.000000	0.000000	0.000000	0.000000	0.000000	1660178556.675028	0.000000
133.000000	-261.983732	-206.719230	-180.700746	-346.176360	0.000000	0.000000	0.000000	0.000000	0.000000	0.000000	0.000000	0.000000	1660178556.706380	0.000000
133.000000	-225.343932	-171.874582	-156.806525	-329.653482	0.000000	0.000000	0.000000	0.000000	0.000000	0.000000	0.000000	0.000000	1660178556.706380	0.000000
134.000000	-188.001031	-133.383532	-128.517922	-336.011312	0.000000	0.000000	0.000000	0.000000	0.000000	0.000000	0.000000	0.000000	1660178556.711396	0.000000
134.000000	-248.789365	-193.509904	-172.581423	-350.260330	0.000000	0.000000	0.000000	0.000000	0.000000	0.000000	0.000000	0.000000	1660178556.711396	0.000000
135.000000	-250.954767	-190.173913	-171.975560	-331.224240	0.000000	0.000000	0.000000	0.000000	0.000000	0.000000	0.000000	0.000000	1660178556.716164	0.000000
135.000000	-188.188026	-127.474490	-128.308488	-329.298191	0.000000	0.000000	0.000000	0.000000	0.000000	0.000000	0.000000	0.000000	1660178556.716164	0.000000
136.000000	-223.545040	-163.886156	-153.754767	-342.821669	0.000000	0.000000	0.000000	0.000000	0.000000	0.000000	0.000000	0.000000	1660178556.720365	0.000000
136.000000	-263.337576	-208.843493	-182.544517	-344.755198	0.000000	0.000000	0.000000	0.000000	0.000000	0.000000	0.000000	0.000000	1660178556.720365	0.000000
137.000000	-201.606787	-149.450142	-141.319600	-321.433181	0.000000	0.000000	0.000000	0.000000	0.000000	0.000000	0.000000	0.000000	1660178556.725015	0.000000
137.000000	-200.402539	-146.375944	-136.846679	-339.848449	0.000000	0.000000	0.000000	0.000000	0.000000	0.000000	0.000000	0.000000	1660178556.725015	0.000000
138.000000	-256.194367	-203.802108	-176.766371	-348.379161	0.000000	0.000000	0.000000	0.000000	0.000000	0.000000	0.000000	0.000000	1660178556.748916	0.000000
138.000000	-218.963663	-163.377530	-148.814359	-321.036752	0.000000	0.000000	0.000000	0.000000	0.000000	0.000000	0.000000	0.000000	1660178556.748916	0.000000
139.000000	-175.951073	-126.588134	-123.648572	-326.096837	0.000000	0.000000	0.000000	0.000000	0.000000	0.000000	0.000000	0.000000	1660178556.764949	0.000000
139.000000	-235.325725	-183.015744	-161.245787	-346.041723	0.000000	0.000000	0.000000	0.000000	0.000000	0.000000	0.000000	0.000000	1660178556.764949	0.000000
140.000000	-242.341777	-188.868688	-170.187887	-330.577237	0.000000	0.000000	0.000000	0.000000	0.000000	0.000000	0.000000	0.000000	1660178556.769170	0.000000
140.000000	-177.708826	-129.969003	-129.045248	-319.772666	0.000000	0.000000	0.000000	0.000000	0.000000	0.000000	0.000000	0.000000	1660178556.769170	0.000000
141.000000	-222.740962	-166.006679	-157.247834	-343.038584	0.000000	0.000000	0.000000	0.000000	0.000000	0.000000	0.000000	0.000000	1660178556.772285	0.000000
141.000000	-261.318030	-204.134959	-187.559723	-339.515598	0.000000	0.000000	0.000000	0.000000	0.000000	0.000000	0.000000	0.000000	1660178556.772285	0.000000
142.000000	-193.558522	-141.334559	-135.818207	-319.133143	0.000000	0.000000	0.000000	0.000000	0.000000	0.000000	0.000000	0.000000	1660178556.776559	0.000000
142.000000	-197.062808	-144.225502	-132.205463	-328.295898	0.000000	0.000000	0.000000	0.000000	0.000000	0.000000	0.000000	0.000000	1660178556.776559	0.000000
143.000000	-259.780931	-201.827441	-175.603263	-340.084063	0.000000	0.000000	0.000000	0.000000	0.000000	0.000000	0.000000	0.000000	1660178556.794056	0.000000
143.000000	-222.954136	-165.875783	-146.832212	-320.333651	0.000000	0.000000	0.000000	0.000000	0.000000	0.000000	0.000000	0.000000	1660178556.794056	0.000000
144.000000	-179.937807	-126.719030	-119.833874	-322.925402	0.000000	0.000000	0.000000	0.000000	0.000000	0.000000	0.000000	0.000000	1660178556.798899	0.000000
144.000000	-240.456868	-183.180300	-159.372097	-338.116875	0.000000	0.000000	0.000000	0.000000	0.000000	0.000000	0.000000	0.000000	1660178556.798899	0.000000
145.000000	-245.561831	-186.583609	-165.909442	-322.039045	0.000000	0.000000	0.000000	0.000000	0.000000	0.000000	0.000000	0.000000	1660178556.810193	0.000000
145.000000	-176.571897	-121.845941	-116.669919	-307.662870	0.000000	0.000000	0.000000	0.000000	0.000000	0.000000	0.000000	0.000000	1660178556.810193	0.000000
146.000000	-213.884878	-165.329757	-149.248188	-335.222193	0.000000	0.000000	0.000000	0.000000	0.000000	0.000000	0.000000	0.000000	1660178556.813939	0.000000
146.000000	-256.590796	-200.817668	-179.440400	-334.780884	0.000000	0.000000	0.000000	0.000000	0.000000	0.000000	0.000000	0.000000	1660178556.813939	0.000000
147.000000	-195.058222	-141.054067	-128.704917	-307.558153	0.000000	0.000000	0.000000	0.000000	0.000000	0.000000	0.000000	0.000000	1660178556.840570	0.000000
147.000000	-193.876414	-141.835706	-131.741716	-329.376729	0.000000	0.000000	0.000000	0.000000	0.000000	0.000000	0.000000	0.000000	1660178556.840570	0.000000
148.000000	-251.556891	-197.979084	-172.540284	-337.215559	0.000000	0.000000	0.000000	0.000000	0.000000	0.000000	0.000000	0.000000	1660178556.844415	0.000000
148.000000	-212.198184	-160.782039	-147.905563	-313.115644	0.000000	0.000000	0.000000	0.000000	0.000000	0.000000	0.000000	0.000000	1660178556.844415	0.000000
149.000000	-172.734759	-124.893959	-118.394013	-320.101777	0.000000	0.000000	0.000000	0.000000	0.000000	0.000000	0.000000	0.000000	1660178556.849041	0.000000
149.000000	-233.306179	-181.860115	-160.292112	-340.876921	0.000000	0.000000	0.000000	0.000000	0.000000	0.000000	0.000000	0.000000	1660178556.849041	0.000000
150.000000	-235.052712	-178.090296	-157.285233	-319.940961	0.000000	0.000000	0.000000	0.000000	0.000000	0.000000	0.000000	0.000000	1660178556.854147	0.000000
150.000000	-174.724386	-128.536622	-119.542162	-308.332312	0.000000	0.000000	0.000000	0.000000	0.000000	0.000000	0.000000	0.000000	1660178556.854147	0.000000
151.000000	-214.296267	-161.372943	-146.166510	-334.593889	0.000000	0.000000	0.000000	0.000000	0.000000	0.000000	0.000000	0.000000	1660178556.901590	0.000000
151.000000	-246.242493	-197.706071	-173.606156	-330.438861	0.000000	0.000000	0.000000	0.000000	0.000000	0.000000	0.000000	0.000000	1660178556.901590	0.000000
152.000000	-187.817776	-137.033674	-129.325740	-313.515813	0.000000	0.000000	0.000000	0.000000	0.000000	0.000000	0.000000	0.000000	1660178556.906519	0.000000
152.000000	-184.840815	-139.976976	-133.125479	-333.662654	0.000000	0.000000	0.000000	0.000000	0.000000	0.000000	0.000000	0.000000	1660178556.906519	0.000000
153.000000	-240.322231	-194.874967	-172.532805	-341.172373	0.000000	0.000000	0.000000	0.000000	0.000000	0.000000	0.000000	0.000000	1660178556.912010	0.000000
153.000000	-206.139546	-162.031166	-145.526987	-329.283231	0.000000	0.000000	0.000000	0.000000	0.000000	0.000000	0.000000	0.000000	1660178556.912010	0.000000
154.000000	-172.454267	-125.181931	-122.784655	-328.206140	0.000000	0.000000	0.000000	0.000000	0.000000	0.000000	0.000000	0.000000	1660178556.919033	0.000000
154.000000	-238.287726	-186.419053	-167.405402	-351.348641	0.000000	0.000000	0.000000	0.000000	0.000000	0.000000	0.000000	0.000000	1660178556.919033	0.000000
155.000000	-236.975021	-186.333035	-165.733667	-337.286617	0.000000	0.000000	0.000000	0.000000	0.000000	0.000000	0.000000	0.000000	1660178556.932151	0.000000
155.000000	-177.944440	-126.131866	-123.484017	-325.883662	0.000000	0.000000	0.000000	0.000000	0.000000	0.000000	0.000000	0.000000	1660178556.932151	0.000000
156.000000	-213.806341	-166.238553	-153.911843	-353.102654	0.000000	0.000000	0.000000	0.000000	0.000000	0.000000	0.000000	0.000000	1660178556.938104	0.000000
156.000000	-263.404894	-206.405079	-181.934913	-350.279030	0.000000	0.000000	0.000000	0.000000	0.000000	0.000000	0.000000	0.000000	1660178556.938104	0.000000
157.000000	-197.163786	-144.842585	-139.606725	-332.600523	0.000000	0.000000	0.000000	0.000000	0.000000	0.000000	0.000000	0.000000	1660178556.942507	0.000000
157.000000	-199.460084	-141.947903	-134.359646	-342.687033	0.000000	0.000000	0.000000	0.000000	0.000000	0.000000	0.000000	0.000000	1660178556.942507	0.000000
158.000000	-266.939099	-207.452251	-187.933713	-356.876213	0.000000	0.000000	0.000000	0.000000	0.000000	0.000000	0.000000	0.000000	1660178556.949038	0.000000
158.000000	-231.249234	-165.958061	-157.790119	-330.106009	0.000000	0.000000	0.000000	0.000000	0.000000	0.000000	0.000000	0.000000	1660178556.949038	0.000000
159.000000	-188.692912	-129.912905	-124.826641	-338.098176	0.000000	0.000000	0.000000	0.000000	0.000000	0.000000	0.000000	0.000000	1660178556.952888	0.000000
159.000000	-258.816037	-195.061962	-174.713166	-362.512243	0.000000	0.000000	0.000000	0.000000	0.000000	0.000000	0.000000	0.000000	1660178556.952888	0.000000
160.000000	-263.333836	-193.468765	-174.746825	-340.476752	0.000000	0.000000	0.000000	0.000000	0.000000	0.000000	0.000000	0.000000	1660178556.976478	0.000000
160.000000	-202.429565	-134.598999	-130.922678	-330.536098	0.000000	0.000000	0.000000	0.000000	0.000000	0.000000	0.000000	0.000000	1660178556.976478	0.000000
161.000000	-238.269026	-165.602770	-150.343978	-347.021577	0.000000	0.000000	0.000000	0.000000	0.000000	0.000000	0.000000	0.000000	1660178556.981017	0.000000
161.000000	-278.581408	-207.594367	-182.192966	-341.942793	0.000000	0.000000	0.000000	0.000000	0.000000	0.000000	0.000000	0.000000	1660178556.981017	0.000000
162.000000	-215.784748	-143.761754	-135.152505	-322.065225	0.000000	0.000000	0.000000	0.000000	0.000000	0.000000	0.000000	0.000000	1660178556.986524	0.000000
162.000000	-217.490142	-145.220315	-137.456283	-339.328603	0.000000	0.000000	0.000000	0.000000	0.000000	0.000000	0.000000	0.000000	1660178556.986524	0.000000
163.000000	-276.565602	-207.878599	-186.980038	-359.924232	0.000000	0.000000	0.000000	0.000000	0.000000	0.000000	0.000000	0.000000	1660178556.991046	0.000000
163.000000	-246.579084	-164.409742	-155.594798	-330.782931	0.000000	0.000000	0.000000	0.000000	0.000000	0.000000	0.000000	0.000000	1660178556.991046	0.000000
164.000000	-201.154259	-131.012435	-127.975637	-333.531758	0.000000	0.000000	0.000000	0.000000	0.000000	0.000000	0.000000	0.000000	1660178556.994861	0.000000
164.000000	-269.272797	-191.868087	-170.902208	-350.073335	0.000000	0.000000	0.000000	0.000000	0.000000	0.000000	0.000000	0.000000	1660178556.994861	0.000000
165.000000	-269.388734	-188.887387	-168.826564	-337.567110	0.000000	0.000000	0.000000	0.000000	0.000000	0.000000	0.000000	0.000000	1660178557.021079	0.000000
165.000000	-201.367433	-129.662331	-127.403432	-324.582177	0.000000	0.000000	0.000000	0.000000	0.000000	0.000000	0.000000	0.000000	1660178557.021079	0.000000
166.000000	-238.676675	-163.964694	-153.021747	-344.571943	0.000000	0.000000	0.000000	0.000000	0.000000	0.000000	0.000000	0.000000	1660178557.026325	0.000000
166.000000	-283.697591	-210.657345	-182.458499	-343.461192	0.000000	0.000000	0.000000	0.000000	0.000000	0.000000	0.000000	0.000000	1660178557.026325	0.000000
167.000000	-224.330419	-148.245894	-143.765494	-320.636583	0.000000	0.000000	0.000000	0.000000	0.000000	0.000000	0.000000	0.000000	1660178557.030838	0.000000
167.000000	-221.626471	-145.306333	-136.940177	-337.286617	0.000000	0.000000	0.000000	0.000000	0.000000	0.000000	0.000000	0.000000	1660178557.030838	0.000000
168.000000	-288.742716	-212.976083	-180.225779	-355.372774	0.000000	0.000000	0.000000	0.000000	0.000000	0.000000	0.000000	0.000000	1660178557.034133	0.000000
168.000000	-246.762339	-168.751766	-154.614944	-327.996706	0.000000	0.000000	0.000000	0.000000	0.000000	0.000000	0.000000	0.000000	1660178557.034133	0.000000
169.000000	-203.861947	-133.428411	-130.391612	-329.982593	0.000000	0.000000	0.000000	0.000000	0.000000	0.000000	0.000000	0.000000	1660178557.064842	0.000000
169.000000	-261.650881	-191.856868	-168.882662	-347.462885	0.000000	0.000000	0.000000	0.000000	0.000000	0.000000	0.000000	0.000000	1660178557.064842	0.000000
170.000000	-261.104855	-190.977991	-169.193074	-335.311950	0.000000	0.000000	0.000000	0.000000	0.000000	0.000000	0.000000	0.000000	1660178557.080957	0.000000
170.000000	-194.882447	-129.310781	-126.427318	-323.643462	0.000000	0.000000	0.000000	0.000000	0.000000	0.000000	0.000000	0.000000	1660178557.080957	0.000000
171.000000	-236.010127	-173.654775	-157.442308	-351.857268	0.000000	0.000000	0.000000	0.000000	0.000000	0.000000	0.000000	0.000000	1660178557.087165	0.000000
171.000000	-282.452204	-210.485309	-187.114675	-347.848095	0.000000	0.000000	0.000000	0.000000	0.000000	0.000000	0.000000	0.000000	1660178557.087165	0.000000
172.000000	-209.258622	-139.382331	-137.295467	-322.719707	0.000000	0.000000	0.000000	0.000000	0.000000	0.000000	0.000000	0.000000	1660178557.090840	0.000000
172.000000	-214.539361	-152.696375	-139.894698	-341.669780	0.000000	0.000000	0.000000	0.000000	0.000000	0.000000	0.000000	0.000000	1660178557.090840	0.000000
173.000000	-277.160246	-204.636106	-183.273797	-354.419099	0.000000	0.000000	0.000000	0.000000	0.000000	0.000000	0.000000	0.000000	1660178557.095730	0.000000
173.000000	-240.610204	-173.374282	-158.081831	-330.322924	0.000000	0.000000	0.000000	0.000000	0.000000	0.000000	0.000000	0.000000	1660178557.095730	0.000000
174.000000	-199.867733	-135.152505	-130.582347	-327.862070	0.000000	0.000000	0.000000	0.000000	0.000000	0.000000	0.000000	0.000000	1660178557.099828	0.000000
174.000000	-260.024024	-197.829488	-172.252312	-358.420792	0.000000	0.000000	0.000000	0.000000	0.000000	0.000000	0.000000	0.000000	1660178557.099828	0.000000
175.000000	-264.242631	-196.842154	-176.100669	-336.901408	0.000000	0.000000	0.000000	0.000000	0.000000	0.000000	0.000000	0.000000	1660178557.125169	0.000000
175.000000	-197.691112	-130.690804	-129.235983	-325.502193	0.000000	0.000000	0.000000	0.000000	0.000000	0.000000	0.000000	0.000000	1660178557.125169	0.000000
176.000000	-244.522139	-169.305271	-155.882770	-354.153566	0.000000	0.000000	0.000000	0.000000	0.000000	0.000000	0.000000	0.000000	1660178557.129047	0.000000
176.000000	-276.883493	-211.450204	-186.493851	-349.190719	0.000000	0.000000	0.000000	0.000000	0.000000	0.000000	0.000000	0.000000	1660178557.129047	0.000000
177.000000	-212.407618	-148.814359	-133.847280	-327.858330	0.000000	0.000000	0.000000	0.000000	0.000000	0.000000	0.000000	0.000000	1660178557.135845	0.000000
177.000000	-219.408711	-151.944655	-146.241308	-346.748564	0.000000	0.000000	0.000000	0.000000	0.000000	0.000000	0.000000	0.000000	1660178557.135845	0.000000
178.000000	-280.309242	-215.081646	-184.324709	-355.428872	0.000000	0.000000	0.000000	0.000000	0.000000	0.000000	0.000000	0.000000	1660178557.141622	0.000000
178.000000	-239.566771	-168.834044	-152.587918	-325.419915	0.000000	0.000000	0.000000	0.000000	0.000000	0.000000	0.000000	0.000000	1660178557.141622	0.000000
179.000000	-201.494590	-134.067934	-131.042355	-334.526571	0.000000	0.000000	0.000000	0.000000	0.000000	0.000000	0.000000	0.000000	1660178557.145362	0.000000
179.000000	-257.133082	-194.960985	-168.310458	-358.226317	0.000000	0.000000	0.000000	0.000000	0.000000	0.000000	0.000000	0.000000	1660178557.145362	0.000000
180.000000	-252.155275	-190.256191	-171.627749	-337.649388	0.000000	0.000000	0.000000	0.000000	0.000000	0.000000	0.000000	0.000000	1660178557.171199	0.000000
180.000000	-188.161847	-134.273628	-130.529988	-326.601723	0.000000	0.000000	0.000000	0.000000	0.000000	0.000000	0.000000	0.000000	1660178557.171199	0.000000
181.000000	-232.180469	-169.769019	-160.224794	-352.205078	0.000000	0.000000	0.000000	0.000000	0.000000	0.000000	0.000000	0.000000	1660178557.175714	0.000000
181.000000	-268.098468	-207.874859	-185.207326	-351.064409	0.000000	0.000000	0.000000	0.000000	0.000000	0.000000	0.000000	0.000000	1660178557.175714	0.000000
182.000000	-200.200585	-140.885771	-131.476183	-320.464547	0.000000	0.000000	0.000000	0.000000	0.000000	0.000000	0.000000	0.000000	1660178557.180825	0.000000
182.000000	-207.609326	-146.880831	-140.799754	-347.343208	0.000000	0.000000	0.000000	0.000000	0.000000	0.000000	0.000000	0.000000	1660178557.180825	0.000000
183.000000	-274.699392	-205.795475	-185.282124	-350.866194	0.000000	0.000000	0.000000	0.000000	0.000000	0.000000	0.000000	0.000000	1660178557.187038	0.000000
183.000000	-233.134144	-168.145902	-156.974821	-337.226779	0.000000	0.000000	0.000000	0.000000	0.000000	0.000000	0.000000	0.000000	1660178557.187038	0.000000
184.000000	-191.856868	-138.024748	-131.700577	-333.344763	0.000000	0.000000	0.000000	0.000000	0.000000	0.000000	0.000000	0.000000	1660178557.216173	0.000000
184.000000	-256.774051	-195.039523	-172.401908	-356.154413	0.000000	0.000000	0.000000	0.000000	0.000000	0.000000	0.000000	0.000000	1660178557.216173	0.000000
185.000000	-249.844017	-191.370681	-171.859623	-335.798137	0.000000	0.000000	0.000000	0.000000	0.000000	0.000000	0.000000	0.000000	1660178557.224023	0.000000
185.000000	-186.030104	-130.963817	-130.657145	-323.243293	0.000000	0.000000	0.000000	0.000000	0.000000	0.000000	0.000000	0.000000	1660178557.224023	0.000000
186.000000	-226.469642	-171.272458	-161.002693	-350.982131	0.000000	0.000000	0.000000	0.000000	0.000000	0.000000	0.000000	0.000000	1660178557.228823	0.000000
186.000000	-267.084955	-206.423778	-186.205879	-345.649034	0.000000	0.000000	0.000000	0.000000	0.000000	0.000000	0.000000	0.000000	1660178557.228823	0.000000
187.000000	-193.401446	-141.057807	-132.725310	-316.661069	0.000000	0.000000	0.000000	0.000000	0.000000	0.000000	0.000000	0.000000	1660178557.235513	0.000000
187.000000	-206.678091	-147.127664	-139.659084	-337.600769	0.000000	0.000000	0.000000	0.000000	0.000000	0.000000	0.000000	0.000000	1660178557.235513	0.000000
188.000000	-262.062270	-204.389272	-182.559476	-346.254897	0.000000	0.000000	0.000000	0.000000	0.000000	0.000000	0.000000	0.000000	1660178557.240892	0.000000
188.000000	-218.185763	-159.379577	-150.695529	-317.895236	0.000000	0.000000	0.000000	0.000000	0.000000	0.000000	0.000000	0.000000	1660178557.240892	0.000000
189.000000	-187.167033	-133.334913	-128.024255	-330.637075	0.000000	0.000000	0.000000	0.000000	0.000000	0.000000	0.000000	0.000000	1660178557.261437	0.000000
189.000000	-240.060438	-190.570342	-165.423255	-345.368541	0.000000	0.000000	0.000000	0.000000	0.000000	0.000000	0.000000	0.000000	1660178557.261437	0.000000
190.000000	-234.300992	-191.423039	-173.643555	-333.778591	0.000000	0.000000	0.000000	0.000000	0.000000	0.000000	0.000000	0.000000	1660178557.266156	0.000000
190.000000	-175.375129	-129.535175	-127.347333	-326.953274	0.000000	0.000000	0.000000	0.000000	0.000000	0.000000	0.000000	0.000000	1660178557.266156	0.000000
191.000000	-222.770881	-165.857083	-152.045633	-346.703685	0.000000	0.000000	0.000000	0.000000	0.000000	0.000000	0.000000	0.000000	1660178557.272533	0.000000
191.000000	-263.891081	-207.867379	-182.278984	-345.899607	0.000000	0.000000	0.000000	0.000000	0.000000	0.000000	0.000000	0.000000	1660178557.272533	0.000000
192.000000	-194.949765	-143.425163	-139.386071	-320.584224	0.000000	0.000000	0.000000	0.000000	0.000000	0.000000	0.000000	0.000000	1660178557.276487	0.000000
192.000000	-194.126987	-146.316106	-140.474382	-345.907087	0.000000	0.000000	0.000000	0.000000	0.000000	0.000000	0.000000	0.000000	1660178557.276487	0.000000
193.000000	-255.150935	-203.734790	-177.136622	-355.324155	0.000000	0.000000	0.000000	0.000000	0.000000	0.000000	0.000000	0.000000	1660178557.306088	0.000000
193.000000	-209.034228	-159.506733	-146.839692	-319.701608	0.000000	0.000000	0.000000	0.000000	0.000000	0.000000	0.000000	0.000000	1660178557.306088	0.000000
194.000000	-178.924294	-121.774882	-123.345640	-327.574097	0.000000	0.000000	0.000000	0.000000	0.000000	0.000000	0.000000	0.000000	1660178557.312076	0.000000
194.000000	-244.720354	-191.105148	-171.870842	-346.565309	0.000000	0.000000	0.000000	0.000000	0.000000	0.000000	0.000000	0.000000	1660178557.312076	0.000000
195.000000	-235.624917	-185.499038	-165.815944	-333.827210	0.000000	0.000000	0.000000	0.000000	0.000000	0.000000	0.000000	0.000000	1660178557.317181	0.000000
195.000000	-173.441600	-125.290388	-122.979130	-321.751073	0.000000	0.000000	0.000000	0.000000	0.000000	0.000000	0.000000	0.000000	1660178557.317181	0.000000
196.000000	-215.672551	-167.596137	-149.865271	-341.318230	0.000000	0.000000	0.000000	0.000000	0.000000	0.000000	0.000000	0.000000	1660178557.321544	0.000000
196.000000	-261.071196	-204.909119	-177.656468	-341.400507	0.000000	0.000000	0.000000	0.000000	0.000000	0.000000	0.000000	0.000000	1660178557.321544	0.000000
197.000000	-196.528003	-144.004848	-138.249142	-317.379130	0.000000	0.000000	0.000000	0.000000	0.000000	0.000000	0.000000	0.000000	1660178557.324473	0.000000
197.000000	-200.421239	-145.126818	-136.962616	-330.749272	0.000000	0.000000	0.000000	0.000000	0.000000	0.000000	0.000000	0.000000	1660178557.324473	0.000000
198.000000	-258.973112	-206.150765	-177.645248	-343.053543	0.000000	0.000000	0.000000	0.000000	0.000000	0.000000	0.000000	0.000000	1660178557.351053	0.000000
198.000000	-216.510288	-162.120923	-148.249634	-319.293959	0.000000	0.000000	0.000000	0.000000	0.000000	0.000000	0.000000	0.000000	1660178557.351053	0.000000
199.000000	-184.579022	-129.785748	-122.403186	-320.363570	0.000000	0.000000	0.000000	0.000000	0.000000	0.000000	0.000000	0.000000	1660178557.356532	0.000000
199.000000	-242.712027	-188.393720	-166.309611	-348.106148	0.000000	0.000000	0.000000	0.000000	0.000000	0.000000	0.000000	0.000000	1660178557.356532	0.000000
200.000000	-241.552658	-182.417360	-165.262439	-324.776652	0.000000	0.000000	0.000000	0.000000	0.000000	0.000000	0.000000	0.000000	1660178557.362227	0.000000
200.000000	-177.420854	-125.574621	-119.946071	-314.555505	0.000000	0.000000	0.000000	0.000000	0.000000	0.000000	0.000000	0.000000	1660178557.362227	0.000000
0.000000	-222.941046	-167.985086	-150.274790	-344.287710	0.000000	0.000000	0.000000	0.000000	0.000000	0.000000	0.000000	0.000000	1660178557.367379	0.000000
101.000000	-258.458876	-201.692805	-176.469049	-336.867749	0.000000	0.000000	0.000000	0.000000	0.000000	0.000000	0.000000	0.000000	1660178557.372520	0.000000
101.000000	-199.080484	-139.363632	-134.204440	-309.562739	0.000000	0.000000	0.000000	0.000000	0.000000	0.000000	0.000000	0.000000	1660178557.372520	0.000000
102.000000	-199.693828	-144.636891	-138.763378	-331.736606	0.000000	0.000000	0.000000	0.000000	0.000000	0.000000	0.000000	0.000000	1660178557.396172	0.000000
102.000000	-259.423770	-204.213497	-174.640238	-337.077183	0.000000	0.000000	0.000000	0.000000	0.000000	0.000000	0.000000	0.000000	1660178557.396172	0.000000
103.000000	-215.880115	-159.891943	-146.991158	-314.948195	0.000000	0.000000	0.000000	0.000000	0.000000	0.000000	0.000000	0.000000	1660178557.401378	0.000000
103.000000	-178.806487	-124.194598	-119.390696	-321.788472	0.000000	0.000000	0.000000	0.000000	0.000000	0.000000	0.000000	0.000000	1660178557.401378	0.000000
104.000000	-237.249903	-184.874475	-164.063801	-347.810696	0.000000	0.000000	0.000000	0.000000	0.000000	0.000000	0.000000	0.000000	1660178557.407154	0.000000
104.000000	-244.987756	-187.477445	-163.207364	-329.541285	0.000000	0.000000	0.000000	0.000000	0.000000	0.000000	0.000000	0.000000	1660178557.407154	0.000000
105.000000	-180.567980	-126.236583	-124.357283	-316.354397	0.000000	0.000000	0.000000	0.000000	0.000000	0.000000	0.000000	0.000000	1660178557.413057	0.000000
105.000000	-223.887241	-171.840923	-153.756637	-349.800323	0.000000	0.000000	0.000000	0.000000	0.000000	0.000000	0.000000	0.000000	1660178557.413057	0.000000
106.000000	-262.999115	-210.533928	-181.405717	-341.901654	0.000000	0.000000	0.000000	0.000000	0.000000	0.000000	0.000000	0.000000	1660178557.439553	0.000000
106.000000	-201.320685	-143.387764	-134.526071	-326.388549	0.000000	0.000000	0.000000	0.000000	0.000000	0.000000	0.000000	0.000000	1660178557.439553	0.000000
107.000000	-209.731720	-151.548226	-140.640808	-340.663747	0.000000	0.000000	0.000000	0.000000	0.000000	0.000000	0.000000	0.000000	1660178557.455201	0.000000
107.000000	-273.339938	-211.940130	-184.898784	-347.578822	0.000000	0.000000	0.000000	0.000000	0.000000	0.000000	0.000000	0.000000	1660178557.455201	0.000000
108.000000	-227.586002	-168.949980	-157.100107	-330.405201	0.000000	0.000000	0.000000	0.000000	0.000000	0.000000	0.000000	0.000000	1660178557.462043	0.000000
108.000000	-178.649411	-125.189411	-125.909342	-326.489526	0.000000	0.000000	0.000000	0.000000	0.000000	0.000000	0.000000	0.000000	1660178557.462043	0.000000
109.000000	-246.652012	-192.230858	-170.245856	-350.439846	0.000000	0.000000	0.000000	0.000000	0.000000	0.000000	0.000000	0.000000	1660178557.467162	0.000000
109.000000	-246.824047	-190.742378	-168.622739	-330.281785	0.000000	0.000000	0.000000	0.000000	0.000000	0.000000	0.000000	0.000000	1660178557.467162	0.000000
110.000000	-180.253828	-128.121493	-122.730427	-321.343424	0.000000	0.000000	0.000000	0.000000	0.000000	0.000000	0.000000	0.000000	1660178557.472036	0.000000
110.000000	-228.532197	-172.716060	-153.259230	-348.106148	0.000000	0.000000	0.000000	0.000000	0.000000	0.000000	0.000000	0.000000	1660178557.472036	0.000000
111.000000	-266.424863	-206.913705	-181.099046	-348.659653	0.000000	0.000000	0.000000	0.000000	0.000000	0.000000	0.000000	0.000000	1660178557.484639	0.000000
111.000000	-201.672235	-146.488141	-137.787264	-322.985240	0.000000	0.000000	0.000000	0.000000	0.000000	0.000000	0.000000	0.000000	1660178557.484639	0.000000
112.000000	-202.895182	-145.796260	-134.683147	-339.799830	0.000000	0.000000	0.000000	0.000000	0.000000	0.000000	0.000000	0.000000	1660178557.488051	0.000000
112.000000	-269.031573	-204.370573	-181.237422	-346.800923	0.000000	0.000000	0.000000	0.000000	0.000000	0.000000	0.000000	0.000000	1660178557.488051	0.000000
113.000000	-224.706279	-164.241446	-150.372027	-321.777252	0.000000	0.000000	0.000000	0.000000	0.000000	0.000000	0.000000	0.000000	1660178557.492876	0.000000
113.000000	-182.408010	-126.670411	-126.264632	-328.071504	0.000000	0.000000	0.000000	0.000000	0.000000	0.000000	0.000000	0.000000	1660178557.492876	0.000000
114.000000	-242.568041	-189.040723	-169.969103	-353.824455	0.000000	0.000000	0.000000	0.000000	0.000000	0.000000	0.000000	0.000000	1660178557.499163	0.000000
114.000000	-240.959884	-186.112381	-168.360946	-329.960153	0.000000	0.000000	0.000000	0.000000	0.000000	0.000000	0.000000	0.000000	1660178557.499163	0.000000
115.000000	-178.469896	-122.780916	-120.834298	-323.142316	0.000000	0.000000	0.000000	0.000000	0.000000	0.000000	0.000000	0.000000	1660178557.531043	0.000000
115.000000	-217.017045	-162.517353	-149.739984	-339.223886	0.000000	0.000000	0.000000	0.000000	0.000000	0.000000	0.000000	0.000000	1660178557.531043	0.000000
116.000000	-255.160284	-203.974144	-179.842439	-342.817929	0.000000	0.000000	0.000000	0.000000	0.000000	0.000000	0.000000	0.000000	1660178557.536527	0.000000
116.000000	-197.023540	-142.235875	-137.188880	-324.937468	0.000000	0.000000	0.000000	0.000000	0.000000	0.000000	0.000000	0.000000	1660178557.536527	0.000000
117.000000	-205.644009	-150.654390	-142.069450	-343.599569	0.000000	0.000000	0.000000	0.000000	0.000000	0.000000	0.000000	0.000000	1660178557.540024	0.000000
117.000000	-266.002254	-206.939884	-181.974182	-350.185532	0.000000	0.000000	0.000000	0.000000	0.000000	0.000000	0.000000	0.000000	1660178557.540024	0.000000
118.000000	-224.698799	-173.179807	-152.802962	-327.114090	0.000000	0.000000	0.000000	0.000000	0.000000	0.000000	0.000000	0.000000	1660178557.544806	0.000000
118.000000	-180.149111	-126.184225	-125.101523	-327.820931	0.000000	0.000000	0.000000	0.000000	0.000000	0.000000	0.000000	0.000000	1660178557.544806	0.000000
119.000000	-249.681331	-194.209265	-168.514282	-349.961138	0.000000	0.000000	0.000000	0.000000	0.000000	0.000000	0.000000	0.000000	1660178557.577246	0.000000
119.000000	-252.321700	-194.968464	-170.803101	-337.653128	0.000000	0.000000	0.000000	0.000000	0.000000	0.000000	0.000000	0.000000	1660178557.577246	0.000000
120.000000	-192.071912	-132.111966	-128.781585	-325.891142	0.000000	0.000000	0.000000	0.000000	0.000000	0.000000	0.000000	0.000000	1660178557.582384	0.000000
120.000000	-231.206225	-173.127449	-156.939292	-346.909380	0.000000	0.000000	0.000000	0.000000	0.000000	0.000000	0.000000	0.000000	1660178557.582384	0.000000
121.000000	-263.855552	-202.848434	-177.755575	-337.896221	0.000000	0.000000	0.000000	0.000000	0.000000	0.000000	0.000000	0.000000	1660178557.586520	0.000000
121.000000	-201.062631	-145.235275	-138.423047	-325.894882	0.000000	0.000000	0.000000	0.000000	0.000000	0.000000	0.000000	0.000000	1660178557.586520	0.000000
122.000000	-210.240346	-151.731481	-145.300723	-341.748318	0.000000	0.000000	0.000000	0.000000	0.000000	0.000000	0.000000	0.000000	1660178557.591036	0.000000
122.000000	-272.461062	-213.409911	-186.757514	-355.170819	0.000000	0.000000	0.000000	0.000000	0.000000	0.000000	0.000000	0.000000	1660178557.591036	0.000000
123.000000	-234.074728	-175.292851	-160.215444	-330.031211	0.000000	0.000000	0.000000	0.000000	0.000000	0.000000	0.000000	0.000000	1660178557.595046	0.000000
123.000000	-194.532766	-137.639538	-132.439207	-335.124955	0.000000	0.000000	0.000000	0.000000	0.000000	0.000000	0.000000	0.000000	1660178557.595046	0.000000
124.000000	-262.348372	-197.100207	-174.643978	-350.413666	0.000000	0.000000	0.000000	0.000000	0.000000	0.000000	0.000000	0.000000	1660178557.620185	0.000000
124.000000	-254.176691	-194.246664	-174.348526	-335.210973	0.000000	0.000000	0.000000	0.000000	0.000000	0.000000	0.000000	0.000000	1660178557.620185	0.000000
125.000000	-184.468695	-128.940531	-130.228926	-325.490973	0.000000	0.000000	0.000000	0.000000	0.000000	0.000000	0.000000	0.000000	1660178557.623423	0.000000
125.000000	-224.541723	-170.214067	-156.045456	-352.425732	0.000000	0.000000	0.000000	0.000000	0.000000	0.000000	0.000000	0.000000	1660178557.623423	0.000000
126.000000	-264.266941	-211.955090	-183.339246	-346.864501	0.000000	0.000000	0.000000	0.000000	0.000000	0.000000	0.000000	0.000000	1660178557.627557	0.000000
126.000000	-201.436621	-146.682616	-138.194913	-329.268272	0.000000	0.000000	0.000000	0.000000	0.000000	0.000000	0.000000	0.000000	1660178557.627557	0.000000
127.000000	-207.521439	-155.011373	-144.986572	-346.191319	0.000000	0.000000	0.000000	0.000000	0.000000	0.000000	0.000000	0.000000	1660178557.631384	0.000000
127.000000	-263.096352	-211.296868	-184.345279	-353.921692	0.000000	0.000000	0.000000	0.000000	0.000000	0.000000	0.000000	0.000000	1660178557.631384	0.000000
128.000000	-218.554144	-168.463794	-156.019276	-327.798491	0.000000	0.000000	0.000000	0.000000	0.000000	0.000000	0.000000	0.000000	1660178557.636401	0.000000
128.000000	-186.046933	-130.006402	-124.641516	-328.912981	0.000000	0.000000	0.000000	0.000000	0.000000	0.000000	0.000000	0.000000	1660178557.636401	0.000000
129.000000	-248.529442	-195.263917	-173.735182	-355.331635	0.000000	0.000000	0.000000	0.000000	0.000000	0.000000	0.000000	0.000000	1660178557.648722	0.000000
129.000000	-243.921885	-189.803663	-166.105787	-337.054744	0.000000	0.000000	0.000000	0.000000	0.000000	0.000000	0.000000	0.000000	1660178557.648722	0.000000
130.000000	-185.635544	-129.221023	-128.706787	-320.296252	0.000000	0.000000	0.000000	0.000000	0.000000	0.000000	0.000000	0.000000	1660178557.680919	0.000000
130.000000	-227.600962	-168.729326	-152.720685	-347.317029	0.000000	0.000000	0.000000	0.000000	0.000000	0.000000	0.000000	0.000000	1660178557.680919	0.000000
131.000000	-271.357791	-204.673505	-186.974428	-350.346348	0.000000	0.000000	0.000000	0.000000	0.000000	0.000000	0.000000	0.000000	1660178557.685506	0.000000
131.000000	-197.902416	-141.147564	-134.873882	-316.657329	0.000000	0.000000	0.000000	0.000000	0.000000	0.000000	0.000000	0.000000	1660178557.685506	0.000000
132.000000	-205.404655	-147.572712	-134.425094	-337.754105	0.000000	0.000000	0.000000	0.000000	0.000000	0.000000	0.000000	0.000000	1660178557.689392	0.000000
132.000000	-265.961115	-207.392412	-182.714682	-349.538530	0.000000	0.000000	0.000000	0.000000	0.000000	0.000000	0.000000	0.000000	1660178557.689392	0.000000
133.000000	-214.657168	-165.901962	-150.263570	-322.910442	0.000000	0.000000	0.000000	0.000000	0.000000	0.000000	0.000000	0.000000	1660178557.693868	0.000000
133.000000	-184.120885	-131.016175	-124.708834	-324.608357	0.000000	0.000000	0.000000	0.000000	0.000000	0.000000	0.000000	0.000000	1660178557.693868	0.000000
134.000000	-248.600500	-189.986918	-170.055121	-352.960538	0.000000	0.000000	0.000000	0.000000	0.000000	0.000000	0.000000	0.000000	1660178557.725207	0.000000
134.000000	-242.302508	-186.635967	-161.965717	-328.123863	0.000000	0.000000	0.000000	0.000000	0.000000	0.000000	0.000000	0.000000	1660178557.725207	0.000000
135.000000	-187.352158	-127.620346	-125.842024	-321.844570	0.000000	0.000000	0.000000	0.000000	0.000000	0.000000	0.000000	0.000000	1660178557.731412	0.000000
135.000000	-229.003424	-170.760092	-153.371427	-342.013851	0.000000	0.000000	0.000000	0.000000	0.000000	0.000000	0.000000	0.000000	1660178557.731412	0.000000
136.000000	-265.617045	-204.153659	-176.764501	-339.193966	0.000000	0.000000	0.000000	0.000000	0.000000	0.000000	0.000000	0.000000	1660178557.735869	0.000000
136.000000	-207.169888	-144.610712	-137.435714	-319.761446	0.000000	0.000000	0.000000	0.000000	0.000000	0.000000	0.000000	0.000000	1660178557.735869	0.000000
137.000000	-207.689734	-146.652697	-139.840469	-334.829503	0.000000	0.000000	0.000000	0.000000	0.000000	0.000000	0.000000	0.000000	1660178557.740031	0.000000
137.000000	-275.262247	-211.528741	-182.602485	-356.259130	0.000000	0.000000	0.000000	0.000000	0.000000	0.000000	0.000000	0.000000	1660178557.740031	0.000000
138.000000	-234.037329	-170.221546	-151.142447	-330.435121	0.000000	0.000000	0.000000	0.000000	0.000000	0.000000	0.000000	0.000000	1660178557.746061	0.000000
138.000000	-202.311758	-139.367372	-131.724886	-335.442847	0.000000	0.000000	0.000000	0.000000	0.000000	0.000000	0.000000	0.000000	1660178557.746061	0.000000
139.000000	-263.343185	-197.803309	-169.696091	-351.771250	0.000000	0.000000	0.000000	0.000000	0.000000	0.000000	0.000000	0.000000	1660178557.771333	0.000000
139.000000	-265.220615	-196.939392	-172.385079	-340.869442	0.000000	0.000000	0.000000	0.000000	0.000000	0.000000	0.000000	0.000000	1660178557.771333	0.000000
140.000000	-203.990973	-134.292328	-127.132289	-330.322924	0.000000	0.000000	0.000000	0.000000	0.000000	0.000000	0.000000	0.000000	1660178557.777079	0.000000
140.000000	-250.347033	-182.028411	-161.516929	-358.656406	0.000000	0.000000	0.000000	0.000000	0.000000	0.000000	0.000000	0.000000	1660178557.777079	0.000000
141.000000	-284.331504	-210.788241	-183.197129	-346.883201	0.000000	0.000000	0.000000	0.000000	0.000000	0.000000	0.000000	0.000000	1660178557.782413	0.000000
141.000000	-222.907387	-153.870704	-143.778584	-318.751673	0.000000	0.000000	0.000000	0.000000	0.000000	0.000000	0.000000	0.000000	1660178557.782413	0.000000
142.000000	-227.776737	-152.004494	-146.961239	-341.179853	0.000000	0.000000	0.000000	0.000000	0.000000	0.000000	0.000000	0.000000	1660178557.787367	0.000000
142.000000	-290.307864	-209.684971	-186.551820	-348.375421	0.000000	0.000000	0.000000	0.000000	0.000000	0.000000	0.000000	0.000000	1660178557.787367	0.000000
143.000000	-247.422431	-167.547518	-161.015783	-324.567218	0.000000	0.000000	0.000000	0.000000	0.000000	0.000000	0.000000	0.000000	1660178557.793308	0.000000
143.000000	-211.440854	-140.762355	-135.520885	-324.208187	0.000000	0.000000	0.000000	0.000000	0.000000	0.000000	0.000000	0.000000	1660178557.793308	0.000000
144.000000	-269.719715	-198.760723	-177.628418	-343.539730	0.000000	0.000000	0.000000	0.000000	0.000000	0.000000	0.000000	0.000000	1660178557.815193	0.000000
144.000000	-267.243901	-192.339315	-170.724563	-327.989226	0.000000	0.000000	0.000000	0.000000	0.000000	0.000000	0.000000	0.000000	1660178557.815193	0.000000
145.000000	-210.614336	-137.624578	-132.861816	-319.615590	0.000000	0.000000	0.000000	0.000000	0.000000	0.000000	0.000000	0.000000	1660178557.819047	0.000000
145.000000	-249.277422	-175.607002	-163.330781	-343.176960	0.000000	0.000000	0.000000	0.000000	0.000000	0.000000	0.000000	0.000000	1660178557.819047	0.000000
146.000000	-280.513066	-206.607033	-181.446856	-334.810804	0.000000	0.000000	0.000000	0.000000	0.000000	0.000000	0.000000	0.000000	1660178557.823498	0.000000
146.000000	-216.310204	-148.316952	-134.986079	-318.295405	0.000000	0.000000	0.000000	0.000000	0.000000	0.000000	0.000000	0.000000	1660178557.823498	0.000000
147.000000	-221.856475	-148.653543	-139.204686	-330.087310	0.000000	0.000000	0.000000	0.000000	0.000000	0.000000	0.000000	0.000000	1660178557.830057	0.000000
147.000000	-286.706340	-210.331974	-184.595852	-339.639014	0.000000	0.000000	0.000000	0.000000	0.000000	0.000000	0.000000	0.000000	1660178557.830057	0.000000
148.000000	-243.398299	-166.051558	-152.791743	-315.943008	0.000000	0.000000	0.000000	0.000000	0.000000	0.000000	0.000000	0.000000	1660178557.860413	0.000000
148.000000	-211.889642	-134.023055	-125.202501	-325.053405	0.000000	0.000000	0.000000	0.000000	0.000000	0.000000	0.000000	0.000000	1660178557.860413	0.000000
149.000000	-276.006487	-197.167526	-174.632758	-342.010111	0.000000	0.000000	0.000000	0.000000	0.000000	0.000000	0.000000	0.000000	1660178557.866140	0.000000
149.000000	-271.993574	-197.032889	-170.440331	-330.386502	0.000000	0.000000	0.000000	0.000000	0.000000	0.000000	0.000000	0.000000	1660178557.866140	0.000000
150.000000	-203.347710	-129.613713	-125.703647	-317.352951	0.000000	0.000000	0.000000	0.000000	0.000000	0.000000	0.000000	0.000000	1660178557.872413	0.000000
150.000000	-249.999222	-175.042278	-157.713451	-343.296637	0.000000	0.000000	0.000000	0.000000	0.000000	0.000000	0.000000	0.000000	1660178557.872413	0.000000
151.000000	-282.065125	-211.050034	-181.338399	-345.708872	0.000000	0.000000	0.000000	0.000000	0.000000	0.000000	0.000000	0.000000	1660178557.878088	0.000000
151.000000	-217.937060	-147.748488	-137.592789	-314.540546	0.000000	0.000000	0.000000	0.000000	0.000000	0.000000	0.000000	0.000000	1660178557.878088	0.000000
152.000000	-228.786510	-155.146010	-146.026264	-341.243432	0.000000	0.000000	0.000000	0.000000	0.000000	0.000000	0.000000	0.000000	1660178557.883051	0.000000
152.000000	-288.591250	-216.027841	-186.245148	-355.279276	0.000000	0.000000	0.000000	0.000000	0.000000	0.000000	0.000000	0.000000	1660178557.883051	0.000000
153.000000	-239.441485	-178.209973	-157.664832	-327.985486	0.000000	0.000000	0.000000	0.000000	0.000000	0.000000	0.000000	0.000000	1660178557.905912	0.000000
153.000000	-206.586464	-138.376298	-131.414475	-331.437414	0.000000	0.000000	0.000000	0.000000	0.000000	0.000000	0.000000	0.000000	1660178557.905912	0.000000
154.000000	-272.262847	-198.158599	-174.434544	-347.605001	0.000000	0.000000	0.000000	0.000000	0.000000	0.000000	0.000000	0.000000	1660178557.910226	0.000000
154.000000	-266.495921	-198.577468	-167.598007	-325.988380	0.000000	0.000000	0.000000	0.000000	0.000000	0.000000	0.000000	0.000000	1660178557.910226	0.000000
155.000000	-201.032712	-133.858499	-126.395529	-316.100084	0.000000	0.000000	0.000000	0.000000	0.000000	0.000000	0.000000	0.000000	1660178557.914693	0.000000
155.000000	-246.225663	-176.298884	-159.329088	-345.824809	0.000000	0.000000	0.000000	0.000000	0.000000	0.000000	0.000000	0.000000	1660178557.914693	0.000000
156.000000	-277.031219	-210.964017	-179.550727	-336.456360	0.000000	0.000000	0.000000	0.000000	0.000000	0.000000	0.000000	0.000000	1660178557.919506	0.000000
156.000000	-212.259892	-144.689249	-135.210473	-316.096344	0.000000	0.000000	0.000000	0.000000	0.000000	0.000000	0.000000	0.000000	1660178557.919506	0.000000
157.000000	-222.264124	-152.950688	-138.868095	-331.766525	0.000000	0.000000	0.000000	0.000000	0.000000	0.000000	0.000000	0.000000	1660178557.951591	0.000000
157.000000	-282.177322	-210.934097	-184.367718	-341.785717	0.000000	0.000000	0.000000	0.000000	0.000000	0.000000	0.000000	0.000000	1660178557.951591	0.000000
158.000000	-244.333274	-171.066764	-155.607887	-322.521492	0.000000	0.000000	0.000000	0.000000	0.000000	0.000000	0.000000	0.000000	1660178557.957041	0.000000
158.000000	-206.118976	-131.479923	-128.523532	-326.388549	0.000000	0.000000	0.000000	0.000000	0.000000	0.000000	0.000000	0.000000	1660178557.957041	0.000000
159.000000	-277.824078	-204.856760	-178.720469	-351.053189	0.000000	0.000000	0.000000	0.000000	0.000000	0.000000	0.000000	0.000000	1660178557.961207	0.000000
159.000000	-266.574459	-195.211558	-173.828680	-332.170434	0.000000	0.000000	0.000000	0.000000	0.000000	0.000000	0.000000	0.000000	1660178557.961207	0.000000
160.000000	-202.251920	-131.087233	-128.531012	-314.697622	0.000000	0.000000	0.000000	0.000000	0.000000	0.000000	0.000000	0.000000	1660178557.964871	0.000000
160.000000	-243.951804	-170.472120	-153.921193	-331.545871	0.000000	0.000000	0.000000	0.000000	0.000000	0.000000	0.000000	0.000000	1660178557.964871	0.000000
161.000000	-278.441162	-209.359600	-183.073713	-337.784024	0.000000	0.000000	0.000000	0.000000	0.000000	0.000000	0.000000	0.000000	1660178557.969542	0.000000
161.000000	-221.949973	-147.307179	-139.769411	-317.958814	0.000000	0.000000	0.000000	0.000000	0.000000	0.000000	0.000000	0.000000	1660178557.969542	0.000000
162.000000	-224.904494	-154.513967	-144.246071	-335.992612	0.000000	0.000000	0.000000	0.000000	0.000000	0.000000	0.000000	0.000000	1660178558.011760	0.000000
162.000000	-280.468187	-210.563847	-184.745448	-341.755798	0.000000	0.000000	0.000000	0.000000	0.000000	0.000000	0.000000	0.000000	1660178558.011760	0.000000
163.000000	-235.350034	-162.569711	-150.450565	-315.913089	0.000000	0.000000	0.000000	0.000000	0.000000	0.000000	0.000000	0.000000	1660178558.016034	0.000000
163.000000	-200.797099	-130.500069	-123.968334	-321.354644	0.000000	0.000000	0.000000	0.000000	0.000000	0.000000	0.000000	0.000000	1660178558.016034	0.000000
164.000000	-263.081392	-194.650573	-171.225710	-337.365155	0.000000	0.000000	0.000000	0.000000	0.000000	0.000000	0.000000	0.000000	1660178558.022171	0.000000
164.000000	-249.707510	-183.546810	-160.933505	-322.315798	0.000000	0.000000	0.000000	0.000000	0.000000	0.000000	0.000000	0.000000	1660178558.022171	0.000000
165.000000	-186.798653	-123.383039	-123.063278	-319.245340	0.000000	0.000000	0.000000	0.000000	0.000000	0.000000	0.000000	0.000000	1660178558.026935	0.000000
165.000000	-239.662139	-171.235059	-160.436098	-343.756644	0.000000	0.000000	0.000000	0.000000	0.000000	0.000000	0.000000	0.000000	1660178558.026935	0.000000
166.000000	-267.621631	-202.519323	-180.250088	-338.124355	0.000000	0.000000	0.000000	0.000000	0.000000	0.000000	0.000000	0.000000	1660178558.040530	0.000000
166.000000	-205.924501	-148.552566	-136.384802	-319.873643	0.000000	0.000000	0.000000	0.000000	0.000000	0.000000	0.000000	0.000000	1660178558.040530	0.000000
167.000000	-207.263386	-146.772374	-140.509911	-336.078630	0.000000	0.000000	0.000000	0.000000	0.000000	0.000000	0.000000	0.000000	1660178558.045071	0.000000
167.000000	-264.465155	-201.094421	-180.369765	-341.179853	0.000000	0.000000	0.000000	0.000000	0.000000	0.000000	0.000000	0.000000	1660178558.045071	0.000000
168.000000	-224.448226	-162.393936	-148.449719	-319.215421	0.000000	0.000000	0.000000	0.000000	0.000000	0.000000	0.000000	0.000000	1660178558.049763	0.000000
168.000000	-186.073112	-126.954644	-124.824771	-319.204201	0.000000	0.000000	0.000000	0.000000	0.000000	0.000000	0.000000	0.000000	1660178558.049763	0.000000
169.000000	-254.640438	-194.074628	-173.394852	-347.260931	0.000000	0.000000	0.000000	0.000000	0.000000	0.000000	0.000000	0.000000	1660178558.057028	0.000000
169.000000	-250.874359	-185.540177	-169.303401	-324.125909	0.000000	0.000000	0.000000	0.000000	0.000000	0.000000	0.000000	0.000000	1660178558.057028	0.000000
170.000000	-182.624925	-128.491743	-122.517253	-317.554905	0.000000	0.000000	0.000000	0.000000	0.000000	0.000000	0.000000	0.000000	1660178558.062373	0.000000
170.000000	-231.165086	-169.065917	-157.474097	-341.370588	0.000000	0.000000	0.000000	0.000000	0.000000	0.000000	0.000000	0.000000	1660178558.062373	0.000000
171.000000	-268.829619	-205.241970	-178.080946	-336.643355	0.000000	0.000000	0.000000	0.000000	0.000000	0.000000	0.000000	0.000000	1660178558.085579	0.000000
171.000000	-202.682008	-136.076260	-131.923101	-314.570465	0.000000	0.000000	0.000000	0.000000	0.000000	0.000000	0.000000	0.000000	1660178558.085579	0.000000
172.000000	-218.550404	-148.309473	-141.486025	-331.654328	0.000000	0.000000	0.000000	0.000000	0.000000	0.000000	0.000000	0.000000	1660178558.089392	0.000000
172.000000	-273.519453	-210.429211	-186.907110	-348.117368	0.000000	0.000000	0.000000	0.000000	0.000000	0.000000	0.000000	0.000000	1660178558.089392	0.000000
173.000000	-233.098614	-167.689634	-154.467218	-325.670488	0.000000	0.000000	0.000000	0.000000	0.000000	0.000000	0.000000	0.000000	1660178558.098920	0.000000
173.000000	-195.381723	-135.597553	-130.015752	-332.353689	0.000000	0.000000	0.000000	0.000000	0.000000	0.000000	0.000000	0.000000	1660178558.098920	0.000000
174.000000	-254.483362	-194.534636	-170.481470	-343.730465	0.000000	0.000000	0.000000	0.000000	0.000000	0.000000	0.000000	0.000000	1660178558.102683	0.000000
174.000000	-249.584093	-186.359215	-171.061154	-323.389149	0.000000	0.000000	0.000000	0.000000	0.000000	0.000000	0.000000	0.000000	1660178558.102683	0.000000
175.000000	-196.211981	-139.154198	-129.914775	-319.413636	0.000000	0.000000	0.000000	0.000000	0.000000	0.000000	0.000000	0.000000	1660178558.131056	0.000000
175.000000	-232.963978	-173.550057	-154.145587	-339.403401	0.000000	0.000000	0.000000	0.000000	0.000000	0.000000	0.000000	0.000000	1660178558.131056	0.000000
176.000000	-271.417629	-207.553228	-179.812520	-336.381562	0.000000	0.000000	0.000000	0.000000	0.000000	0.000000	0.000000	0.000000	1660178558.134472	0.000000
176.000000	-200.464247	-143.021254	-134.799084	-317.180915	0.000000	0.000000	0.000000	0.000000	0.000000	0.000000	0.000000	0.000000	1660178558.134472	0.000000
177.000000	-203.882516	-150.063486	-141.403747	-336.441400	0.000000	0.000000	0.000000	0.000000	0.000000	0.000000	0.000000	0.000000	1660178558.139013	0.000000
177.000000	-266.993328	-205.630919	-180.590419	-344.063316	0.000000	0.000000	0.000000	0.000000	0.000000	0.000000	0.000000	0.000000	1660178558.139013	0.000000
178.000000	-221.190773	-166.294652	-149.646487	-326.276352	0.000000	0.000000	0.000000	0.000000	0.000000	0.000000	0.000000	0.000000	1660178558.144909	0.000000
178.000000	-187.909403	-136.113659	-130.490719	-327.805971	0.000000	0.000000	0.000000	0.000000	0.000000	0.000000	0.000000	0.000000	1660178558.144909	0.000000
179.000000	-252.755529	-197.238584	-175.724809	-355.511150	0.000000	0.000000	0.000000	0.000000	0.000000	0.000000	0.000000	0.000000	1660178558.149182	0.000000
179.000000	-244.355713	-183.105502	-171.805394	-334.096483	0.000000	0.000000	0.000000	0.000000	0.000000	0.000000	0.000000	0.000000	1660178558.149182	0.000000
180.000000	-185.108218	-127.597907	-127.940108	-320.573005	0.000000	0.000000	0.000000	0.000000	0.000000	0.000000	0.000000	0.000000	1660178558.175727	0.000000
180.000000	-233.966271	-173.624855	-156.591481	-342.829149	0.000000	0.000000	0.000000	0.000000	0.000000	0.000000	0.000000	0.000000	1660178558.175727	0.000000
181.000000	-270.198422	-209.363339	-181.372058	-333.232566	0.000000	0.000000	0.000000	0.000000	0.000000	0.000000	0.000000	0.000000	1660178558.180021	0.000000
181.000000	-202.685748	-144.113305	-136.253905	-320.423409	0.000000	0.000000	0.000000	0.000000	0.000000	0.000000	0.000000	0.000000	1660178558.180021	0.000000
182.000000	-210.943447	-157.131897	-147.290350	-342.941346	0.000000	0.000000	0.000000	0.000000	0.000000	0.000000	0.000000	0.000000	1660178558.185016	0.000000
182.000000	-274.420769	-215.145225	-187.699969	-358.656406	0.000000	0.000000	0.000000	0.000000	0.000000	0.000000	0.000000	0.000000	1660178558.185016	0.000000
183.000000	-227.911373	-169.634382	-159.650719	-331.770265	0.000000	0.000000	0.000000	0.000000	0.000000	0.000000	0.000000	0.000000	1660178558.192025	0.000000
183.000000	-190.433836	-133.503209	-133.669634	-332.361169	0.000000	0.000000	0.000000	0.000000	0.000000	0.000000	0.000000	0.000000	1660178558.192025	0.000000
184.000000	-248.686518	-195.959538	-173.679084	-349.998537	0.000000	0.000000	0.000000	0.000000	0.000000	0.000000	0.000000	0.000000	1660178558.237197	0.000000
184.000000	-239.542462	-180.263178	-163.648672	-325.221700	0.000000	0.000000	0.000000	0.000000	0.000000	0.000000	0.000000	0.000000	1660178558.237197	0.000000
185.000000	-177.407764	-125.750396	-118.380923	-315.370804	0.000000	0.000000	0.000000	0.000000	0.000000	0.000000	0.000000	0.000000	1660178558.241746	0.000000
185.000000	-222.118268	-167.914028	-151.430419	-338.681600	0.000000	0.000000	0.000000	0.000000	0.000000	0.000000	0.000000	0.000000	1660178558.241746	0.000000
186.000000	-263.720915	-205.309288	-183.447703	-345.402200	0.000000	0.000000	0.000000	0.000000	0.000000	0.000000	0.000000	0.000000	1660178558.247031	0.000000
186.000000	-193.792266	-140.822193	-137.985479	-319.327618	0.000000	0.000000	0.000000	0.000000	0.000000	0.000000	0.000000	0.000000	1660178558.247031	0.000000
187.000000	-206.672481	-152.733774	-143.542970	-341.722139	0.000000	0.000000	0.000000	0.000000	0.000000	0.000000	0.000000	0.000000	1660178558.252426	0.000000
187.000000	-261.832266	-205.518722	-184.711789	-341.033997	0.000000	0.000000	0.000000	0.000000	0.000000	0.000000	0.000000	0.000000	1660178558.252426	0.000000
188.000000	-219.204886	-160.815698	-151.890427	-318.493620	0.000000	0.000000	0.000000	0.000000	0.000000	0.000000	0.000000	0.000000	1660178558.256144	0.000000
188.000000	-183.556160	-128.977930	-128.504832	-322.398076	0.000000	0.000000	0.000000	0.000000	0.000000	0.000000	0.000000	0.000000	1660178558.256144	0.000000
189.000000	-249.774828	-192.653466	-173.133059	-353.457945	0.000000	0.000000	0.000000	0.000000	0.000000	0.000000	0.000000	0.000000	1660178558.262171	0.000000
189.000000	-238.162439	-185.102608	-167.560608	-325.221700	0.000000	0.000000	0.000000	0.000000	0.000000	0.000000	0.000000	0.000000	1660178558.262171	0.000000
190.000000	-182.654844	-126.629273	-126.866756	-324.193228	0.000000	0.000000	0.000000	0.000000	0.000000	0.000000	0.000000	0.000000	1660178558.281063	0.000000
190.000000	-227.608441	-174.301777	-158.693305	-350.398707	0.000000	0.000000	0.000000	0.000000	0.000000	0.000000	0.000000	0.000000	1660178558.281063	0.000000
191.000000	-266.761454	-210.081400	-181.832066	-345.779930	0.000000	0.000000	0.000000	0.000000	0.000000	0.000000	0.000000	0.000000	1660178558.285040	0.000000
191.000000	-197.165656	-145.814959	-139.402901	-326.276352	0.000000	0.000000	0.000000	0.000000	0.000000	0.000000	0.000000	0.000000	1660178558.285040	0.000000
192.000000	-209.533505	-156.713028	-145.981385	-346.236198	0.000000	0.000000	0.000000	0.000000	0.000000	0.000000	0.000000	0.000000	1660178558.290031	0.000000
192.000000	-271.032420	-214.797414	-187.408257	-355.739284	0.000000	0.000000	0.000000	0.000000	0.000000	0.000000	0.000000	0.000000	1660178558.290031	0.000000
193.000000	-222.843809	-168.688188	-155.693905	-331.287818	0.000000	0.000000	0.000000	0.000000	0.000000	0.000000	0.000000	0.000000	1660178558.295787	0.000000
193.000000	-184.139584	-128.001816	-127.753113	-328.116383	0.000000	0.000000	0.000000	0.000000	0.000000	0.000000	0.000000	0.000000	1660178558.295787	0.000000
194.000000	-246.812828	-193.221931	-174.393405	-349.471211	0.000000	0.000000	0.000000	0.000000	0.000000	0.000000	0.000000	0.000000	1660178558.300155	0.000000
194.000000	-235.914759	-184.145194	-160.480977	-323.968834	0.000000	0.000000	0.000000	0.000000	0.000000	0.000000	0.000000	0.000000	1660178558.300155	0.000000
195.000000	-183.417783	-125.533482	-127.884009	-318.078491	0.000000	0.000000	0.000000	0.000000	0.000000	0.000000	0.000000	0.000000	1660178558.326118	0.000000
195.000000	-225.544017	-170.442201	-160.866187	-342.978745	0.000000	0.000000	0.000000	0.000000	0.000000	0.000000	0.000000	0.000000	1660178558.326118	0.000000
196.000000	-263.661077	-204.254636	-182.643624	-344.212912	0.000000	0.000000	0.000000	0.000000	0.000000	0.000000	0.000000	0.000000	1660178558.332061	0.000000
196.000000	-193.163963	-139.984455	-137.899461	-325.576991	0.000000	0.000000	0.000000	0.000000	0.000000	0.000000	0.000000	0.000000	1660178558.332061	0.000000
197.000000	-201.814351	-151.353751	-147.492305	-345.035690	0.000000	0.000000	0.000000	0.000000	0.000000	0.000000	0.000000	0.000000	1660178558.336430	0.000000
197.000000	-261.809826	-206.296621	-184.767887	-352.627687	0.000000	0.000000	0.000000	0.000000	0.000000	0.000000	0.000000	0.000000	1660178558.336430	0.000000
198.000000	-212.817137	-160.265933	-148.015890	-319.537052	0.000000	0.000000	0.000000	0.000000	0.000000	0.000000	0.000000	0.000000	1660178558.341050	0.000000
198.000000	-183.660877	-132.059607	-130.008272	-329.129896	0.000000	0.000000	0.000000	0.000000	0.000000	0.000000	0.000000	0.000000	1660178558.341050	0.000000
199.000000	-243.693751	-189.870981	-170.956437	-345.723832	0.000000	0.000000	0.000000	0.000000	0.000000	0.000000	0.000000	0.000000	1660178558.370227	0.000000
199.000000	-241.558268	-183.591689	-165.283009	-327.514259	0.000000	0.000000	0.000000	0.000000	0.000000	0.000000	0.000000	0.000000	1660178558.370227	0.000000
200.000000	-180.575460	-124.194598	-126.029019	-319.264040	0.000000	0.000000	0.000000	0.000000	0.000000	0.000000	0.000000	0.000000	1660178558.376045	0.000000
200.000000	-228.894967	-165.498053	-155.985617	-340.237398	0.000000	0.000000	0.000000	0.000000	0.000000	0.000000	0.000000	0.000000	1660178558.376045	0.000000
0.000000	-265.336552	-202.930711	-182.774521	-344.229742	0.000000	0.000000	0.000000	0.000000	0.000000	0.000000	0.000000	0.000000	1660178558.379501	0.000000
101.000000	-200.770919	-144.438676	-137.529211	-328.002316	0.000000	0.000000	0.000000	0.000000	0.000000	0.000000	0.000000	0.000000	1660178558.384031	0.000000
101.000000	-211.044424	-153.051666	-150.581462	-350.785786	0.000000	0.000000	0.000000	0.000000	0.000000	0.000000	0.000000	0.000000	1660178558.384031	0.000000
102.000000	-270.770627	-211.304347	-188.605025	-358.033712	0.000000	0.000000	0.000000	0.000000	0.000000	0.000000	0.000000	0.000000	1660178558.390061	0.000000
102.000000	-215.079777	-161.825471	-151.980184	-331.207410	0.000000	0.000000	0.000000	0.000000	0.000000	0.000000	0.000000	0.000000	1660178558.390061	0.000000
103.000000	-180.919530	-126.782608	-124.308665	-328.121993	0.000000	0.000000	0.000000	0.000000	0.000000	0.000000	0.000000	0.000000	1660178558.417176	0.000000
103.000000	-235.091981	-182.204186	-166.416198	-349.334705	0.000000	0.000000	0.000000	0.000000	0.000000	0.000000	0.000000	0.000000	1660178558.417176	0.000000
104.000000	-236.008257	-175.779038	-158.424032	-328.630619	0.000000	0.000000	0.000000	0.000000	0.000000	0.000000	0.000000	0.000000	1660178558.422395	0.000000
104.000000	-172.901185	-120.675352	-119.689888	-317.736290	0.000000	0.000000	0.000000	0.000000	0.000000	0.000000	0.000000	0.000000	1660178558.422395	0.000000
105.000000	-216.250365	-162.330358	-147.309049	-338.885425	0.000000	0.000000	0.000000	0.000000	0.000000	0.000000	0.000000	0.000000	1660178558.426510	0.000000
105.000000	-249.269942	-196.281169	-174.240069	-333.810380	0.000000	0.000000	0.000000	0.000000	0.000000	0.000000	0.000000	0.000000	1660178558.426510	0.000000
106.000000	-179.057060	-131.614559	-124.716314	-304.556883	0.000000	0.000000	0.000000	0.000000	0.000000	0.000000	0.000000	0.000000	1660178558.433043	0.000000
106.000000	-189.884071	-137.254328	-129.810058	-327.381492	0.000000	0.000000	0.000000	0.000000	0.000000	0.000000	0.000000	0.000000	1660178558.433043	0.000000
107.000000	-258.810427	-203.873166	-181.544094	-342.797360	0.000000	0.000000	0.000000	0.000000	0.000000	0.000000	0.000000	0.000000	1660178558.461070	0.000000
107.000000	-207.947787	-157.143116	-145.360562	-318.686225	0.000000	0.000000	0.000000	0.000000	0.000000	0.000000	0.000000	0.000000	1660178558.461070	0.000000
108.000000	-168.013136	-124.299315	-120.067618	-321.868880	0.000000	0.000000	0.000000	0.000000	0.000000	0.000000	0.000000	0.000000	1660178558.467175	0.000000
108.000000	-240.922485	-191.344501	-170.833020	-346.290427	0.000000	0.000000	0.000000	0.000000	0.000000	0.000000	0.000000	0.000000	1660178558.467175	0.000000
109.000000	-231.651273	-181.257991	-164.449011	-323.742570	0.000000	0.000000	0.000000	0.000000	0.000000	0.000000	0.000000	0.000000	1660178558.471034	0.000000
109.000000	-168.087934	-116.711058	-118.508080	-313.454105	0.000000	0.000000	0.000000	0.000000	0.000000	0.000000	0.000000	0.000000	1660178558.471034	0.000000
110.000000	-218.000638	-166.231073	-156.236191	-338.429157	0.000000	0.000000	0.000000	0.000000	0.000000	0.000000	0.000000	0.000000	1660178558.476051	0.000000
110.000000	-247.665525	-196.845894	-170.653505	-334.868772	0.000000	0.000000	0.000000	0.000000	0.000000	0.000000	0.000000	0.000000	1660178558.476051	0.000000
111.000000	-172.744109	-130.170958	-125.389496	-310.832435	0.000000	0.000000	0.000000	0.000000	0.000000	0.000000	0.000000	0.000000	1660178558.482041	0.000000
111.000000	-193.747387	-144.936083	-140.554790	-342.816059	0.000000	0.000000	0.000000	0.000000	0.000000	0.000000	0.000000	0.000000	1660178558.482041	0.000000
112.000000	-258.974982	-205.028795	-185.923516	-355.094151	0.000000	0.000000	0.000000	0.000000	0.000000	0.000000	0.000000	0.000000	1660178558.507870	0.000000
112.000000	-209.301631	-160.004140	-149.766164	-330.949357	0.000000	0.000000	0.000000	0.000000	0.000000	0.000000	0.000000	0.000000	1660178558.507870	0.000000
113.000000	-182.572566	-132.242862	-129.604363	-333.926317	0.000000	0.000000	0.000000	0.000000	0.000000	0.000000	0.000000	0.000000	1660178558.513160	0.000000
113.000000	-243.566594	-193.240631	-173.705263	-354.708941	0.000000	0.000000	0.000000	0.000000	0.000000	0.000000	0.000000	0.000000	1660178558.513160	0.000000
114.000000	-230.181493	-185.502778	-165.473743	-337.389465	0.000000	0.000000	0.000000	0.000000	0.000000	0.000000	0.000000	0.000000	1660178558.517598	0.000000
114.000000	-172.085887	-126.502116	-122.412535	-324.800961	0.000000	0.000000	0.000000	0.000000	0.000000	0.000000	0.000000	0.000000	1660178558.517598	0.000000
115.000000	-219.964086	-169.634382	-155.002024	-348.822339	0.000000	0.000000	0.000000	0.000000	0.000000	0.000000	0.000000	0.000000	1660178558.523509	0.000000
115.000000	-248.338707	-197.212404	-175.212443	-338.227202	0.000000	0.000000	0.000000	0.000000	0.000000	0.000000	0.000000	0.000000	1660178558.523509	0.000000
116.000000	-182.572566	-133.712643	-131.489273	-321.098460	0.000000	0.000000	0.000000	0.000000	0.000000	0.000000	0.000000	0.000000	1660178558.527892	0.000000
116.000000	-198.601777	-150.175683	-138.423047	-341.320100	0.000000	0.000000	0.000000	0.000000	0.000000	0.000000	0.000000	0.000000	1660178558.527892	0.000000
117.000000	-255.197683	-198.431612	-180.167810	-349.992928	0.000000	0.000000	0.000000	0.000000	0.000000	0.000000	0.000000	0.000000	1660178558.551059	0.000000
117.000000	-211.044424	-161.563678	-147.413767	-324.210057	0.000000	0.000000	0.000000	0.000000	0.000000	0.000000	0.000000	0.000000	1660178558.551059	0.000000
118.000000	-175.560254	-122.074074	-127.495059	-333.855259	0.000000	0.000000	0.000000	0.000000	0.000000	0.000000	0.000000	0.000000	1660178558.566181	0.000000
118.000000	-238.143740	-187.178253	-164.647226	-349.776013	0.000000	0.000000	0.000000	0.000000	0.000000	0.000000	0.000000	0.000000	1660178558.566181	0.000000
119.000000	-231.037930	-177.188980	-160.724071	-330.893258	0.000000	0.000000	0.000000	0.000000	0.000000	0.000000	0.000000	0.000000	1660178558.570407	0.000000
119.000000	-171.341647	-123.734590	-121.043732	-323.368580	0.000000	0.000000	0.000000	0.000000	0.000000	0.000000	0.000000	0.000000	1660178558.570407	0.000000
120.000000	-225.596375	-171.829703	-159.201931	-356.702308	0.000000	0.000000	0.000000	0.000000	0.000000	0.000000	0.000000	0.000000	1660178558.573647	0.000000
120.000000	-251.738276	-197.664932	-176.947757	-345.912697	0.000000	0.000000	0.000000	0.000000	0.000000	0.000000	0.000000	0.000000	1660178558.573647	0.000000
121.000000	-185.934736	-135.893005	-134.679407	-327.777922	0.000000	0.000000	0.000000	0.000000	0.000000	0.000000	0.000000	0.000000	1660178558.579039	0.000000
121.000000	-201.589957	-153.440615	-145.192266	-352.420123	0.000000	0.000000	0.000000	0.000000	0.000000	0.000000	0.000000	0.000000	1660178558.579039	0.000000
122.000000	-259.779061	-209.995383	-184.012428	-363.946494	0.000000	0.000000	0.000000	0.000000	0.000000	0.000000	0.000000	0.000000	1660178558.594814	0.000000
122.000000	-221.407687	-162.165802	-155.174059	-332.523855	0.000000	0.000000	0.000000	0.000000	0.000000	0.000000	0.000000	0.000000	1660178558.594814	0.000000
123.000000	-185.070819	-130.832920	-128.863863	-337.636298	0.000000	0.000000	0.000000	0.000000	0.000000	0.000000	0.000000	0.000000	1660178558.600160	0.000000
123.000000	-246.801608	-190.248711	-171.996129	-357.390450	0.000000	0.000000	0.000000	0.000000	0.000000	0.000000	0.000000	0.000000	1660178558.600160	0.000000
124.000000	-244.692304	-182.578176	-161.172859	-337.617599	0.000000	0.000000	0.000000	0.000000	0.000000	0.000000	0.000000	0.000000	1660178558.609807	0.000000
124.000000	-176.745802	-118.708164	-117.483347	-324.509249	0.000000	0.000000	0.000000	0.000000	0.000000	0.000000	0.000000	0.000000	1660178558.609807	0.000000
125.000000	-233.913913	-169.866256	-159.822755	-353.040946	0.000000	0.000000	0.000000	0.000000	0.000000	0.000000	0.000000	0.000000	1660178558.615041	0.000000
125.000000	-272.453582	-204.247156	-185.598145	-354.454628	0.000000	0.000000	0.000000	0.000000	0.000000	0.000000	0.000000	0.000000	1660178558.615041	0.000000
126.000000	-205.258799	-138.735329	-135.517145	-324.288595	0.000000	0.000000	0.000000	0.000000	0.000000	0.000000	0.000000	0.000000	1660178558.639470	0.000000
126.000000	-221.250611	-150.504794	-142.241485	-350.404316	0.000000	0.000000	0.000000	0.000000	0.000000	0.000000	0.000000	0.000000	1660178558.639470	0.000000
127.000000	-277.498707	-207.942177	-180.777414	-359.589511	0.000000	0.000000	0.000000	0.000000	0.000000	0.000000	0.000000	0.000000	1660178558.645147	0.000000
127.000000	-233.416506	-165.438214	-148.326302	-333.096060	0.000000	0.000000	0.000000	0.000000	0.000000	0.000000	0.000000	0.000000	1660178558.645147	0.000000
128.000000	-202.016306	-131.883832	-130.068111	-338.705909	0.000000	0.000000	0.000000	0.000000	0.000000	0.000000	0.000000	0.000000	1660178558.652178	0.000000
128.000000	-263.679776	-196.064255	-170.990096	-359.021046	0.000000	0.000000	0.000000	0.000000	0.000000	0.000000	0.000000	0.000000	1660178558.652178	0.000000
129.000000	-247.721623	-182.297683	-163.169965	-338.447856	0.000000	0.000000	0.000000	0.000000	0.000000	0.000000	0.000000	0.000000	1660178558.657147	0.000000
129.000000	-192.733874	-125.720477	-120.624863	-331.188711	0.000000	0.000000	0.000000	0.000000	0.000000	0.000000	0.000000	0.000000	1660178558.657147	0.000000
130.000000	-239.460184	-178.217453	-158.569888	-362.080284	0.000000	0.000000	0.000000	0.000000	0.000000	0.000000	0.000000	0.000000	1660178558.686044	0.000000
130.000000	-267.980661	-201.543209	-178.750388	-346.028634	0.000000	0.000000	0.000000	0.000000	0.000000	0.000000	0.000000	0.000000	1660178558.686044	0.000000
131.000000	-203.082177	-133.432151	-126.922855	-326.409118	0.000000	0.000000	0.000000	0.000000	0.000000	0.000000	0.000000	0.000000	1660178558.691410	0.000000
131.000000	-222.316483	-152.228888	-142.342462	-349.222508	0.000000	0.000000	0.000000	0.000000	0.000000	0.000000	0.000000	0.000000	1660178558.691410	0.000000
132.000000	-279.181662	-205.526202	-184.248041	-351.013920	0.000000	0.000000	0.000000	0.000000	0.000000	0.000000	0.000000	0.000000	1660178558.696815	0.000000
132.000000	-235.451012	-163.003540	-150.970411	-324.124040	0.000000	0.000000	0.000000	0.000000	0.000000	0.000000	0.000000	0.000000	1660178558.696815	0.000000
133.000000	-202.281839	-131.704317	-133.441500	-333.511188	0.000000	0.000000	0.000000	0.000000	0.000000	0.000000	0.000000	0.000000	1660178558.702151	0.000000
133.000000	-266.245348	-195.477091	-177.157191	-351.672143	0.000000	0.000000	0.000000	0.000000	0.000000	0.000000	0.000000	0.000000	1660178558.702151	0.000000
134.000000	-251.719576	-184.560323	-170.313174	-335.818707	0.000000	0.000000	0.000000	0.000000	0.000000	0.000000	0.000000	0.000000	1660178558.705926	0.000000
134.000000	-201.328164	-127.833520	-125.980400	-324.741123	0.000000	0.000000	0.000000	0.000000	0.000000	0.000000	0.000000	0.000000	1660178558.705926	0.000000
135.000000	-247.205517	-175.779038	-166.539615	-356.006687	0.000000	0.000000	0.000000	0.000000	0.000000	0.000000	0.000000	0.000000	1660178558.713535	0.000000
135.000000	-283.224494	-210.784501	-189.644717	-347.169303	0.000000	0.000000	0.000000	0.000000	0.000000	0.000000	0.000000	0.000000	1660178558.713535	0.000000
136.000000	-213.875529	-142.303193	-139.518838	-320.705771	0.000000	0.000000	0.000000	0.000000	0.000000	0.000000	0.000000	0.000000	1660178558.729706	0.000000
136.000000	-226.045163	-146.955629	-143.333536	-342.116698	0.000000	0.000000	0.000000	0.000000	0.000000	0.000000	0.000000	0.000000	1660178558.729706	0.000000
137.000000	-283.740600	-209.677491	-185.078299	-347.584432	0.000000	0.000000	0.000000	0.000000	0.000000	0.000000	0.000000	0.000000	1660178558.734041	0.000000
137.000000	-231.976645	-160.654882	-150.918053	-314.923886	0.000000	0.000000	0.000000	0.000000	0.000000	0.000000	0.000000	0.000000	1660178558.734041	0.000000
138.000000	-202.173382	-131.767895	-129.940954	-324.097860	0.000000	0.000000	0.000000	0.000000	0.000000	0.000000	0.000000	0.000000	1660178558.744236	0.000000
138.000000	-265.673143	-195.828641	-169.654952	-337.520361	0.000000	0.000000	0.000000	0.000000	0.000000	0.000000	0.000000	0.000000	1660178558.744236	0.000000
139.000000	-252.003809	-182.387441	-162.777276	-317.822308	0.000000	0.000000	0.000000	0.000000	0.000000	0.000000	0.000000	0.000000	1660178558.759852	0.000000
139.000000	-192.954528	-128.274829	-125.924301	-314.561115	0.000000	0.000000	0.000000	0.000000	0.000000	0.000000	0.000000	0.000000	1660178558.759852	0.000000
140.000000	-239.538722	-172.641262	-158.124840	-339.087379	0.000000	0.000000	0.000000	0.000000	0.000000	0.000000	0.000000	0.000000	1660178558.765513	0.000000
140.000000	-269.727195	-200.967264	-177.875252	-330.758622	0.000000	0.000000	0.000000	0.000000	0.000000	0.000000	0.000000	0.000000	1660178558.765513	0.000000
141.000000	-206.679961	-144.786487	-136.425941	-314.288103	0.000000	0.000000	0.000000	0.000000	0.000000	0.000000	0.000000	0.000000	1660178558.789576	0.000000
141.000000	-217.690227	-151.985794	-143.894521	-330.212597	0.000000	0.000000	0.000000	0.000000	0.000000	0.000000	0.000000	0.000000	1660178558.789576	0.000000
142.000000	-268.885717	-205.189611	-184.285440	-336.547987	0.000000	0.000000	0.000000	0.000000	0.000000	0.000000	0.000000	0.000000	1660178558.796027	0.000000
142.000000	-229.807503	-164.050712	-150.121454	-316.696598	0.000000	0.000000	0.000000	0.000000	0.000000	0.000000	0.000000	0.000000	1660178558.796027	0.000000
143.000000	-198.197868	-132.523355	-127.678315	-324.587787	0.000000	0.000000	0.000000	0.000000	0.000000	0.000000	0.000000	0.000000	1660178558.802160	0.000000
143.000000	-261.275021	-198.435352	-177.965009	-342.531827	0.000000	0.000000	0.000000	0.000000	0.000000	0.000000	0.000000	0.000000	1660178558.802160	0.000000
144.000000	-245.765656	-181.673120	-161.285056	-323.091827	0.000000	0.000000	0.000000	0.000000	0.000000	0.000000	0.000000	0.000000	1660178558.807034	0.000000
144.000000	-188.403070	-128.046695	-123.863617	-316.012197	0.000000	0.000000	0.000000	0.000000	0.000000	0.000000	0.000000	0.000000	1660178558.807034	0.000000
145.000000	-239.187172	-172.484186	-158.809242	-345.269434	0.000000	0.000000	0.000000	0.000000	0.000000	0.000000	0.000000	0.000000	1660178558.836550	0.000000
145.000000	-267.651550	-197.855667	-174.756175	-330.882039	0.000000	0.000000	0.000000	0.000000	0.000000	0.000000	0.000000	0.000000	1660178558.836550	0.000000
146.000000	-204.297645	-138.069627	-134.447533	-315.806502	0.000000	0.000000	0.000000	0.000000	0.000000	0.000000	0.000000	0.000000	1660178558.841509	0.000000
146.000000	-214.066264	-150.265440	-141.040977	-333.148418	0.000000	0.000000	0.000000	0.000000	0.000000	0.000000	0.000000	0.000000	1660178558.841509	0.000000
147.000000	-274.966794	-204.606187	-180.605379	-336.297414	0.000000	0.000000	0.000000	0.000000	0.000000	0.000000	0.000000	0.000000	1660178558.847167	0.000000
147.000000	-221.893874	-161.122370	-151.632374	-317.212704	0.000000	0.000000	0.000000	0.000000	0.000000	0.000000	0.000000	0.000000	1660178558.847167	0.000000
148.000000	-189.958868	-127.523109	-125.266079	-320.889026	0.000000	0.000000	0.000000	0.000000	0.000000	0.000000	0.000000	0.000000	1660178558.850911	0.000000
148.000000	-260.747695	-194.429919	-173.428511	-342.550527	0.000000	0.000000	0.000000	0.000000	0.000000	0.000000	0.000000	0.000000	1660178558.850911	0.000000
149.000000	-249.520515	-183.415914	-165.623339	-324.172658	0.000000	0.000000	0.000000	0.000000	0.000000	0.000000	0.000000	0.000000	1660178558.854800	0.000000
149.000000	-193.833405	-129.250942	-123.459707	-323.432158	0.000000	0.000000	0.000000	0.000000	0.000000	0.000000	0.000000	0.000000	1660178558.854800	0.000000
150.000000	-238.809442	-176.254005	-159.071035	-353.691689	0.000000	0.000000	0.000000	0.000000	0.000000	0.000000	0.000000	0.000000	1660178558.881069	0.000000
150.000000	-268.754821	-205.821654	-183.567379	-342.894597	0.000000	0.000000	0.000000	0.000000	0.000000	0.000000	0.000000	0.000000	1660178558.881069	0.000000
151.000000	-209.787818	-144.494775	-135.236652	-323.103047	0.000000	0.000000	0.000000	0.000000	0.000000	0.000000	0.000000	0.000000	1660178558.885742	0.000000
151.000000	-221.961192	-155.613497	-141.852535	-339.472589	0.000000	0.000000	0.000000	0.000000	0.000000	0.000000	0.000000	0.000000	1660178558.885742	0.000000
152.000000	-280.329811	-213.028441	-186.256368	-345.658383	0.000000	0.000000	0.000000	0.000000	0.000000	0.000000	0.000000	0.000000	1660178558.890771	0.000000
152.000000	-225.697352	-166.085217	-153.906233	-331.570180	0.000000	0.000000	0.000000	0.000000	0.000000	0.000000	0.000000	0.000000	1660178558.890771	0.000000
153.000000	-201.963947	-141.682370	-136.051951	-342.397191	0.000000	0.000000	0.000000	0.000000	0.000000	0.000000	0.000000	0.000000	1660178558.896174	0.000000
153.000000	-259.928657	-196.640200	-175.257322	-355.000654	0.000000	0.000000	0.000000	0.000000	0.000000	0.000000	0.000000	0.000000	1660178558.896174	0.000000
154.000000	-254.468403	-190.211312	-172.845086	-333.690704	0.000000	0.000000	0.000000	0.000000	0.000000	0.000000	0.000000	0.000000	1660178558.926074	0.000000
154.000000	-197.618184	-131.233089	-128.501093	-322.373766	0.000000	0.000000	0.000000	0.000000	0.000000	0.000000	0.000000	0.000000	1660178558.926074	0.000000
155.000000	-236.883393	-178.905594	-162.777276	-354.888457	0.000000	0.000000	0.000000	0.000000	0.000000	0.000000	0.000000	0.000000	1660178558.931476	0.000000
155.000000	-279.263940	-207.908518	-179.883578	-338.604932	0.000000	0.000000	0.000000	0.000000	0.000000	0.000000	0.000000	0.000000	1660178558.931476	0.000000
156.000000	-205.464494	-139.000862	-133.168488	-317.855967	0.000000	0.000000	0.000000	0.000000	0.000000	0.000000	0.000000	0.000000	1660178558.937892	0.000000
156.000000	-217.641608	-154.813159	-146.830342	-340.239268	0.000000	0.000000	0.000000	0.000000	0.000000	0.000000	0.000000	0.000000	1660178558.937892	0.000000
157.000000	-273.627910	-207.590627	-184.453736	-345.781800	0.000000	0.000000	0.000000	0.000000	0.000000	0.000000	0.000000	0.000000	1660178558.942815	0.000000
157.000000	-224.582862	-160.007880	-152.563609	-323.484517	0.000000	0.000000	0.000000	0.000000	0.000000	0.000000	0.000000	0.000000	1660178558.942815	0.000000
158.000000	-199.293659	-139.408511	-133.849149	-333.226956	0.000000	0.000000	0.000000	0.000000	0.000000	0.000000	0.000000	0.000000	1660178558.948164	0.000000
158.000000	-263.668557	-197.994044	-178.447456	-348.197776	0.000000	0.000000	0.000000	0.000000	0.000000	0.000000	0.000000	0.000000	1660178558.948164	0.000000
159.000000	-250.739723	-184.474305	-169.123886	-326.513836	0.000000	0.000000	0.000000	0.000000	0.000000	0.000000	0.000000	0.000000	1660178558.970310	0.000000
159.000000	-187.509234	-128.488003	-125.554051	-318.977937	0.000000	0.000000	0.000000	0.000000	0.000000	0.000000	0.000000	0.000000	1660178558.970310	0.000000
160.000000	-233.394067	-176.291404	-160.503416	-345.957575	0.000000	0.000000	0.000000	0.000000	0.000000	0.000000	0.000000	0.000000	1660178558.973492	0.000000
160.000000	-267.232681	-208.966910	-183.761854	-344.768287	0.000000	0.000000	0.000000	0.000000	0.000000	0.000000	0.000000	0.000000	1660178558.973492	0.000000
161.000000	-206.305971	-142.404171	-135.730319	-325.141292	0.000000	0.000000	0.000000	0.000000	0.000000	0.000000	0.000000	0.000000	1660178558.979403	0.000000
161.000000	-210.707833	-149.416483	-142.574336	-338.911604	0.000000	0.000000	0.000000	0.000000	0.000000	0.000000	0.000000	0.000000	1660178558.979403	0.000000
162.000000	-269.966548	-214.673997	-184.248041	-346.911250	0.000000	0.000000	0.000000	0.000000	0.000000	0.000000	0.000000	0.000000	1660178558.985419	0.000000
162.000000	-216.983386	-167.487680	-151.987664	-320.997483	0.000000	0.000000	0.000000	0.000000	0.000000	0.000000	0.000000	0.000000	1660178558.985419	0.000000
163.000000	-191.077099	-138.941023	-132.181154	-331.525302	0.000000	0.000000	0.000000	0.000000	0.000000	0.000000	0.000000	0.000000	1660178559.015245	0.000000
163.000000	-245.017676	-195.641646	-171.824094	-350.419276	0.000000	0.000000	0.000000	0.000000	0.000000	0.000000	0.000000	0.000000	1660178559.015245	0.000000
164.000000	-238.858060	-186.093682	-166.090827	-329.071927	0.000000	0.000000	0.000000	0.000000	0.000000	0.000000	0.000000	0.000000	1660178559.020277	0.000000
164.000000	-188.575106	-128.817114	-122.150742	-321.461231	0.000000	0.000000	0.000000	0.000000	0.000000	0.000000	0.000000	0.000000	1660178559.020277	0.000000
165.000000	-233.663339	-173.849249	-155.166579	-343.784694	0.000000	0.000000	0.000000	0.000000	0.000000	0.000000	0.000000	0.000000	1660178559.025787	0.000000
165.000000	-266.574459	-205.249449	-177.220769	-339.158437	0.000000	0.000000	0.000000	0.000000	0.000000	0.000000	0.000000	0.000000	1660178559.025787	0.000000
166.000000	-200.355790	-145.728942	-131.863263	-325.189911	0.000000	0.000000	0.000000	0.000000	0.000000	0.000000	0.000000	0.000000	1660178559.033056	0.000000
166.000000	-210.173028	-155.407803	-142.645394	-342.928256	0.000000	0.000000	0.000000	0.000000	0.000000	0.000000	0.000000	0.000000	1660178559.033056	0.000000
167.000000	-268.840838	-212.661931	-186.577999	-350.157483	0.000000	0.000000	0.000000	0.000000	0.000000	0.000000	0.000000	0.000000	1660178559.037906	0.000000
167.000000	-209.447487	-155.478861	-142.248965	-317.601654	0.000000	0.000000	0.000000	0.000000	0.000000	0.000000	0.000000	0.000000	1660178559.037906	0.000000
168.000000	-191.357591	-136.693343	-130.041931	-325.406825	0.000000	0.000000	0.000000	0.000000	0.000000	0.000000	0.000000	0.000000	1660178559.076198	0.000000
168.000000	-254.958330	-198.027703	-171.143432	-345.684563	0.000000	0.000000	0.000000	0.000000	0.000000	0.000000	0.000000	0.000000	1660178559.076198	0.000000
169.000000	-243.503016	-187.238091	-164.505109	-330.567887	0.000000	0.000000	0.000000	0.000000	0.000000	0.000000	0.000000	0.000000	1660178559.079743	0.000000
169.000000	-182.000361	-128.297268	-127.610996	-328.032235	0.000000	0.000000	0.000000	0.000000	0.000000	0.000000	0.000000	0.000000	1660178559.079743	0.000000
170.000000	-234.265463	-178.307210	-158.562408	-348.190296	0.000000	0.000000	0.000000	0.000000	0.000000	0.000000	0.000000	0.000000	1660178559.085843	0.000000
170.000000	-264.136044	-212.205663	-186.506941	-345.131058	0.000000	0.000000	0.000000	0.000000	0.000000	0.000000	0.000000	0.000000	1660178559.085843	0.000000
171.000000	-198.044532	-144.431196	-140.188280	-330.717483	0.000000	0.000000	0.000000	0.000000	0.000000	0.000000	0.000000	0.000000	1660178559.090651	0.000000
171.000000	-210.382462	-158.938268	-147.664340	-347.442316	0.000000	0.000000	0.000000	0.000000	0.000000	0.000000	0.000000	0.000000	1660178559.090651	0.000000
172.000000	-272.921069	-213.780161	-183.915190	-346.772874	0.000000	0.000000	0.000000	0.000000	0.000000	0.000000	0.000000	0.000000	1660178559.122074	0.000000
172.000000	-218.079176	-161.806772	-152.212058	-322.280269	0.000000	0.000000	0.000000	0.000000	0.000000	0.000000	0.000000	0.000000	1660178559.122074	0.000000
173.000000	-189.218368	-132.160585	-128.336537	-331.229849	0.000000	0.000000	0.000000	0.000000	0.000000	0.000000	0.000000	0.000000	1660178559.128098	0.000000
173.000000	-257.965209	-195.686525	-180.418384	-353.373797	0.000000	0.000000	0.000000	0.000000	0.000000	0.000000	0.000000	0.000000	1660178559.128098	0.000000
174.000000	-246.468757	-187.301670	-167.137999	-336.473189	0.000000	0.000000	0.000000	0.000000	0.000000	0.000000	0.000000	0.000000	1660178559.132381	0.000000
174.000000	-184.666910	-133.151658	-124.248826	-325.526502	0.000000	0.000000	0.000000	0.000000	0.000000	0.000000	0.000000	0.000000	1660178559.132381	0.000000
175.000000	-227.877714	-180.409034	-156.034236	-350.916683	0.000000	0.000000	0.000000	0.000000	0.000000	0.000000	0.000000	0.000000	1660178559.137041	0.000000
175.000000	-263.500261	-202.762416	-176.091319	-337.628818	0.000000	0.000000	0.000000	0.000000	0.000000	0.000000	0.000000	0.000000	1660178559.137041	0.000000
176.000000	-192.131750	-140.848372	-130.991866	-318.327195	0.000000	0.000000	0.000000	0.000000	0.000000	0.000000	0.000000	0.000000	1660178559.151048	0.000000
176.000000	-212.708680	-153.844525	-147.350188	-340.340246	0.000000	0.000000	0.000000	0.000000	0.000000	0.000000	0.000000	0.000000	1660178559.151048	0.000000
177.000000	-269.469142	-208.050635	-185.680423	-349.660076	0.000000	0.000000	0.000000	0.000000	0.000000	0.000000	0.000000	0.000000	1660178559.156819	0.000000
177.000000	-218.842116	-162.244340	-145.487718	-324.475590	0.000000	0.000000	0.000000	0.000000	0.000000	0.000000	0.000000	0.000000	1660178559.156819	0.000000
178.000000	-190.557252	-133.181577	-123.717760	-325.137552	0.000000	0.000000	0.000000	0.000000	0.000000	0.000000	0.000000	0.000000	1660178559.163177	0.000000
178.000000	-257.052674	-194.153166	-170.541308	-345.938876	0.000000	0.000000	0.000000	0.000000	0.000000	0.000000	0.000000	0.000000	1660178559.163177	0.000000
179.000000	-238.248457	-182.002231	-163.226064	-321.438791	0.000000	0.000000	0.000000	0.000000	0.000000	0.000000	0.000000	0.000000	1660178559.167749	0.000000
179.000000	-182.157437	-128.667518	-119.787126	-322.545802	0.000000	0.000000	0.000000	0.000000	0.000000	0.000000	0.000000	0.000000	1660178559.167749	0.000000
180.000000	-228.446179	-176.377422	-157.623693	-346.006194	0.000000	0.000000	0.000000	0.000000	0.000000	0.000000	0.000000	0.000000	1660178559.171549	0.000000
180.000000	-260.586879	-208.016975	-186.364825	-343.683716	0.000000	0.000000	0.000000	0.000000	0.000000	0.000000	0.000000	0.000000	1660178559.171549	0.000000
181.000000	-188.605025	-139.258915	-129.514605	-314.591035	0.000000	0.000000	0.000000	0.000000	0.000000	0.000000	0.000000	0.000000	1660178559.196423	0.000000
181.000000	-207.899169	-157.240354	-141.018538	-340.011135	0.000000	0.000000	0.000000	0.000000	0.000000	0.000000	0.000000	0.000000	1660178559.196423	0.000000
182.000000	-270.187202	-215.096606	-187.584032	-342.176537	0.000000	0.000000	0.000000	0.000000	0.000000	0.000000	0.000000	0.000000	1660178559.200045	0.000000
182.000000	-218.135275	-166.634982	-152.586048	-320.204624	0.000000	0.000000	0.000000	0.000000	0.000000	0.000000	0.000000	0.000000	1660178559.200045	0.000000
183.000000	-185.601885	-135.590073	-127.644655	-334.494782	0.000000	0.000000	0.000000	0.000000	0.000000	0.000000	0.000000	0.000000	1660178559.204152	0.000000
183.000000	-255.313620	-199.994890	-176.652304	-353.471034	0.000000	0.000000	0.000000	0.000000	0.000000	0.000000	0.000000	0.000000	1660178559.204152	0.000000
184.000000	-241.719084	-187.630781	-169.337060	-328.873712	0.000000	0.000000	0.000000	0.000000	0.000000	0.000000	0.000000	0.000000	1660178559.209178	0.000000
184.000000	-181.214982	-126.962124	-129.267772	-323.428418	0.000000	0.000000	0.000000	0.000000	0.000000	0.000000	0.000000	0.000000	1660178559.209178	0.000000
185.000000	-235.989557	-179.294544	-161.819861	-347.539553	0.000000	0.000000	0.000000	0.000000	0.000000	0.000000	0.000000	0.000000	1660178559.213503	0.000000
185.000000	-264.431496	-208.828534	-180.044394	-335.912204	0.000000	0.000000	0.000000	0.000000	0.000000	0.000000	0.000000	0.000000	1660178559.213503	0.000000
186.000000	-195.837991	-142.108719	-133.355483	-318.615167	0.000000	0.000000	0.000000	0.000000	0.000000	0.000000	0.000000	0.000000	1660178559.239616	0.000000
186.000000	-209.660661	-155.138530	-139.462739	-337.984109	0.000000	0.000000	0.000000	0.000000	0.000000	0.000000	0.000000	0.000000	1660178559.239616	0.000000
187.000000	-265.022401	-213.166818	-183.541200	-345.224555	0.000000	0.000000	0.000000	0.000000	0.000000	0.000000	0.000000	0.000000	1660178559.244066	0.000000
187.000000	-211.287518	-161.436521	-144.575183	-318.551589	0.000000	0.000000	0.000000	0.000000	0.000000	0.000000	0.000000	0.000000	1660178559.244066	0.000000
188.000000	-183.316806	-132.246602	-124.989326	-326.409118	0.000000	0.000000	0.000000	0.000000	0.000000	0.000000	0.000000	0.000000	1660178559.249246	0.000000
188.000000	-246.330381	-190.072935	-172.198084	-343.616398	0.000000	0.000000	0.000000	0.000000	0.000000	0.000000	0.000000	0.000000	1660178559.249246	0.000000
189.000000	-227.230711	-178.542824	-157.238484	-330.683824	0.000000	0.000000	0.000000	0.000000	0.000000	0.000000	0.000000	0.000000	1660178559.255410	0.000000
189.000000	-167.235236	-124.979977	-122.468634	-327.175798	0.000000	0.000000	0.000000	0.000000	0.000000	0.000000	0.000000	0.000000	1660178559.255410	0.000000
190.000000	-226.258337	-180.064963	-156.004317	-348.680223	0.000000	0.000000	0.000000	0.000000	0.000000	0.000000	0.000000	0.000000	1660178559.271102	0.000000
190.000000	-253.582047	-206.008649	-176.667264	-339.992435	0.000000	0.000000	0.000000	0.000000	0.000000	0.000000	0.000000	0.000000	1660178559.271102	0.000000
191.000000	-196.402716	-145.957076	-135.812597	-323.331181	0.000000	0.000000	0.000000	0.000000	0.000000	0.000000	0.000000	0.000000	1660178559.284455	0.000000
191.000000	-203.362670	-156.776606	-140.072343	-340.830173	0.000000	0.000000	0.000000	0.000000	0.000000	0.000000	0.000000	0.000000	1660178559.284455	0.000000
192.000000	-266.765194	-213.821300	-186.727595	-347.857445	0.000000	0.000000	0.000000	0.000000	0.000000	0.000000	0.000000	0.000000	1660178559.289069	0.000000
192.000000	-212.409488	-157.382470	-147.615721	-320.174705	0.000000	0.000000	0.000000	0.000000	0.000000	0.000000	0.000000	0.000000	1660178559.289069	0.000000
193.000000	-191.047179	-132.474736	-132.143755	-331.772135	0.000000	0.000000	0.000000	0.000000	0.000000	0.000000	0.000000	0.000000	1660178559.298841	0.000000
193.000000	-253.114559	-196.924432	-171.379046	-352.842731	0.000000	0.000000	0.000000	0.000000	0.000000	0.000000	0.000000	0.000000	1660178559.298841	0.000000
194.000000	-232.432912	-184.807156	-160.518376	-329.737629	0.000000	0.000000	0.000000	0.000000	0.000000	0.000000	0.000000	0.000000	1660178559.302348	0.000000
194.000000	-176.222216	-126.273982	-121.133490	-321.049842	0.000000	0.000000	0.000000	0.000000	0.000000	0.000000	0.000000	0.000000	1660178559.302348	0.000000
195.000000	-230.660200	-176.661654	-162.137753	-349.678776	0.000000	0.000000	0.000000	0.000000	0.000000	0.000000	0.000000	0.000000	1660178559.313825	0.000000
195.000000	-256.689903	-202.496883	-176.663524	-339.195836	0.000000	0.000000	0.000000	0.000000	0.000000	0.000000	0.000000	0.000000	1660178559.313825	0.000000
196.000000	-180.564240	-135.642431	-126.298291	-319.509003	0.000000	0.000000	0.000000	0.000000	0.000000	0.000000	0.000000	0.000000	1660178559.345813	0.000000
196.000000	-200.381970	-154.076398	-138.755898	-344.843085	0.000000	0.000000	0.000000	0.000000	0.000000	0.000000	0.000000	0.000000	1660178559.345813	0.000000
197.000000	-258.735629	-205.978730	-176.910358	-348.452089	0.000000	0.000000	0.000000	0.000000	0.000000	0.000000	0.000000	0.000000	1660178559.350039	0.000000
197.000000	-214.859122	-159.660069	-142.230265	-319.942831	0.000000	0.000000	0.000000	0.000000	0.000000	0.000000	0.000000	0.000000	1660178559.350039	0.000000
198.000000	-186.132951	-136.633505	-128.478653	-323.540615	0.000000	0.000000	0.000000	0.000000	0.000000	0.000000	0.000000	0.000000	1660178559.356137	0.000000
198.000000	-257.800654	-200.866287	-175.313420	-352.782893	0.000000	0.000000	0.000000	0.000000	0.000000	0.000000	0.000000	0.000000	1660178559.356137	0.000000
199.000000	-243.828387	-184.691219	-168.166471	-329.154205	0.000000	0.000000	0.000000	0.000000	0.000000	0.000000	0.000000	0.000000	1660178559.362070	0.000000
199.000000	-184.304140	-127.193997	-126.474067	-323.716390	0.000000	0.000000	0.000000	0.000000	0.000000	0.000000	0.000000	0.000000	1660178559.362070	0.000000
200.000000	-239.493843	-182.955906	-164.377953	-358.115990	0.000000	0.000000	0.000000	0.000000	0.000000	0.000000	0.000000	0.000000	1660178559.367534	0.000000
200.000000	-261.420877	-206.722970	-178.933643	-346.286687	0.000000	0.000000	0.000000	0.000000	0.000000	0.000000	0.000000	0.000000	1660178559.367534	0.000000
0.000000	-193.642670	-144.193713	-138.452966	-319.454774	0.000000	0.000000	0.000000	0.000000	0.000000	0.000000	0.000000	0.000000	1660178559.390256	0.000000
101.000000	-213.841870	-157.601254	-151.931566	-342.806710	0.000000	0.000000	0.000000	0.000000	0.000000	0.000000	0.000000	0.000000	1660178559.394815	0.000000
101.000000	-264.053766	-208.419015	-184.868865	-342.084909	0.000000	0.000000	0.000000	0.000000	0.000000	0.000000	0.000000	0.000000	1660178559.394815	0.000000
102.000000	-216.448580	-155.574228	-148.217845	-321.623916	0.000000	0.000000	0.000000	0.000000	0.000000	0.000000	0.000000	0.000000	1660178559.399162	0.000000
102.000000	-185.168057	-132.517745	-133.785571	-334.257298	0.000000	0.000000	0.000000	0.000000	0.000000	0.000000	0.000000	0.000000	1660178559.399162	0.000000
103.000000	-250.664925	-194.667403	-173.791281	-346.251158	0.000000	0.000000	0.000000	0.000000	0.000000	0.000000	0.000000	0.000000	1660178559.403775	0.000000
103.000000	-236.513143	-177.362885	-161.045702	-326.179115	0.000000	0.000000	0.000000	0.000000	0.000000	0.000000	0.000000	0.000000	1660178559.403775	0.000000
104.000000	-178.817707	-124.779892	-123.119376	-317.700761	0.000000	0.000000	0.000000	0.000000	0.000000	0.000000	0.000000	0.000000	1660178559.410469	0.000000
104.000000	-225.102708	-170.488949	-156.374567	-343.431273	0.000000	0.000000	0.000000	0.000000	0.000000	0.000000	0.000000	0.000000	1660178559.410469	0.000000
105.000000	-259.745402	-204.402362	-176.966456	-339.530557	0.000000	0.000000	0.000000	0.000000	0.000000	0.000000	0.000000	0.000000	1660178559.436083	0.000000
105.000000	-191.323932	-135.621862	-129.959654	-323.789318	0.000000	0.000000	0.000000	0.000000	0.000000	0.000000	0.000000	0.000000	1660178559.436083	0.000000
106.000000	-212.443147	-156.830835	-143.879561	-345.903347	0.000000	0.000000	0.000000	0.000000	0.000000	0.000000	0.000000	0.000000	1660178559.441818	0.000000
106.000000	-269.065232	-209.544725	-180.560500	-349.688126	0.000000	0.000000	0.000000	0.000000	0.000000	0.000000	0.000000	0.000000	1660178559.441818	0.000000
107.000000	-221.418907	-164.385433	-146.576029	-327.114090	0.000000	0.000000	0.000000	0.000000	0.000000	0.000000	0.000000	0.000000	1660178559.447151	0.000000
107.000000	-196.578491	-136.261385	-132.614982	-336.905148	0.000000	0.000000	0.000000	0.000000	0.000000	0.000000	0.000000	0.000000	1660178559.447151	0.000000
108.000000	-263.758314	-198.276406	-170.171058	-352.724924	0.000000	0.000000	0.000000	0.000000	0.000000	0.000000	0.000000	0.000000	1660178559.451380	0.000000
108.000000	-250.836960	-183.960069	-163.375660	-330.962447	0.000000	0.000000	0.000000	0.000000	0.000000	0.000000	0.000000	0.000000	1660178559.451380	0.000000
109.000000	-189.734475	-123.792558	-120.729580	-323.628503	0.000000	0.000000	0.000000	0.000000	0.000000	0.000000	0.000000	0.000000	1660178559.481093	0.000000
109.000000	-249.509295	-179.244055	-163.151266	-351.726371	0.000000	0.000000	0.000000	0.000000	0.000000	0.000000	0.000000	0.000000	1660178559.481093	0.000000
110.000000	-268.507987	-199.260000	-181.177583	-340.910580	0.000000	0.000000	0.000000	0.000000	0.000000	0.000000	0.000000	0.000000	1660178559.485860	0.000000
110.000000	-213.542678	-142.641654	-136.291304	-322.888003	0.000000	0.000000	0.000000	0.000000	0.000000	0.000000	0.000000	0.000000	1660178559.485860	0.000000
111.000000	-231.161346	-153.218091	-144.197453	-344.212912	0.000000	0.000000	0.000000	0.000000	0.000000	0.000000	0.000000	0.000000	1660178559.492418	0.000000
111.000000	-295.356729	-220.828003	-195.460261	-355.870180	0.000000	0.000000	0.000000	0.000000	0.000000	0.000000	0.000000	0.000000	1660178559.492418	0.000000
112.000000	-238.173659	-161.049442	-152.500031	-328.438014	0.000000	0.000000	0.000000	0.000000	0.000000	0.000000	0.000000	0.000000	1660178559.499168	0.000000
112.000000	-213.800731	-136.508218	-135.075837	-334.477953	0.000000	0.000000	0.000000	0.000000	0.000000	0.000000	0.000000	0.000000	1660178559.499168	0.000000
113.000000	-277.420169	-200.318391	-179.558207	-358.080461	0.000000	0.000000	0.000000	0.000000	0.000000	0.000000	0.000000	0.000000	1660178559.502049	0.000000
113.000000	-265.785340	-185.527087	-168.274929	-332.144255	0.000000	0.000000	0.000000	0.000000	0.000000	0.000000	0.000000	0.000000	1660178559.502049	0.000000
114.000000	-209.043578	-129.148095	-126.302031	-327.589057	0.000000	0.000000	0.000000	0.000000	0.000000	0.000000	0.000000	0.000000	1660178559.524887	0.000000
114.000000	-261.555513	-186.286287	-168.405825	-357.972004	0.000000	0.000000	0.000000	0.000000	0.000000	0.000000	0.000000	0.000000	1660178559.524887	0.000000
115.000000	-284.896229	-196.795406	-180.889611	-341.684740	0.000000	0.000000	0.000000	0.000000	0.000000	0.000000	0.000000	0.000000	1660178559.529719	0.000000
115.000000	-222.107049	-141.287810	-136.119269	-330.453820	0.000000	0.000000	0.000000	0.000000	0.000000	0.000000	0.000000	0.000000	1660178559.529719	0.000000
116.000000	-237.575275	-153.528503	-145.229665	-344.897314	0.000000	0.000000	0.000000	0.000000	0.000000	0.000000	0.000000	0.000000	1660178559.533870	0.000000
116.000000	-293.871989	-207.884209	-184.827726	-345.727572	0.000000	0.000000	0.000000	0.000000	0.000000	0.000000	0.000000	0.000000	1660178559.533870	0.000000
117.000000	-240.608334	-157.036529	-149.934459	-317.173435	0.000000	0.000000	0.000000	0.000000	0.000000	0.000000	0.000000	0.000000	1660178559.541062	0.000000
117.000000	-209.731720	-129.937214	-132.899215	-321.881969	0.000000	0.000000	0.000000	0.000000	0.000000	0.000000	0.000000	0.000000	1660178559.541062	0.000000
118.000000	-278.687995	-193.268680	-175.193743	-351.569295	0.000000	0.000000	0.000000	0.000000	0.000000	0.000000	0.000000	0.000000	1660178559.571080	0.000000
118.000000	-258.275621	-177.953790	-163.199884	-329.380469	0.000000	0.000000	0.000000	0.000000	0.000000	0.000000	0.000000	0.000000	1660178559.571080	0.000000
119.000000	-198.886010	-130.887149	-130.292505	-324.709334	0.000000	0.000000	0.000000	0.000000	0.000000	0.000000	0.000000	0.000000	1660178559.574514	0.000000
119.000000	-251.603639	-178.062247	-165.974890	-347.967772	0.000000	0.000000	0.000000	0.000000	0.000000	0.000000	0.000000	0.000000	1660178559.574514	0.000000
120.000000	-275.243547	-198.766333	-181.158884	-332.828657	0.000000	0.000000	0.000000	0.000000	0.000000	0.000000	0.000000	0.000000	1660178559.577719	0.000000
120.000000	-210.236606	-137.764825	-131.541631	-315.232427	0.000000	0.000000	0.000000	0.000000	0.000000	0.000000	0.000000	0.000000	1660178559.577719	0.000000
121.000000	-227.888934	-156.879453	-144.092735	-338.135575	0.000000	0.000000	0.000000	0.000000	0.000000	0.000000	0.000000	0.000000	1660178559.584042	0.000000
121.000000	-277.839038	-201.201008	-180.983109	-336.067410	0.000000	0.000000	0.000000	0.000000	0.000000	0.000000	0.000000	0.000000	1660178559.584042	0.000000
122.000000	-239.291889	-160.525856	-149.665186	-315.980407	0.000000	0.000000	0.000000	0.000000	0.000000	0.000000	0.000000	0.000000	1660178559.588188	0.000000
122.000000	-212.551604	-130.333644	-123.093197	-323.052558	0.000000	0.000000	0.000000	0.000000	0.000000	0.000000	0.000000	0.000000	1660178559.588188	0.000000
123.000000	-285.367456	-202.532412	-178.582093	-344.209172	0.000000	0.000000	0.000000	0.000000	0.000000	0.000000	0.000000	0.000000	1660178559.632068	0.000000
123.000000	-271.821539	-191.555806	-169.785848	-326.766279	0.000000	0.000000	0.000000	0.000000	0.000000	0.000000	0.000000	0.000000	1660178559.632068	0.000000
124.000000	-208.198361	-136.321223	-130.767472	-315.913089	0.000000	0.000000	0.000000	0.000000	0.000000	0.000000	0.000000	0.000000	1660178559.639058	0.000000
124.000000	-249.400838	-177.871512	-157.892966	-335.106256	0.000000	0.000000	0.000000	0.000000	0.000000	0.000000	0.000000	0.000000	1660178559.639058	0.000000
125.000000	-279.652889	-203.138276	-177.669557	-329.245832	0.000000	0.000000	0.000000	0.000000	0.000000	0.000000	0.000000	0.000000	1660178559.642577	0.000000
125.000000	-217.166641	-141.792697	-136.631635	-306.204309	0.000000	0.000000	0.000000	0.000000	0.000000	0.000000	0.000000	0.000000	1660178559.642577	0.000000
126.000000	-236.045656	-158.947618	-147.252951	-338.603062	0.000000	0.000000	0.000000	0.000000	0.000000	0.000000	0.000000	0.000000	1660178559.646372	0.000000
126.000000	-294.227279	-213.135029	-188.010381	-344.504624	0.000000	0.000000	0.000000	0.000000	0.000000	0.000000	0.000000	0.000000	1660178559.646372	0.000000
127.000000	-233.188372	-160.421139	-150.469265	-315.187549	0.000000	0.000000	0.000000	0.000000	0.000000	0.000000	0.000000	0.000000	1660178559.676196	0.000000
127.000000	-210.838730	-137.742385	-134.051104	-322.846864	0.000000	0.000000	0.000000	0.000000	0.000000	0.000000	0.000000	0.000000	1660178559.676196	0.000000
128.000000	-273.037006	-197.528426	-177.261908	-343.319076	0.000000	0.000000	0.000000	0.000000	0.000000	0.000000	0.000000	0.000000	1660178559.679588	0.000000
128.000000	-255.635252	-186.002054	-164.512589	-329.305671	0.000000	0.000000	0.000000	0.000000	0.000000	0.000000	0.000000	0.000000	1660178559.679588	0.000000
129.000000	-201.612397	-129.009719	-120.292012	-316.092604	0.000000	0.000000	0.000000	0.000000	0.000000	0.000000	0.000000	0.000000	1660178559.684020	0.000000
129.000000	-253.926117	-181.951743	-158.498830	-341.217252	0.000000	0.000000	0.000000	0.000000	0.000000	0.000000	0.000000	0.000000	1660178559.684020	0.000000
130.000000	-272.760254	-204.196668	-176.723363	-326.695221	0.000000	0.000000	0.000000	0.000000	0.000000	0.000000	0.000000	0.000000	1660178559.689060	0.000000
130.000000	-206.874436	-136.534398	-135.838776	-320.501946	0.000000	0.000000	0.000000	0.000000	0.000000	0.000000	0.000000	0.000000	1660178559.689060	0.000000
131.000000	-225.274744	-154.669173	-142.907187	-336.744332	0.000000	0.000000	0.000000	0.000000	0.000000	0.000000	0.000000	0.000000	1660178559.705951	0.000000
131.000000	-285.771365	-210.468480	-184.487395	-344.441046	0.000000	0.000000	0.000000	0.000000	0.000000	0.000000	0.000000	0.000000	1660178559.705951	0.000000
132.000000	-229.399853	-158.913959	-143.741185	-314.798599	0.000000	0.000000	0.000000	0.000000	0.000000	0.000000	0.000000	0.000000	1660178559.709182	0.000000
132.000000	-198.373643	-131.220000	-131.018045	-329.679661	0.000000	0.000000	0.000000	0.000000	0.000000	0.000000	0.000000	0.000000	1660178559.709182	0.000000
133.000000	-276.548772	-203.070958	-182.591266	-351.262624	0.000000	0.000000	0.000000	0.000000	0.000000	0.000000	0.000000	0.000000	1660178559.714412	0.000000
133.000000	-245.735736	-181.252381	-163.600054	-320.423409	0.000000	0.000000	0.000000	0.000000	0.000000	0.000000	0.000000	0.000000	1660178559.714412	0.000000
134.000000	-191.028480	-133.089950	-129.286472	-323.202154	0.000000	0.000000	0.000000	0.000000	0.000000	0.000000	0.000000	0.000000	1660178559.718544	0.000000
134.000000	-245.799315	-175.014228	-161.853520	-346.363355	0.000000	0.000000	0.000000	0.000000	0.000000	0.000000	0.000000	0.000000	1660178559.718544	0.000000
135.000000	-275.512820	-207.121269	-184.206902	-344.594382	0.000000	0.000000	0.000000	0.000000	0.000000	0.000000	0.000000	0.000000	1660178559.723040	0.000000
135.000000	-208.519992	-144.376968	-139.028911	-322.828164	0.000000	0.000000	0.000000	0.000000	0.000000	0.000000	0.000000	0.000000	1660178559.723040	0.000000
136.000000	-227.900154	-158.973797	-149.119161	-346.423193	0.000000	0.000000	0.000000	0.000000	0.000000	0.000000	0.000000	0.000000	1660178559.751085	0.000000
136.000000	-283.860277	-216.227926	-191.275313	-353.375667	0.000000	0.000000	0.000000	0.000000	0.000000	0.000000	0.000000	0.000000	1660178559.751085	0.000000
137.000000	-234.882547	-168.256229	-152.735644	-329.788118	0.000000	0.000000	0.000000	0.000000	0.000000	0.000000	0.000000	0.000000	1660178559.754300	0.000000
137.000000	-202.566071	-139.316883	-135.861216	-333.636475	0.000000	0.000000	0.000000	0.000000	0.000000	0.000000	0.000000	0.000000	1660178559.754300	0.000000
138.000000	-264.079946	-196.952481	-175.586433	-352.392073	0.000000	0.000000	0.000000	0.000000	0.000000	0.000000	0.000000	0.000000	1660178559.758047	0.000000
138.000000	-256.854459	-190.549773	-171.034975	-343.685586	0.000000	0.000000	0.000000	0.000000	0.000000	0.000000	0.000000	0.000000	1660178559.758047	0.000000
139.000000	-197.285333	-132.211073	-127.753113	-335.255852	0.000000	0.000000	0.000000	0.000000	0.000000	0.000000	0.000000	0.000000	1660178559.763078	0.000000
139.000000	-250.926718	-183.301847	-165.623339	-361.532389	0.000000	0.000000	0.000000	0.000000	0.000000	0.000000	0.000000	0.000000	1660178559.763078	0.000000
140.000000	-268.818399	-208.045025	-179.012181	-343.248018	0.000000	0.000000	0.000000	0.000000	0.000000	0.000000	0.000000	0.000000	1660178559.770092	0.000000
140.000000	-192.588018	-136.998145	-128.893782	-328.441754	0.000000	0.000000	0.000000	0.000000	0.000000	0.000000	0.000000	0.000000	1660178559.770092	0.000000
141.000000	-214.642208	-153.468665	-143.296137	-351.561816	0.000000	0.000000	0.000000	0.000000	0.000000	0.000000	0.000000	0.000000	1660178559.794391	0.000000
141.000000	-278.669295	-209.877576	-180.287487	-350.320169	0.000000	0.000000	0.000000	0.000000	0.000000	0.000000	0.000000	0.000000	1660178559.794391	0.000000
142.000000	-223.677806	-162.960531	-152.047503	-327.566617	0.000000	0.000000	0.000000	0.000000	0.000000	0.000000	0.000000	0.000000	1660178559.802182	0.000000
142.000000	-206.679961	-138.441747	-132.177414	-337.383855	0.000000	0.000000	0.000000	0.000000	0.000000	0.000000	0.000000	0.000000	1660178559.802182	0.000000
143.000000	-271.619584	-200.617583	-179.584386	-355.589688	0.000000	0.000000	0.000000	0.000000	0.000000	0.000000	0.000000	0.000000	1660178559.808071	0.000000
143.000000	-253.881239	-184.554713	-167.710204	-331.183101	0.000000	0.000000	0.000000	0.000000	0.000000	0.000000	0.000000	0.000000	1660178559.808071	0.000000
144.000000	-191.013520	-130.008272	-129.002239	-321.455621	0.000000	0.000000	0.000000	0.000000	0.000000	0.000000	0.000000	0.000000	1660178559.812509	0.000000
144.000000	-245.215890	-178.346479	-158.928919	-350.088295	0.000000	0.000000	0.000000	0.000000	0.000000	0.000000	0.000000	0.000000	1660178559.812509	0.000000
145.000000	-271.103478	-208.684548	-182.310773	-341.277091	0.000000	0.000000	0.000000	0.000000	0.000000	0.000000	0.000000	0.000000	1660178559.824066	0.000000
145.000000	-197.726641	-143.079223	-139.421600	-332.619222	0.000000	0.000000	0.000000	0.000000	0.000000	0.000000	0.000000	0.000000	1660178559.824066	0.000000
146.000000	-214.421554	-152.728164	-143.266218	-346.052943	0.000000	0.000000	0.000000	0.000000	0.000000	0.000000	0.000000	0.000000	1660178559.828056	0.000000
146.000000	-281.612597	-214.986279	-186.462062	-357.758830	0.000000	0.000000	0.000000	0.000000	0.000000	0.000000	0.000000	0.000000	1660178559.828056	0.000000
147.000000	-224.833436	-168.293628	-154.646733	-330.652035	0.000000	0.000000	0.000000	0.000000	0.000000	0.000000	0.000000	0.000000	1660178559.839185	0.000000
147.000000	-197.644363	-141.912374	-134.342816	-339.897068	0.000000	0.000000	0.000000	0.000000	0.000000	0.000000	0.000000	0.000000	1660178559.839185	0.000000
148.000000	-263.029034	-206.855736	-178.140785	-359.823255	0.000000	0.000000	0.000000	0.000000	0.000000	0.000000	0.000000	0.000000	1660178559.854439	0.000000
148.000000	-243.656352	-185.844979	-167.437191	-333.894528	0.000000	0.000000	0.000000	0.000000	0.000000	0.000000	0.000000	0.000000	1660178559.854439	0.000000
149.000000	-187.991681	-130.991866	-125.340877	-328.452974	0.000000	0.000000	0.000000	0.000000	0.000000	0.000000	0.000000	0.000000	1660178559.860560	0.000000
149.000000	-231.348341	-179.427310	-157.844348	-350.043416	0.000000	0.000000	0.000000	0.000000	0.000000	0.000000	0.000000	0.000000	1660178559.860560	0.000000
150.000000	-269.476621	-204.798792	-183.758114	-342.814190	0.000000	0.000000	0.000000	0.000000	0.000000	0.000000	0.000000	0.000000	1660178559.869102	0.000000
150.000000	-197.161916	-143.191420	-138.340769	-328.486633	0.000000	0.000000	0.000000	0.000000	0.000000	0.000000	0.000000	0.000000	1660178559.869102	0.000000
151.000000	-211.713867	-152.256937	-144.934213	-340.525371	0.000000	0.000000	0.000000	0.000000	0.000000	0.000000	0.000000	0.000000	1660178559.900918	0.000000
151.000000	-272.143170	-209.402608	-184.726748	-349.729265	0.000000	0.000000	0.000000	0.000000	0.000000	0.000000	0.000000	0.000000	1660178559.900918	0.000000
152.000000	-219.582616	-156.741077	-146.433913	-323.662162	0.000000	0.000000	0.000000	0.000000	0.000000	0.000000	0.000000	0.000000	1660178559.905415	0.000000
152.000000	-191.499707	-139.462739	-130.509419	-339.504378	0.000000	0.000000	0.000000	0.000000	0.000000	0.000000	0.000000	0.000000	1660178559.905415	0.000000
153.000000	-264.076206	-203.433728	-178.398838	-357.511996	0.000000	0.000000	0.000000	0.000000	0.000000	0.000000	0.000000	0.000000	1660178559.909419	0.000000
153.000000	-243.690011	-185.605625	-161.516929	-327.450681	0.000000	0.000000	0.000000	0.000000	0.000000	0.000000	0.000000	0.000000	1660178559.909419	0.000000
154.000000	-185.272774	-134.870142	-126.780739	-330.158368	0.000000	0.000000	0.000000	0.000000	0.000000	0.000000	0.000000	0.000000	1660178559.914488	0.000000
154.000000	-243.843347	-180.814813	-161.064401	-349.082262	0.000000	0.000000	0.000000	0.000000	0.000000	0.000000	0.000000	0.000000	1660178559.914488	0.000000
155.000000	-269.300846	-206.051658	-184.016167	-342.189626	0.000000	0.000000	0.000000	0.000000	0.000000	0.000000	0.000000	0.000000	1660178559.919147	0.000000
155.000000	-198.508280	-136.145448	-135.644301	-325.670488	0.000000	0.000000	0.000000	0.000000	0.000000	0.000000	0.000000	0.000000	1660178559.919147	0.000000
156.000000	-216.239145	-154.968365	-146.482532	-347.676059	0.000000	0.000000	0.000000	0.000000	0.000000	0.000000	0.000000	0.000000	1660178559.944928	0.000000
156.000000	-267.834805	-208.729426	-179.965856	-346.325956	0.000000	0.000000	0.000000	0.000000	0.000000	0.000000	0.000000	0.000000	1660178559.944928	0.000000
157.000000	-212.244932	-156.486764	-146.534890	-325.307718	0.000000	0.000000	0.000000	0.000000	0.000000	0.000000	0.000000	0.000000	1660178559.950164	0.000000
157.000000	-196.013767	-133.830450	-127.289365	-330.076090	0.000000	0.000000	0.000000	0.000000	0.000000	0.000000	0.000000	0.000000	1660178559.950164	0.000000
158.000000	-256.521608	-193.597791	-173.271435	-350.851235	0.000000	0.000000	0.000000	0.000000	0.000000	0.000000	0.000000	0.000000	1660178559.954418	0.000000
158.000000	-252.856506	-188.032820	-172.261662	-342.761831	0.000000	0.000000	0.000000	0.000000	0.000000	0.000000	0.000000	0.000000	1660178559.954418	0.000000
159.000000	-191.914836	-132.951573	-126.829357	-331.134482	0.000000	0.000000	0.000000	0.000000	0.000000	0.000000	0.000000	0.000000	1660178559.960439	0.000000
159.000000	-244.658645	-183.144771	-162.956791	-357.123047	0.000000	0.000000	0.000000	0.000000	0.000000	0.000000	0.000000	0.000000	1660178559.960439	0.000000
160.000000	-262.714882	-204.589357	-180.758715	-339.889588	0.000000	0.000000	0.000000	0.000000	0.000000	0.000000	0.000000	0.000000	1660178559.990539	0.000000
160.000000	-199.716267	-139.986325	-133.015152	-321.620176	0.000000	0.000000	0.000000	0.000000	0.000000	0.000000	0.000000	0.000000	1660178559.990539	0.000000
161.000000	-218.311050	-154.149326	-145.106248	-348.846648	0.000000	0.000000	0.000000	0.000000	0.000000	0.000000	0.000000	0.000000	1660178559.995076	0.000000
161.000000	-277.098537	-213.553897	-190.781646	-352.096621	0.000000	0.000000	0.000000	0.000000	0.000000	0.000000	0.000000	0.000000	1660178559.995076	0.000000
162.000000	-213.034051	-155.293736	-144.399407	-320.543085	0.000000	0.000000	0.000000	0.000000	0.000000	0.000000	0.000000	0.000000	1660178560.000265	0.000000
162.000000	-191.978414	-135.356329	-135.210473	-341.292050	0.000000	0.000000	0.000000	0.000000	0.000000	0.000000	0.000000	0.000000	1660178560.000265	0.000000
163.000000	-254.034574	-196.574752	-175.021708	-353.839415	0.000000	0.000000	0.000000	0.000000	0.000000	0.000000	0.000000	0.000000	1660178560.006276	0.000000
163.000000	-235.495890	-177.269388	-160.267803	-332.125555	0.000000	0.000000	0.000000	0.000000	0.000000	0.000000	0.000000	0.000000	1660178560.006276	0.000000
164.000000	-176.248395	-125.101523	-127.124809	-323.658422	0.000000	0.000000	0.000000	0.000000	0.000000	0.000000	0.000000	0.000000	1660178560.011536	0.000000
164.000000	-236.546802	-175.661231	-162.033036	-360.249603	0.000000	0.000000	0.000000	0.000000	0.000000	0.000000	0.000000	0.000000	1660178560.011536	0.000000
165.000000	-270.516314	-204.615536	-184.745448	-352.104101	0.000000	0.000000	0.000000	0.000000	0.000000	0.000000	0.000000	0.000000	1660178560.035058	0.000000
165.000000	-202.135983	-144.530304	-134.376475	-336.587256	0.000000	0.000000	0.000000	0.000000	0.000000	0.000000	0.000000	0.000000	1660178560.035058	0.000000
166.000000	-214.466433	-157.492797	-145.700892	-344.325109	0.000000	0.000000	0.000000	0.000000	0.000000	0.000000	0.000000	0.000000	1660178560.038895	0.000000
166.000000	-260.893551	-207.988926	-180.818553	-342.851589	0.000000	0.000000	0.000000	0.000000	0.000000	0.000000	0.000000	0.000000	1660178560.038895	0.000000
167.000000	-209.185694	-158.700785	-144.197453	-320.774959	0.000000	0.000000	0.000000	0.000000	0.000000	0.000000	0.000000	0.000000	1660178560.043235	0.000000
167.000000	-190.639530	-139.058830	-130.913328	-340.248618	0.000000	0.000000	0.000000	0.000000	0.000000	0.000000	0.000000	0.000000	1660178560.043235	0.000000
168.000000	-259.513528	-197.999653	-180.702616	-359.183732	0.000000	0.000000	0.000000	0.000000	0.000000	0.000000	0.000000	0.000000	1660178560.049170	0.000000
168.000000	-241.034682	-180.272528	-166.756529	-340.962939	0.000000	0.000000	0.000000	0.000000	0.000000	0.000000	0.000000	0.000000	1660178560.049170	0.000000
169.000000	-185.018461	-133.658415	-131.676268	-333.700053	0.000000	0.000000	0.000000	0.000000	0.000000	0.000000	0.000000	0.000000	1660178560.081046	0.000000
169.000000	-244.651165	-182.325733	-168.671358	-359.987810	0.000000	0.000000	0.000000	0.000000	0.000000	0.000000	0.000000	0.000000	1660178560.081046	0.000000
170.000000	-263.758314	-205.546772	-182.681023	-347.773297	0.000000	0.000000	0.000000	0.000000	0.000000	0.000000	0.000000	0.000000	1660178560.085609	0.000000
170.000000	-194.001700	-134.608349	-136.246425	-329.511365	0.000000	0.000000	0.000000	0.000000	0.000000	0.000000	0.000000	0.000000	1660178560.085609	0.000000
171.000000	-213.157468	-152.230758	-142.398561	-344.508364	0.000000	0.000000	0.000000	0.000000	0.000000	0.000000	0.000000	0.000000	1660178560.091037	0.000000
171.000000	-273.354898	-213.538938	-185.067079	-350.080815	0.000000	0.000000	0.000000	0.000000	0.000000	0.000000	0.000000	0.000000	1660178560.091037	0.000000
172.000000	-214.324317	-157.515236	-147.166933	-322.147502	0.000000	0.000000	0.000000	0.000000	0.000000	0.000000	0.000000	0.000000	1660178560.097151	0.000000
172.000000	-191.701662	-136.119269	-134.051104	-336.033751	0.000000	0.000000	0.000000	0.000000	0.000000	0.000000	0.000000	0.000000	1660178560.097151	0.000000
173.000000	-252.688210	-199.779846	-173.421031	-348.992504	0.000000	0.000000	0.000000	0.000000	0.000000	0.000000	0.000000	0.000000	1660178560.100706	0.000000
173.000000	-239.991250	-184.147064	-163.035329	-329.739499	0.000000	0.000000	0.000000	0.000000	0.000000	0.000000	0.000000	0.000000	1660178560.100706	0.000000
174.000000	-195.912789	-132.820677	-132.151235	-332.215313	0.000000	0.000000	0.000000	0.000000	0.000000	0.000000	0.000000	0.000000	1660178560.126126	0.000000
174.000000	-248.233990	-181.282301	-164.370473	-357.549395	0.000000	0.000000	0.000000	0.000000	0.000000	0.000000	0.000000	0.000000	1660178560.126126	0.000000
175.000000	-271.814059	-202.468834	-178.488595	-343.644447	0.000000	0.000000	0.000000	0.000000	0.000000	0.000000	0.000000	0.000000	1660178560.132040	0.000000
175.000000	-203.033559	-132.035298	-131.642608	-319.032166	0.000000	0.000000	0.000000	0.000000	0.000000	0.000000	0.000000	0.000000	1660178560.132040	0.000000
176.000000	-223.831142	-151.015290	-146.280577	-344.272751	0.000000	0.000000	0.000000	0.000000	0.000000	0.000000	0.000000	0.000000	1660178560.137189	0.000000
176.000000	-277.969934	-210.748972	-185.672943	-348.988764	0.000000	0.000000	0.000000	0.000000	0.000000	0.000000	0.000000	0.000000	1660178560.137189	0.000000
177.000000	-226.026464	-158.154759	-147.410027	-326.597983	0.000000	0.000000	0.000000	0.000000	0.000000	0.000000	0.000000	0.000000	1660178560.142143	0.000000
177.000000	-203.848857	-138.595083	-135.995852	-339.261285	0.000000	0.000000	0.000000	0.000000	0.000000	0.000000	0.000000	0.000000	1660178560.142143	0.000000
178.000000	-270.295659	-205.438314	-180.582939	-358.413312	0.000000	0.000000	0.000000	0.000000	0.000000	0.000000	0.000000	0.000000	1660178560.186450	0.000000
178.000000	-244.961577	-185.141877	-162.777276	-334.070303	0.000000	0.000000	0.000000	0.000000	0.000000	0.000000	0.000000	0.000000	1660178560.186450	0.000000
179.000000	-181.701169	-124.832251	-120.621123	-324.469980	0.000000	0.000000	0.000000	0.000000	0.000000	0.000000	0.000000	0.000000	1660178560.190522	0.000000
179.000000	-238.472851	-177.733136	-158.289396	-345.985625	0.000000	0.000000	0.000000	0.000000	0.000000	0.000000	0.000000	0.000000	1660178560.190522	0.000000
180.000000	-266.353805	-208.284378	-177.478822	-348.035090	0.000000	0.000000	0.000000	0.000000	0.000000	0.000000	0.000000	0.000000	1660178560.195670	0.000000
180.000000	-196.716868	-140.760485	-134.866402	-320.389749	0.000000	0.000000	0.000000	0.000000	0.000000	0.000000	0.000000	0.000000	1660178560.195670	0.000000
181.000000	-216.882408	-161.176598	-148.012151	-358.222577	0.000000	0.000000	0.000000	0.000000	0.000000	0.000000	0.000000	0.000000	1660178560.199058	0.000000
181.000000	-281.736013	-223.251458	-194.072758	-361.360353	0.000000	0.000000	0.000000	0.000000	0.000000	0.000000	0.000000	0.000000	1660178560.199058	0.000000
182.000000	-227.054936	-170.642285	-156.000577	-335.095036	0.000000	0.000000	0.000000	0.000000	0.000000	0.000000	0.000000	0.000000	1660178560.231176	0.000000
182.000000	-199.360977	-136.601716	-131.818384	-337.585809	0.000000	0.000000	0.000000	0.000000	0.000000	0.000000	0.000000	0.000000	1660178560.231176	0.000000
183.000000	-255.560454	-193.616491	-168.929411	-348.237044	0.000000	0.000000	0.000000	0.000000	0.000000	0.000000	0.000000	0.000000	1660178560.237080	0.000000
183.000000	-238.899199	-181.379538	-162.205071	-326.796198	0.000000	0.000000	0.000000	0.000000	0.000000	0.000000	0.000000	0.000000	1660178560.237080	0.000000
184.000000	-195.108711	-129.679161	-128.119623	-322.375636	0.000000	0.000000	0.000000	0.000000	0.000000	0.000000	0.000000	0.000000	1660178560.240918	0.000000
184.000000	-238.869280	-178.447456	-164.523809	-347.380607	0.000000	0.000000	0.000000	0.000000	0.000000	0.000000	0.000000	0.000000	1660178560.240918	0.000000
185.000000	-260.168010	-204.237807	-177.617199	-336.441400	0.000000	0.000000	0.000000	0.000000	0.000000	0.000000	0.000000	0.000000	1660178560.245718	0.000000
185.000000	-192.232728	-136.396021	-131.077884	-318.882570	0.000000	0.000000	0.000000	0.000000	0.000000	0.000000	0.000000	0.000000	1660178560.245718	0.000000
186.000000	-213.318284	-157.025309	-147.544663	-339.897068	0.000000	0.000000	0.000000	0.000000	0.000000	0.000000	0.000000	0.000000	1660178560.260933	0.000000
186.000000	-272.479761	-211.437114	-189.487641	-346.206279	0.000000	0.000000	0.000000	0.000000	0.000000	0.000000	0.000000	0.000000	1660178560.260933	0.000000
187.000000	-223.629188	-163.917945	-147.058476	-325.610650	0.000000	0.000000	0.000000	0.000000	0.000000	0.000000	0.000000	0.000000	1660178560.267166	0.000000
187.000000	-197.726641	-140.760485	-132.555144	-334.620069	0.000000	0.000000	0.000000	0.000000	0.000000	0.000000	0.000000	0.000000	1660178560.267166	0.000000
188.000000	-266.944709	-206.676221	-180.773674	-360.272043	0.000000	0.000000	0.000000	0.000000	0.000000	0.000000	0.000000	0.000000	1660178560.273067	0.000000
188.000000	-252.740569	-191.237914	-173.895998	-338.180453	0.000000	0.000000	0.000000	0.000000	0.000000	0.000000	0.000000	0.000000	1660178560.273067	0.000000
189.000000	-194.532766	-131.593990	-131.941800	-332.417268	0.000000	0.000000	0.000000	0.000000	0.000000	0.000000	0.000000	0.000000	1660178560.278053	0.000000
189.000000	-256.835760	-191.899877	-174.154051	-359.901792	0.000000	0.000000	0.000000	0.000000	0.000000	0.000000	0.000000	0.000000	1660178560.278053	0.000000
190.000000	-284.215567	-210.584417	-189.498861	-352.167679	0.000000	0.000000	0.000000	0.000000	0.000000	0.000000	0.000000	0.000000	1660178560.282752	0.000000
190.000000	-215.752958	-144.795837	-142.320023	-328.284678	0.000000	0.000000	0.000000	0.000000	0.000000	0.000000	0.000000	0.000000	1660178560.282752	0.000000
191.000000	-230.914513	-161.412212	-149.186479	-341.594982	0.000000	0.000000	0.000000	0.000000	0.000000	0.000000	0.000000	0.000000	1660178560.287870	0.000000
191.000000	-283.927595	-212.155175	-186.338645	-350.305209	0.000000	0.000000	0.000000	0.000000	0.000000	0.000000	0.000000	0.000000	1660178560.287870	0.000000
192.000000	-234.119607	-162.807195	-153.094675	-327.013112	0.000000	0.000000	0.000000	0.000000	0.000000	0.000000	0.000000	0.000000	1660178560.305195	0.000000
192.000000	-205.890842	-141.616922	-134.122162	-334.107702	0.000000	0.000000	0.000000	0.000000	0.000000	0.000000	0.000000	0.000000	1660178560.305195	0.000000
193.000000	-276.825525	-206.896875	-181.645071	-348.569896	0.000000	0.000000	0.000000	0.000000	0.000000	0.000000	0.000000	0.000000	1660178560.310441	0.000000
193.000000	-262.071619	-188.410550	-165.458784	-335.020238	0.000000	0.000000	0.000000	0.000000	0.000000	0.000000	0.000000	0.000000	1660178560.310441	0.000000
194.000000	-213.168688	-137.274898	-134.473713	-328.280938	0.000000	0.000000	0.000000	0.000000	0.000000	0.000000	0.000000	0.000000	1660178560.316059	0.000000
194.000000	-265.078499	-184.311620	-164.965117	-349.654467	0.000000	0.000000	0.000000	0.000000	0.000000	0.000000	0.000000	0.000000	1660178560.316059	0.000000
195.000000	-288.819384	-214.178461	-183.750635	-343.846402	0.000000	0.000000	0.000000	0.000000	0.000000	0.000000	0.000000	0.000000	1660178560.320527	0.000000
195.000000	-214.776845	-144.343309	-134.814044	-316.324478	0.000000	0.000000	0.000000	0.000000	0.000000	0.000000	0.000000	0.000000	1660178560.320527	0.000000
196.000000	-238.869280	-165.746756	-156.045456	-341.482785	0.000000	0.000000	0.000000	0.000000	0.000000	0.000000	0.000000	0.000000	1660178560.350177	0.000000
196.000000	-288.217260	-211.302478	-189.050073	-341.692220	0.000000	0.000000	0.000000	0.000000	0.000000	0.000000	0.000000	0.000000	1660178560.350177	0.000000
197.000000	-232.541369	-158.296875	-146.183340	-328.146302	0.000000	0.000000	0.000000	0.000000	0.000000	0.000000	0.000000	0.000000	1660178560.355391	0.000000
197.000000	-217.925840	-144.118915	-139.013951	-338.917214	0.000000	0.000000	0.000000	0.000000	0.000000	0.000000	0.000000	0.000000	1660178560.355391	0.000000
198.000000	-279.320038	-204.858630	-184.416337	-355.092281	0.000000	0.000000	0.000000	0.000000	0.000000	0.000000	0.000000	0.000000	1660178560.359253	0.000000
198.000000	-262.180077	-187.168903	-169.434298	-327.345963	0.000000	0.000000	0.000000	0.000000	0.000000	0.000000	0.000000	0.000000	1660178560.359253	0.000000
199.000000	-203.871296	-133.579877	-128.964840	-321.317245	0.000000	0.000000	0.000000	0.000000	0.000000	0.000000	0.000000	0.000000	1660178560.363508	0.000000
199.000000	-255.451997	-181.974182	-164.175998	-343.236798	0.000000	0.000000	0.000000	0.000000	0.000000	0.000000	0.000000	0.000000	1660178560.363508	0.000000
200.000000	-282.876683	-208.617229	-182.235975	-338.722739	0.000000	0.000000	0.000000	0.000000	0.000000	0.000000	0.000000	0.000000	1660178560.367400	0.000000
200.000000	-218.958053	-142.660354	-134.148341	-317.240754	0.000000	0.000000	0.000000	0.000000	0.000000	0.000000	0.000000	0.000000	1660178560.367400	0.000000
0.000000	-229.841162	-162.231250	-150.588942	-343.403224	0.000000	0.000000	0.000000	0.000000	0.000000	0.000000	0.000000	0.000000	1660178560.379190	0.000000
101.000000	-291.197960	-215.023678	-190.703109	-347.348818	0.000000	0.000000	0.000000	0.000000	0.000000	0.000000	0.000000	0.000000	1660178560.384046	0.000000
101.000000	-229.904740	-165.608380	-148.786310	-319.905432	0.000000	0.000000	0.000000	0.000000	0.000000	0.000000	0.000000	0.000000	1660178560.384046	0.000000
102.000000	-215.248072	-144.795837	-134.286718	-334.206810	0.000000	0.000000	0.000000	0.000000	0.000000	0.000000	0.000000	0.000000	1660178560.393562	0.000000
102.000000	-280.838437	-209.533505	-180.066833	-349.847071	0.000000	0.000000	0.000000	0.000000	0.000000	0.000000	0.000000	0.000000	1660178560.393562	0.000000
103.000000	-264.970042	-186.260107	-167.725163	-328.668018	0.000000	0.000000	0.000000	0.000000	0.000000	0.000000	0.000000	0.000000	1660178560.410060	0.000000
103.000000	-197.734121	-134.271758	-122.449934	-321.790342	0.000000	0.000000	0.000000	0.000000	0.000000	0.000000	0.000000	0.000000	1660178560.410060	0.000000
104.000000	-255.096706	-182.531427	-160.226664	-346.290427	0.000000	0.000000	0.000000	0.000000	0.000000	0.000000	0.000000	0.000000	1660178560.415766	0.000000
104.000000	-274.450688	-204.578137	-179.898538	-334.995929	0.000000	0.000000	0.000000	0.000000	0.000000	0.000000	0.000000	0.000000	1660178560.415766	0.000000
105.000000	-210.161808	-136.474559	-126.578784	-314.860307	0.000000	0.000000	0.000000	0.000000	0.000000	0.000000	0.000000	0.000000	1660178560.457071	0.000000
105.000000	-230.450765	-159.650719	-147.507264	-342.872158	0.000000	0.000000	0.000000	0.000000	0.000000	0.000000	0.000000	0.000000	1660178560.457071	0.000000
106.000000	-286.223893	-215.891335	-189.203409	-343.186310	0.000000	0.000000	0.000000	0.000000	0.000000	0.000000	0.000000	0.000000	1660178560.462173	0.000000
106.000000	-228.610735	-159.560962	-149.466972	-322.844994	0.000000	0.000000	0.000000	0.000000	0.000000	0.000000	0.000000	0.000000	1660178560.462173	0.000000
107.000000	-207.562578	-139.788111	-131.264879	-325.324547	0.000000	0.000000	0.000000	0.000000	0.000000	0.000000	0.000000	0.000000	1660178560.467265	0.000000
107.000000	-278.961008	-203.347710	-182.209796	-340.134551	0.000000	0.000000	0.000000	0.000000	0.000000	0.000000	0.000000	0.000000	1660178560.467265	0.000000
108.000000	-253.769042	-177.878992	-161.838561	-319.393066	0.000000	0.000000	0.000000	0.000000	0.000000	0.000000	0.000000	0.000000	1660178560.471556	0.000000
108.000000	-193.609011	-125.651289	-119.562732	-314.736891	0.000000	0.000000	0.000000	0.000000	0.000000	0.000000	0.000000	0.000000	1660178560.471556	0.000000
109.000000	-246.928765	-177.336706	-159.220631	-339.218276	0.000000	0.000000	0.000000	0.000000	0.000000	0.000000	0.000000	0.000000	1660178560.475499	0.000000
109.000000	-271.559746	-197.345171	-172.164425	-325.029095	0.000000	0.000000	0.000000	0.000000	0.000000	0.000000	0.000000	0.000000	1660178560.475499	0.000000
110.000000	-201.249626	-133.531258	-126.133736	-308.251904	0.000000	0.000000	0.000000	0.000000	0.000000	0.000000	0.000000	0.000000	1660178560.480659	0.000000
110.000000	-218.284871	-156.423186	-140.319176	-331.241069	0.000000	0.000000	0.000000	0.000000	0.000000	0.000000	0.000000	0.000000	1660178560.480659	0.000000
111.000000	-269.764594	-206.100277	-175.534074	-333.241916	0.000000	0.000000	0.000000	0.000000	0.000000	0.000000	0.000000	0.000000	1660178560.500253	0.000000
111.000000	-215.790357	-159.385186	-142.574336	-316.060815	0.000000	0.000000	0.000000	0.000000	0.000000	0.000000	0.000000	0.000000	1660178560.500253	0.000000
112.000000	-194.663663	-133.168488	-125.647549	-324.793482	0.000000	0.000000	0.000000	0.000000	0.000000	0.000000	0.000000	0.000000	1660178560.504659	0.000000
112.000000	-257.213489	-197.412489	-173.664124	-346.256767	0.000000	0.000000	0.000000	0.000000	0.000000	0.000000	0.000000	0.000000	1660178560.504659	0.000000
113.000000	-241.977137	-180.777414	-158.326795	-327.628326	0.000000	0.000000	0.000000	0.000000	0.000000	0.000000	0.000000	0.000000	1660178560.509057	0.000000
113.000000	-190.239361	-132.327010	-124.170288	-326.364240	0.000000	0.000000	0.000000	0.000000	0.000000	0.000000	0.000000	0.000000	1660178560.509057	0.000000
114.000000	-242.238930	-177.650858	-163.308341	-347.618091	0.000000	0.000000	0.000000	0.000000	0.000000	0.000000	0.000000	0.000000	1660178560.513397	0.000000
114.000000	-262.871958	-201.451581	-175.496675	-338.376798	0.000000	0.000000	0.000000	0.000000	0.000000	0.000000	0.000000	0.000000	1660178560.513397	0.000000
115.000000	-184.595852	-131.186341	-124.716314	-317.085548	0.000000	0.000000	0.000000	0.000000	0.000000	0.000000	0.000000	0.000000	1660178560.546444	0.000000
115.000000	-216.298984	-148.258984	-139.339323	-342.049380	0.000000	0.000000	0.000000	0.000000	0.000000	0.000000	0.000000	0.000000	1660178560.546444	0.000000
116.000000	-271.578445	-209.036098	-180.657737	-341.308880	0.000000	0.000000	0.000000	0.000000	0.000000	0.000000	0.000000	0.000000	1660178560.553161	0.000000
116.000000	-210.113189	-153.038576	-138.733459	-315.219338	0.000000	0.000000	0.000000	0.000000	0.000000	0.000000	0.000000	0.000000	1660178560.553161	0.000000
117.000000	-187.094105	-131.059184	-120.811858	-327.123439	0.000000	0.000000	0.000000	0.000000	0.000000	0.000000	0.000000	0.000000	1660178560.556574	0.000000
117.000000	-256.704863	-191.118237	-170.324394	-341.185463	0.000000	0.000000	0.000000	0.000000	0.000000	0.000000	0.000000	0.000000	1660178560.556574	0.000000
118.000000	-236.995590	-174.625279	-159.927472	-320.451458	0.000000	0.000000	0.000000	0.000000	0.000000	0.000000	0.000000	0.000000	1660178560.562039	0.000000
118.000000	-174.700077	-115.430142	-114.869157	-312.343355	0.000000	0.000000	0.000000	0.000000	0.000000	0.000000	0.000000	0.000000	1660178560.562039	0.000000
119.000000	-237.773489	-171.472543	-157.103847	-343.406964	0.000000	0.000000	0.000000	0.000000	0.000000	0.000000	0.000000	0.000000	1660178560.566661	0.000000
119.000000	-262.827079	-197.023540	-173.989496	-332.953943	0.000000	0.000000	0.000000	0.000000	0.000000	0.000000	0.000000	0.000000	1660178560.566661	0.000000
120.000000	-197.719161	-134.324117	-130.718853	-321.199438	0.000000	0.000000	0.000000	0.000000	0.000000	0.000000	0.000000	0.000000	1660178560.590071	0.000000
120.000000	-220.061323	-159.385186	-148.842408	-346.982308	0.000000	0.000000	0.000000	0.000000	0.000000	0.000000	0.000000	0.000000	1660178560.590071	0.000000
121.000000	-269.308326	-213.995206	-185.998314	-344.117545	0.000000	0.000000	0.000000	0.000000	0.000000	0.000000	0.000000	0.000000	1660178560.594207	0.000000
121.000000	-212.480546	-154.560715	-154.156806	-323.349880	0.000000	0.000000	0.000000	0.000000	0.000000	0.000000	0.000000	0.000000	1660178560.594207	0.000000
122.000000	-197.827618	-139.301924	-137.387095	-330.485609	0.000000	0.000000	0.000000	0.000000	0.000000	0.000000	0.000000	0.000000	1660178560.601143	0.000000
122.000000	-263.649857	-205.516852	-182.325733	-351.731981	0.000000	0.000000	0.000000	0.000000	0.000000	0.000000	0.000000	0.000000	1660178560.601143	0.000000
123.000000	-239.901493	-184.954882	-165.548541	-327.860200	0.000000	0.000000	0.000000	0.000000	0.000000	0.000000	0.000000	0.000000	1660178560.605051	0.000000
123.000000	-182.868018	-125.262339	-127.237006	-322.874913	0.000000	0.000000	0.000000	0.000000	0.000000	0.000000	0.000000	0.000000	1660178560.605051	0.000000
124.000000	-234.403840	-182.553867	-164.591127	-346.533520	0.000000	0.000000	0.000000	0.000000	0.000000	0.000000	0.000000	0.000000	1660178560.635434	0.000000
124.000000	-253.110819	-194.177476	-175.590173	-327.587187	0.000000	0.000000	0.000000	0.000000	0.000000	0.000000	0.000000	0.000000	1660178560.635434	0.000000
125.000000	-190.893843	-130.165348	-130.528118	-316.341308	0.000000	0.000000	0.000000	0.000000	0.000000	0.000000	0.000000	0.000000	1660178560.639426	0.000000
125.000000	-206.960454	-149.137860	-141.190573	-339.027541	0.000000	0.000000	0.000000	0.000000	0.000000	0.000000	0.000000	0.000000	1660178560.639426	0.000000
126.000000	-273.885963	-208.837883	-185.598145	-351.586125	0.000000	0.000000	0.000000	0.000000	0.000000	0.000000	0.000000	0.000000	1660178560.645176	0.000000
126.000000	-214.227079	-153.969811	-142.892228	-315.963578	0.000000	0.000000	0.000000	0.000000	0.000000	0.000000	0.000000	0.000000	1660178560.645176	0.000000
127.000000	-194.147556	-136.919607	-131.092843	-326.050088	0.000000	0.000000	0.000000	0.000000	0.000000	0.000000	0.000000	0.000000	1660178560.650166	0.000000
127.000000	-258.241962	-202.476314	-176.626125	-341.062046	0.000000	0.000000	0.000000	0.000000	0.000000	0.000000	0.000000	0.000000	1660178560.650166	0.000000
128.000000	-233.495044	-177.059954	-162.208811	-319.658599	0.000000	0.000000	0.000000	0.000000	0.000000	0.000000	0.000000	0.000000	1660178560.654523	0.000000
128.000000	-176.947757	-123.160515	-121.810412	-316.793836	0.000000	0.000000	0.000000	0.000000	0.000000	0.000000	0.000000	0.000000	1660178560.654523	0.000000
129.000000	-230.723778	-175.706110	-157.346941	-339.259415	0.000000	0.000000	0.000000	0.000000	0.000000	0.000000	0.000000	0.000000	1660178560.681174	0.000000
129.000000	-254.917191	-203.156975	-181.035467	-336.102939	0.000000	0.000000	0.000000	0.000000	0.000000	0.000000	0.000000	0.000000	1660178560.681174	0.000000
130.000000	-188.993974	-134.455013	-134.888842	-321.756683	0.000000	0.000000	0.000000	0.000000	0.000000	0.000000	0.000000	0.000000	1660178560.685854	0.000000
130.000000	-207.715913	-156.527903	-149.149080	-347.737768	0.000000	0.000000	0.000000	0.000000	0.000000	0.000000	0.000000	0.000000	1660178560.685854	0.000000
131.000000	-274.319792	-215.378968	-184.977322	-352.016213	0.000000	0.000000	0.000000	0.000000	0.000000	0.000000	0.000000	0.000000	1660178560.691149	0.000000
131.000000	-216.011012	-153.633220	-140.019984	-320.013889	0.000000	0.000000	0.000000	0.000000	0.000000	0.000000	0.000000	0.000000	1660178560.691149	0.000000
132.000000	-189.326825	-132.671081	-122.210581	-325.788295	0.000000	0.000000	0.000000	0.000000	0.000000	0.000000	0.000000	0.000000	1660178560.695112	0.000000
132.000000	-261.764948	-198.123070	-171.304248	-345.875298	0.000000	0.000000	0.000000	0.000000	0.000000	0.000000	0.000000	0.000000	1660178560.695112	0.000000
133.000000	-244.426771	-180.272528	-159.609580	-325.294628	0.000000	0.000000	0.000000	0.000000	0.000000	0.000000	0.000000	0.000000	1660178560.726570	0.000000
133.000000	-186.361085	-123.721500	-119.315898	-324.344694	0.000000	0.000000	0.000000	0.000000	0.000000	0.000000	0.000000	0.000000	1660178560.726570	0.000000
134.000000	-240.312882	-177.639638	-162.672558	-348.295013	0.000000	0.000000	0.000000	0.000000	0.000000	0.000000	0.000000	0.000000	1660178560.731043	0.000000
134.000000	-257.946510	-199.809765	-173.488349	-339.117298	0.000000	0.000000	0.000000	0.000000	0.000000	0.000000	0.000000	0.000000	1660178560.731043	0.000000
135.000000	-196.290519	-132.921654	-128.923701	-318.761023	0.000000	0.000000	0.000000	0.000000	0.000000	0.000000	0.000000	0.000000	1660178560.735038	0.000000
135.000000	-207.648595	-152.960038	-139.320623	-336.607826	0.000000	0.000000	0.000000	0.000000	0.000000	0.000000	0.000000	0.000000	1660178560.735038	0.000000
136.000000	-272.404963	-211.878422	-182.628665	-343.893151	0.000000	0.000000	0.000000	0.000000	0.000000	0.000000	0.000000	0.000000	1660178560.740176	0.000000
136.000000	-216.377522	-158.734444	-144.526564	-321.408872	0.000000	0.000000	0.000000	0.000000	0.000000	0.000000	0.000000	0.000000	1660178560.740176	0.000000
137.000000	-187.868264	-134.387695	-128.688088	-325.287148	0.000000	0.000000	0.000000	0.000000	0.000000	0.000000	0.000000	0.000000	1660178560.745203	0.000000
137.000000	-247.994636	-198.156729	-173.608026	-347.094505	0.000000	0.000000	0.000000	0.000000	0.000000	0.000000	0.000000	0.000000	1660178560.745203	0.000000
138.000000	-237.302262	-182.183616	-164.194698	-329.924624	0.000000	0.000000	0.000000	0.000000	0.000000	0.000000	0.000000	0.000000	1660178560.769507	0.000000
138.000000	-177.546141	-122.726687	-126.358130	-322.343847	0.000000	0.000000	0.000000	0.000000	0.000000	0.000000	0.000000	0.000000	1660178560.769507	0.000000
139.000000	-232.159900	-184.285440	-164.763162	-347.378737	0.000000	0.000000	0.000000	0.000000	0.000000	0.000000	0.000000	0.000000	1660178560.787088	0.000000
139.000000	-257.673497	-199.331058	-175.290981	-333.784201	0.000000	0.000000	0.000000	0.000000	0.000000	0.000000	0.000000	0.000000	1660178560.787088	0.000000
140.000000	-192.760054	-133.194667	-130.094290	-313.734597	0.000000	0.000000	0.000000	0.000000	0.000000	0.000000	0.000000	0.000000	1660178560.794080	0.000000
140.000000	-213.381862	-157.810688	-146.538630	-342.569226	0.000000	0.000000	0.000000	0.000000	0.000000	0.000000	0.000000	0.000000	1660178560.794080	0.000000
141.000000	-262.314713	-199.215121	-176.584986	-344.199822	0.000000	0.000000	0.000000	0.000000	0.000000	0.000000	0.000000	0.000000	1660178560.799177	0.000000
141.000000	-214.982539	-158.027603	-143.864602	-321.001223	0.000000	0.000000	0.000000	0.000000	0.000000	0.000000	0.000000	0.000000	1660178560.799177	0.000000
142.000000	-185.744001	-132.678561	-127.857830	-329.105586	0.000000	0.000000	0.000000	0.000000	0.000000	0.000000	0.000000	0.000000	1660178560.803041	0.000000
142.000000	-255.354759	-193.006887	-169.505356	-345.037560	0.000000	0.000000	0.000000	0.000000	0.000000	0.000000	0.000000	0.000000	1660178560.803041	0.000000
143.000000	-230.993051	-175.197483	-159.777876	-322.867433	0.000000	0.000000	0.000000	0.000000	0.000000	0.000000	0.000000	0.000000	1660178560.814534	0.000000
143.000000	-173.477129	-121.372843	-124.529319	-328.170611	0.000000	0.000000	0.000000	0.000000	0.000000	0.000000	0.000000	0.000000	1660178560.814534	0.000000
144.000000	-228.995944	-173.944617	-165.881393	-351.309372	0.000000	0.000000	0.000000	0.000000	0.000000	0.000000	0.000000	0.000000	1660178560.818384	0.000000
144.000000	-246.644532	-200.456768	-173.252735	-343.223709	0.000000	0.000000	0.000000	0.000000	0.000000	0.000000	0.000000	0.000000	1660178560.818384	0.000000
145.000000	-176.846779	-132.910435	-129.009719	-322.508403	0.000000	0.000000	0.000000	0.000000	0.000000	0.000000	0.000000	0.000000	1660178560.828891	0.000000
145.000000	-200.202454	-155.970658	-145.760731	-349.876991	0.000000	0.000000	0.000000	0.000000	0.000000	0.000000	0.000000	0.000000	1660178560.828891	0.000000
146.000000	-261.753728	-210.244086	-185.085779	-351.028880	0.000000	0.000000	0.000000	0.000000	0.000000	0.000000	0.000000	0.000000	1660178560.833131	0.000000
146.000000	-206.137676	-150.906833	-143.905740	-322.403686	0.000000	0.000000	0.000000	0.000000	0.000000	0.000000	0.000000	0.000000	1660178560.833131	0.000000
147.000000	-184.895044	-126.836837	-128.074744	-338.058907	0.000000	0.000000	0.000000	0.000000	0.000000	0.000000	0.000000	0.000000	1660178560.861081	0.000000
147.000000	-258.417737	-197.958515	-174.737476	-360.745140	0.000000	0.000000	0.000000	0.000000	0.000000	0.000000	0.000000	0.000000	1660178560.861081	0.000000
148.000000	-237.597714	-176.891658	-158.382893	-331.641238	0.000000	0.000000	0.000000	0.000000	0.000000	0.000000	0.000000	0.000000	1660178560.865047	0.000000
148.000000	-181.372058	-119.454275	-122.887503	-328.712897	0.000000	0.000000	0.000000	0.000000	0.000000	0.000000	0.000000	0.000000	1660178560.865047	0.000000
149.000000	-233.723178	-175.713590	-154.100708	-355.643916	0.000000	0.000000	0.000000	0.000000	0.000000	0.000000	0.000000	0.000000	1660178560.869796	0.000000
149.000000	-254.797514	-191.570765	-171.932551	-339.689503	0.000000	0.000000	0.000000	0.000000	0.000000	0.000000	0.000000	0.000000	1660178560.869796	0.000000
150.000000	-186.806133	-136.010812	-130.490719	-325.118853	0.000000	0.000000	0.000000	0.000000	0.000000	0.000000	0.000000	0.000000	1660178560.873654	0.000000
150.000000	-209.395129	-158.248257	-148.509557	-354.817398	0.000000	0.000000	0.000000	0.000000	0.000000	0.000000	0.000000	0.000000	1660178560.873654	0.000000
151.000000	-261.910804	-210.973366	-180.754975	-345.048780	0.000000	0.000000	0.000000	0.000000	0.000000	0.000000	0.000000	0.000000	1660178560.906200	0.000000
151.000000	-210.576937	-155.750004	-146.332936	-328.409965	0.000000	0.000000	0.000000	0.000000	0.000000	0.000000	0.000000	0.000000	1660178560.906200	0.000000
152.000000	-188.145017	-144.530304	-132.514005	-341.881084	0.000000	0.000000	0.000000	0.000000	0.000000	0.000000	0.000000	0.000000	1660178560.911776	0.000000
152.000000	-251.083793	-203.156975	-173.611766	-357.308172	0.000000	0.000000	0.000000	0.000000	0.000000	0.000000	0.000000	0.000000	1660178560.911776	0.000000
153.000000	-227.488765	-177.396545	-163.783309	-337.370765	0.000000	0.000000	0.000000	0.000000	0.000000	0.000000	0.000000	0.000000	1660178560.918061	0.000000
153.000000	-176.801900	-128.564671	-124.297445	-332.471496	0.000000	0.000000	0.000000	0.000000	0.000000	0.000000	0.000000	0.000000	1660178560.918061	0.000000
154.000000	-236.939492	-177.987449	-158.207118	-356.051565	0.000000	0.000000	0.000000	0.000000	0.000000	0.000000	0.000000	0.000000	1660178560.923168	0.000000
154.000000	-258.668310	-193.410796	-177.243209	-347.072066	0.000000	0.000000	0.000000	0.000000	0.000000	0.000000	0.000000	0.000000	1660178560.923168	0.000000
155.000000	-193.279900	-136.246425	-127.251966	-328.204270	0.000000	0.000000	0.000000	0.000000	0.000000	0.000000	0.000000	0.000000	1660178560.928389	0.000000
155.000000	-201.829311	-145.603655	-138.774598	-341.637991	0.000000	0.000000	0.000000	0.000000	0.000000	0.000000	0.000000	0.000000	1660178560.928389	0.000000
156.000000	-260.388664	-205.767426	-173.088180	-349.162670	0.000000	0.000000	0.000000	0.000000	0.000000	0.000000	0.000000	0.000000	1660178560.966207	0.000000
156.000000	-210.554498	-157.732151	-140.580969	-331.674898	0.000000	0.000000	0.000000	0.000000	0.000000	0.000000	0.000000	0.000000	1660178560.966207	0.000000
157.000000	-192.012074	-136.942047	-129.125656	-342.879638	0.000000	0.000000	0.000000	0.000000	0.000000	0.000000	0.000000	0.000000	1660178560.970799	0.000000
157.000000	-260.418584	-202.319238	-179.124378	-358.463801	0.000000	0.000000	0.000000	0.000000	0.000000	0.000000	0.000000	0.000000	1660178560.970799	0.000000
158.000000	-242.167872	-185.220415	-168.035575	-341.522054	0.000000	0.000000	0.000000	0.000000	0.000000	0.000000	0.000000	0.000000	1660178560.977688	0.000000
158.000000	-180.998068	-126.664802	-125.673728	-337.808333	0.000000	0.000000	0.000000	0.000000	0.000000	0.000000	0.000000	0.000000	1660178560.977688	0.000000
159.000000	-236.180292	-179.453490	-167.051981	-353.164363	0.000000	0.000000	0.000000	0.000000	0.000000	0.000000	0.000000	0.000000	1660178560.981418	0.000000
159.000000	-253.488549	-200.273513	-176.910358	-345.003901	0.000000	0.000000	0.000000	0.000000	0.000000	0.000000	0.000000	0.000000	1660178560.981418	0.000000
160.000000	-180.250088	-136.175367	-124.832251	-322.594420	0.000000	0.000000	0.000000	0.000000	0.000000	0.000000	0.000000	0.000000	1660178560.986376	0.000000
160.000000	-203.882516	-154.575675	-146.456352	-344.970242	0.000000	0.000000	0.000000	0.000000	0.000000	0.000000	0.000000	0.000000	1660178560.986376	0.000000
161.000000	-260.527041	-203.661862	-182.976475	-345.729442	0.000000	0.000000	0.000000	0.000000	0.000000	0.000000	0.000000	0.000000	1660178560.991294	0.000000
161.000000	-203.777799	-152.709465	-145.053890	-325.582600	0.000000	0.000000	0.000000	0.000000	0.000000	0.000000	0.000000	0.000000	1660178560.991294	0.000000
162.000000	-188.683563	-136.332443	-128.875083	-344.869265	0.000000	0.000000	0.000000	0.000000	0.000000	0.000000	0.000000	0.000000	1660178561.010116	0.000000
162.000000	-252.583493	-201.358084	-176.869219	-362.057845	0.000000	0.000000	0.000000	0.000000	0.000000	0.000000	0.000000	0.000000	1660178561.010116	0.000000
163.000000	-227.387787	-176.068880	-159.957391	-335.736429	0.000000	0.000000	0.000000	0.000000	0.000000	0.000000	0.000000	0.000000	1660178561.026199	0.000000
163.000000	-173.058261	-126.634882	-122.390096	-334.345186	0.000000	0.000000	0.000000	0.000000	0.000000	0.000000	0.000000	0.000000	1660178561.026199	0.000000
164.000000	-232.881700	-174.498122	-158.528749	-352.599638	0.000000	0.000000	0.000000	0.000000	0.000000	0.000000	0.000000	0.000000	1660178561.030367	0.000000
164.000000	-254.045794	-198.287626	-179.030881	-347.692889	0.000000	0.000000	0.000000	0.000000	0.000000	0.000000	0.000000	0.000000	1660178561.030367	0.000000
165.000000	-182.673543	-132.757099	-126.814398	-335.975782	0.000000	0.000000	0.000000	0.000000	0.000000	0.000000	0.000000	0.000000	1660178561.034270	0.000000
165.000000	-206.986633	-159.718037	-152.361654	-357.809318	0.000000	0.000000	0.000000	0.000000	0.000000	0.000000	0.000000	0.000000	1660178561.034270	0.000000
166.000000	-266.982108	-213.860569	-188.979015	-365.176921	0.000000	0.000000	0.000000	0.000000	0.000000	0.000000	0.000000	0.000000	1660178561.040142	0.000000
166.000000	-210.285225	-158.068742	-147.585802	-335.814967	0.000000	0.000000	0.000000	0.000000	0.000000	0.000000	0.000000	0.000000	1660178561.040142	0.000000
167.000000	-198.575598	-145.102508	-140.057383	-352.723054	0.000000	0.000000	0.000000	0.000000	0.000000	0.000000	0.000000	0.000000	1660178561.054289	0.000000
167.000000	-264.263201	-203.646902	-182.146217	-364.107310	0.000000	0.000000	0.000000	0.000000	0.000000	0.000000	0.000000	0.000000	1660178561.054289	0.000000
168.000000	-244.011643	-176.671004	-162.552882	-342.771181	0.000000	0.000000	0.000000	0.000000	0.000000	0.000000	0.000000	0.000000	1660178561.058394	0.000000
168.000000	-194.065279	-133.725733	-130.479500	-338.402978	0.000000	0.000000	0.000000	0.000000	0.000000	0.000000	0.000000	0.000000	1660178561.058394	0.000000
169.000000	-248.682778	-186.521900	-164.894059	-366.901015	0.000000	0.000000	0.000000	0.000000	0.000000	0.000000	0.000000	0.000000	1660178561.069203	0.000000
169.000000	-272.943509	-198.126810	-177.886471	-348.792420	0.000000	0.000000	0.000000	0.000000	0.000000	0.000000	0.000000	0.000000	1660178561.069203	0.000000
170.000000	-203.153236	-136.437160	-130.759992	-330.968056	0.000000	0.000000	0.000000	0.000000	0.000000	0.000000	0.000000	0.000000	1660178561.073890	0.000000
170.000000	-230.256291	-160.851227	-149.766164	-361.309865	0.000000	0.000000	0.000000	0.000000	0.000000	0.000000	0.000000	0.000000	1660178561.073890	0.000000
171.000000	-275.826971	-207.214767	-185.594405	-357.566225	0.000000	0.000000	0.000000	0.000000	0.000000	0.000000	0.000000	0.000000	1660178561.101091	0.000000
171.000000	-229.762624	-156.707418	-146.662047	-335.007148	0.000000	0.000000	0.000000	0.000000	0.000000	0.000000	0.000000	0.000000	1660178561.101091	0.000000
172.000000	-216.011012	-143.572889	-141.403747	-350.314559	0.000000	0.000000	0.000000	0.000000	0.000000	0.000000	0.000000	0.000000	1660178561.107372	0.000000
172.000000	-278.620677	-202.020046	-181.529134	-360.666602	0.000000	0.000000	0.000000	0.000000	0.000000	0.000000	0.000000	0.000000	1660178561.107372	0.000000
173.000000	-251.805594	-172.070927	-163.375660	-331.630019	0.000000	0.000000	0.000000	0.000000	0.000000	0.000000	0.000000	0.000000	1660178561.111511	0.000000
173.000000	-198.639176	-118.710034	-118.489380	-323.892166	0.000000	0.000000	0.000000	0.000000	0.000000	0.000000	0.000000	0.000000	1660178561.111511	0.000000
174.000000	-260.915990	-183.877791	-169.097707	-363.318191	0.000000	0.000000	0.000000	0.000000	0.000000	0.000000	0.000000	0.000000	1660178561.115683	0.000000
174.000000	-279.263940	-200.385710	-184.786587	-341.450996	0.000000	0.000000	0.000000	0.000000	0.000000	0.000000	0.000000	0.000000	1660178561.115683	0.000000
175.000000	-217.574290	-139.851689	-145.053890	-330.160238	0.000000	0.000000	0.000000	0.000000	0.000000	0.000000	0.000000	0.000000	1660178561.145855	0.000000
175.000000	-236.243870	-158.562408	-152.193359	-353.205502	0.000000	0.000000	0.000000	0.000000	0.000000	0.000000	0.000000	0.000000	1660178561.145855	0.000000
176.000000	-285.307618	-210.674174	-191.484748	-349.233728	0.000000	0.000000	0.000000	0.000000	0.000000	0.000000	0.000000	0.000000	1660178561.148915	0.000000
176.000000	-221.445086	-150.177553	-148.846148	-322.396206	0.000000	0.000000	0.000000	0.000000	0.000000	0.000000	0.000000	0.000000	1660178561.148915	0.000000
177.000000	-200.673682	-136.590496	-132.596283	-333.301754	0.000000	0.000000	0.000000	0.000000	0.000000	0.000000	0.000000	0.000000	1660178561.154051	0.000000
177.000000	-261.117945	-193.896983	-172.796468	-348.732581	0.000000	0.000000	0.000000	0.000000	0.000000	0.000000	0.000000	0.000000	1660178561.154051	0.000000
178.000000	-238.050242	-177.138491	-159.452505	-327.804101	0.000000	0.000000	0.000000	0.000000	0.000000	0.000000	0.000000	0.000000	1660178561.159065	0.000000
178.000000	-183.455182	-123.747680	-117.804979	-325.496583	0.000000	0.000000	0.000000	0.000000	0.000000	0.000000	0.000000	0.000000	1660178561.159065	0.000000
179.000000	-239.864094	-178.196883	-161.184078	-350.875544	0.000000	0.000000	0.000000	0.000000	0.000000	0.000000	0.000000	0.000000	1660178561.166041	0.000000
179.000000	-266.110711	-196.376537	-175.399438	-340.082193	0.000000	0.000000	0.000000	0.000000	0.000000	0.000000	0.000000	0.000000	1660178561.166041	0.000000
180.000000	-199.847164	-136.392281	-129.817537	-321.696844	0.000000	0.000000	0.000000	0.000000	0.000000	0.000000	0.000000	0.000000	1660178561.189876	0.000000
180.000000	-223.696506	-157.283363	-147.080916	-348.399730	0.000000	0.000000	0.000000	0.000000	0.000000	0.000000	0.000000	0.000000	1660178561.189876	0.000000
181.000000	-277.726841	-213.164948	-183.144771	-349.820892	0.000000	0.000000	0.000000	0.000000	0.000000	0.000000	0.000000	0.000000	1660178561.194167	0.000000
181.000000	-224.810996	-159.534782	-147.896214	-335.089426	0.000000	0.000000	0.000000	0.000000	0.000000	0.000000	0.000000	0.000000	1660178561.194167	0.000000
182.000000	-207.345663	-146.830342	-137.200100	-344.528934	0.000000	0.000000	0.000000	0.000000	0.000000	0.000000	0.000000	0.000000	1660178561.198418	0.000000
182.000000	-265.901277	-203.579584	-177.979969	-358.800392	0.000000	0.000000	0.000000	0.000000	0.000000	0.000000	0.000000	0.000000	1660178561.198418	0.000000
183.000000	-248.765055	-181.588972	-160.017229	-331.585140	0.000000	0.000000	0.000000	0.000000	0.000000	0.000000	0.000000	0.000000	1660178561.204552	0.000000
183.000000	-184.435036	-122.464894	-123.444748	-328.754036	0.000000	0.000000	0.000000	0.000000	0.000000	0.000000	0.000000	0.000000	1660178561.204552	0.000000
184.000000	-244.550188	-183.986248	-167.598007	-356.264740	0.000000	0.000000	0.000000	0.000000	0.000000	0.000000	0.000000	0.000000	1660178561.235768	0.000000
184.000000	-261.847225	-198.829911	-179.191697	-345.796760	0.000000	0.000000	0.000000	0.000000	0.000000	0.000000	0.000000	0.000000	1660178561.235768	0.000000
185.000000	-205.468234	-137.158961	-135.917314	-333.556067	0.000000	0.000000	0.000000	0.000000	0.000000	0.000000	0.000000	0.000000	1660178561.240853	0.000000
185.000000	-221.755498	-160.443578	-149.702585	-353.863724	0.000000	0.000000	0.000000	0.000000	0.000000	0.000000	0.000000	0.000000	1660178561.240853	0.000000
186.000000	-278.721654	-210.251566	-182.587526	-357.192235	0.000000	0.000000	0.000000	0.000000	0.000000	0.000000	0.000000	0.000000	1660178561.246185	0.000000
186.000000	-221.613382	-150.241131	-142.207826	-328.795175	0.000000	0.000000	0.000000	0.000000	0.000000	0.000000	0.000000	0.000000	1660178561.246185	0.000000
187.000000	-202.337937	-136.923347	-135.188034	-345.650904	0.000000	0.000000	0.000000	0.000000	0.000000	0.000000	0.000000	0.000000	1660178561.251289	0.000000
187.000000	-262.770981	-196.238161	-176.484009	-355.430742	0.000000	0.000000	0.000000	0.000000	0.000000	0.000000	0.000000	0.000000	1660178561.251289	0.000000
188.000000	-239.837914	-176.349373	-161.015783	-337.505402	0.000000	0.000000	0.000000	0.000000	0.000000	0.000000	0.000000	0.000000	1660178561.255035	0.000000
188.000000	-193.743647	-131.758545	-130.520639	-339.106079	0.000000	0.000000	0.000000	0.000000	0.000000	0.000000	0.000000	0.000000	1660178561.255035	0.000000
189.000000	-245.178491	-182.838099	-166.229203	-362.375736	0.000000	0.000000	0.000000	0.000000	0.000000	0.000000	0.000000	0.000000	1660178561.280069	0.000000
189.000000	-259.573366	-195.972628	-176.024001	-347.255321	0.000000	0.000000	0.000000	0.000000	0.000000	0.000000	0.000000	0.000000	1660178561.280069	0.000000
190.000000	-186.993128	-126.515206	-123.336291	-325.728457	0.000000	0.000000	0.000000	0.000000	0.000000	0.000000	0.000000	0.000000	1660178561.285413	0.000000
190.000000	-214.043824	-154.534536	-146.239438	-349.802193	0.000000	0.000000	0.000000	0.000000	0.000000	0.000000	0.000000	0.000000	1660178561.285413	0.000000
191.000000	-270.026387	-207.293305	-181.630111	-352.910049	0.000000	0.000000	0.000000	0.000000	0.000000	0.000000	0.000000	0.000000	1660178561.290032	0.000000
191.000000	-214.795544	-156.094074	-149.193959	-333.492489	0.000000	0.000000	0.000000	0.000000	0.000000	0.000000	0.000000	0.000000	1660178561.290032	0.000000
192.000000	-208.632189	-144.103955	-137.652628	-351.859138	0.000000	0.000000	0.000000	0.000000	0.000000	0.000000	0.000000	0.000000	1660178561.296179	0.000000
192.000000	-271.623324	-211.500692	-181.899384	-370.094890	0.000000	0.000000	0.000000	0.000000	0.000000	0.000000	0.000000	0.000000	1660178561.296179	0.000000
193.000000	-246.240623	-187.206302	-168.850873	-342.326133	0.000000	0.000000	0.000000	0.000000	0.000000	0.000000	0.000000	0.000000	1660178561.341726	0.000000
193.000000	-195.389203	-136.347403	-134.806564	-341.907264	0.000000	0.000000	0.000000	0.000000	0.000000	0.000000	0.000000	0.000000	1660178561.341726	0.000000
194.000000	-240.806548	-183.414044	-163.749650	-358.418922	0.000000	0.000000	0.000000	0.000000	0.000000	0.000000	0.000000	0.000000	1660178561.346359	0.000000
194.000000	-263.926610	-206.463047	-186.058153	-349.581539	0.000000	0.000000	0.000000	0.000000	0.000000	0.000000	0.000000	0.000000	1660178561.346359	0.000000
195.000000	-194.749680	-139.616075	-138.411827	-330.523008	0.000000	0.000000	0.000000	0.000000	0.000000	0.000000	0.000000	0.000000	1660178561.349892	0.000000
195.000000	-218.868295	-157.350681	-147.223032	-353.601931	0.000000	0.000000	0.000000	0.000000	0.000000	0.000000	0.000000	0.000000	1660178561.349892	0.000000
196.000000	-273.979461	-210.752712	-183.331766	-359.724147	0.000000	0.000000	0.000000	0.000000	0.000000	0.000000	0.000000	0.000000	1660178561.354167	0.000000
196.000000	-211.564271	-156.195052	-148.049550	-331.891812	0.000000	0.000000	0.000000	0.000000	0.000000	0.000000	0.000000	0.000000	1660178561.354167	0.000000
197.000000	-203.919915	-142.903447	-141.396268	-348.930796	0.000000	0.000000	0.000000	0.000000	0.000000	0.000000	0.000000	0.000000	1660178561.372062	0.000000
197.000000	-271.840238	-206.339630	-185.800100	-372.615582	0.000000	0.000000	0.000000	0.000000	0.000000	0.000000	0.000000	0.000000	1660178561.372062	0.000000
198.000000	-247.269095	-183.249488	-163.869326	-343.807133	0.000000	0.000000	0.000000	0.000000	0.000000	0.000000	0.000000	0.000000	1660178561.376210	0.000000
198.000000	-194.607564	-133.265725	-129.256552	-341.282701	0.000000	0.000000	0.000000	0.000000	0.000000	0.000000	0.000000	0.000000	1660178561.376210	0.000000
199.000000	-245.941431	-181.955483	-165.417645	-358.187048	0.000000	0.000000	0.000000	0.000000	0.000000	0.000000	0.000000	0.000000	1660178561.382437	0.000000
199.000000	-250.160038	-193.392097	-168.054274	-346.223108	0.000000	0.000000	0.000000	0.000000	0.000000	0.000000	0.000000	0.000000	1660178561.382437	0.000000
200.000000	-195.808072	-139.978845	-127.536198	-336.420831	0.000000	0.000000	0.000000	0.000000	0.000000	0.000000	0.000000	0.000000	1660178561.385821	0.000000
200.000000	-220.121162	-167.511989	-150.282270	-355.898230	0.000000	0.000000	0.000000	0.000000	0.000000	0.000000	0.000000	0.000000	1660178561.385821	0.000000
0.000000	-273.201562	-215.670681	-182.901677	-362.026056	0.000000	0.000000	0.000000	0.000000	0.000000	0.000000	0.000000	0.000000	1660178561.390151	0.000000
101.000000	-207.274605	-149.250057	-138.123855	-333.202647	0.000000	0.000000	0.000000	0.000000	0.000000	0.000000	0.000000	0.000000	1660178561.396053	0.000000
101.000000	-190.751727	-139.552497	-129.017199	-344.414867	0.000000	0.000000	0.000000	0.000000	0.000000	0.000000	0.000000	0.000000	1660178561.396053	0.000000
102.000000	-255.523055	-201.526379	-176.715883	-359.815775	0.000000	0.000000	0.000000	0.000000	0.000000	0.000000	0.000000	0.000000	1660178561.415563	0.000000
102.000000	-232.320715	-177.508742	-159.916252	-337.683047	0.000000	0.000000	0.000000	0.000000	0.000000	0.000000	0.000000	0.000000	1660178561.415563	0.000000
103.000000	-182.464109	-126.440408	-119.323378	-336.572297	0.000000	0.000000	0.000000	0.000000	0.000000	0.000000	0.000000	0.000000	1660178561.419402	0.000000
103.000000	-236.917052	-181.749788	-156.486764	-355.503670	0.000000	0.000000	0.000000	0.000000	0.000000	0.000000	0.000000	0.000000	1660178561.419402	0.000000
104.000000	-262.019261	-202.614690	-176.323193	-347.212312	0.000000	0.000000	0.000000	0.000000	0.000000	0.000000	0.000000	0.000000	1660178561.424719	0.000000
104.000000	-197.483547	-142.039530	-132.532705	-330.996106	0.000000	0.000000	0.000000	0.000000	0.000000	0.000000	0.000000	0.000000	1660178561.424719	0.000000
105.000000	-220.181000	-162.358407	-142.047010	-353.809495	0.000000	0.000000	0.000000	0.000000	0.000000	0.000000	0.000000	0.000000	1660178561.429154	0.000000
105.000000	-259.823940	-202.012566	-172.452397	-347.896714	0.000000	0.000000	0.000000	0.000000	0.000000	0.000000	0.000000	0.000000	1660178561.429154	0.000000
106.000000	-202.539892	-149.145340	-138.445487	-321.317245	0.000000	0.000000	0.000000	0.000000	0.000000	0.000000	0.000000	0.000000	1660178561.460577	0.000000
106.000000	-183.473882	-135.072097	-123.070758	-336.893928	0.000000	0.000000	0.000000	0.000000	0.000000	0.000000	0.000000	0.000000	1660178561.460577	0.000000
107.000000	-248.738876	-195.594898	-172.968503	-355.443832	0.000000	0.000000	0.000000	0.000000	0.000000	0.000000	0.000000	0.000000	1660178561.466546	0.000000
107.000000	-229.089442	-178.817707	-159.688118	-330.457560	0.000000	0.000000	0.000000	0.000000	0.000000	0.000000	0.000000	0.000000	1660178561.466546	0.000000
108.000000	-178.058507	-132.902955	-125.662508	-336.905148	0.000000	0.000000	0.000000	0.000000	0.000000	0.000000	0.000000	0.000000	1660178561.471531	0.000000
108.000000	-237.238684	-184.850165	-165.724317	-355.324155	0.000000	0.000000	0.000000	0.000000	0.000000	0.000000	0.000000	0.000000	1660178561.471531	0.000000
109.000000	-256.031681	-199.181462	-173.671604	-348.536236	0.000000	0.000000	0.000000	0.000000	0.000000	0.000000	0.000000	0.000000	1660178561.476971	0.000000
109.000000	-188.937876	-133.303124	-129.907295	-332.675321	0.000000	0.000000	0.000000	0.000000	0.000000	0.000000	0.000000	0.000000	1660178561.476971	0.000000
110.000000	-211.377276	-159.837714	-144.320869	-355.286756	0.000000	0.000000	0.000000	0.000000	0.000000	0.000000	0.000000	0.000000	1660178561.482160	0.000000
110.000000	-263.971489	-208.620969	-178.245502	-359.901792	0.000000	0.000000	0.000000	0.000000	0.000000	0.000000	0.000000	0.000000	1660178561.482160	0.000000
111.000000	-206.646302	-152.462632	-142.566856	-334.320877	0.000000	0.000000	0.000000	0.000000	0.000000	0.000000	0.000000	0.000000	1660178561.489045	0.000000
111.000000	-196.189542	-139.952666	-128.673128	-346.860761	0.000000	0.000000	0.000000	0.000000	0.000000	0.000000	0.000000	0.000000	1660178561.489045	0.000000
112.000000	-263.470342	-201.926548	-178.746648	-358.794782	0.000000	0.000000	0.000000	0.000000	0.000000	0.000000	0.000000	0.000000	1660178561.504556	0.000000
112.000000	-235.005963	-179.906017	-158.543709	-337.488572	0.000000	0.000000	0.000000	0.000000	0.000000	0.000000	0.000000	0.000000	1660178561.504556	0.000000
113.000000	-177.164671	-126.043978	-120.845517	-331.777745	0.000000	0.000000	0.000000	0.000000	0.000000	0.000000	0.000000	0.000000	1660178561.507620	0.000000
113.000000	-244.101400	-187.872004	-169.684871	-366.869226	0.000000	0.000000	0.000000	0.000000	0.000000	0.000000	0.000000	0.000000	1660178561.507620	0.000000
114.000000	-257.479022	-202.869003	-178.309080	-349.194459	0.000000	0.000000	0.000000	0.000000	0.000000	0.000000	0.000000	0.000000	1660178561.520085	0.000000
114.000000	-190.860184	-135.431127	-133.882809	-335.801877	0.000000	0.000000	0.000000	0.000000	0.000000	0.000000	0.000000	0.000000	1660178561.520085	0.000000
115.000000	-213.445440	-161.965717	-152.634667	-358.211358	0.000000	0.000000	0.000000	0.000000	0.000000	0.000000	0.000000	0.000000	1660178561.535208	0.000000
115.000000	-264.629711	-210.681654	-184.999761	-354.381700	0.000000	0.000000	0.000000	0.000000	0.000000	0.000000	0.000000	0.000000	1660178561.535208	0.000000
116.000000	-205.756206	-155.622847	-145.547557	-335.016498	0.000000	0.000000	0.000000	0.000000	0.000000	0.000000	0.000000	0.000000	1660178561.540171	0.000000
116.000000	-190.658230	-137.910681	-131.403255	-349.194459	0.000000	0.000000	0.000000	0.000000	0.000000	0.000000	0.000000	0.000000	1660178561.540171	0.000000
117.000000	-257.759515	-202.696968	-176.663524	-360.208464	0.000000	0.000000	0.000000	0.000000	0.000000	0.000000	0.000000	0.000000	1660178561.566093	0.000000
117.000000	-234.478638	-177.650858	-160.290242	-340.966679	0.000000	0.000000	0.000000	0.000000	0.000000	0.000000	0.000000	0.000000	1660178561.566093	0.000000
118.000000	-190.534813	-134.836483	-127.865310	-344.059576	0.000000	0.000000	0.000000	0.000000	0.000000	0.000000	0.000000	0.000000	1660178561.570618	0.000000
118.000000	-239.901493	-183.668357	-162.706218	-362.306548	0.000000	0.000000	0.000000	0.000000	0.000000	0.000000	0.000000	0.000000	1660178561.570618	0.000000
119.000000	-263.073913	-194.940415	-181.203763	-359.374467	0.000000	0.000000	0.000000	0.000000	0.000000	0.000000	0.000000	0.000000	1660178561.574831	0.000000
119.000000	-199.607810	-136.265125	-143.378415	-344.414867	0.000000	0.000000	0.000000	0.000000	0.000000	0.000000	0.000000	0.000000	1660178561.574831	0.000000
120.000000	-219.713513	-158.943878	-156.079115	-357.702731	0.000000	0.000000	0.000000	0.000000	0.000000	0.000000	0.000000	0.000000	1660178561.580163	0.000000
120.000000	-271.432589	-215.072297	-194.330812	-364.909518	0.000000	0.000000	0.000000	0.000000	0.000000	0.000000	0.000000	0.000000	1660178561.580163	0.000000
121.000000	-219.507818	-160.836268	-154.571935	-332.342470	0.000000	0.000000	0.000000	0.000000	0.000000	0.000000	0.000000	0.000000	1660178561.611201	0.000000
121.000000	-196.514913	-139.114929	-139.058830	-346.830842	0.000000	0.000000	0.000000	0.000000	0.000000	0.000000	0.000000	0.000000	1660178561.611201	0.000000
122.000000	-266.005994	-205.288718	-187.441916	-363.058268	0.000000	0.000000	0.000000	0.000000	0.000000	0.000000	0.000000	0.000000	1660178561.616046	0.000000
122.000000	-236.236391	-177.886471	-165.182031	-334.975359	0.000000	0.000000	0.000000	0.000000	0.000000	0.000000	0.000000	0.000000	1660178561.616046	0.000000
123.000000	-189.884071	-130.692674	-126.354390	-335.300731	0.000000	0.000000	0.000000	0.000000	0.000000	0.000000	0.000000	0.000000	1660178561.621036	0.000000
123.000000	-250.866879	-192.924609	-169.662431	-355.885140	0.000000	0.000000	0.000000	0.000000	0.000000	0.000000	0.000000	0.000000	1660178561.621036	0.000000
124.000000	-263.021554	-203.957314	-177.729396	-348.184686	0.000000	0.000000	0.000000	0.000000	0.000000	0.000000	0.000000	0.000000	1660178561.627094	0.000000
124.000000	-196.963701	-142.525717	-134.911281	-329.922754	0.000000	0.000000	0.000000	0.000000	0.000000	0.000000	0.000000	0.000000	1660178561.627094	0.000000
125.000000	-221.187033	-162.848334	-153.659400	-349.239338	0.000000	0.000000	0.000000	0.000000	0.000000	0.000000	0.000000	0.000000	1660178561.633063	0.000000
125.000000	-266.675436	-207.102570	-181.001808	-355.013743	0.000000	0.000000	0.000000	0.000000	0.000000	0.000000	0.000000	0.000000	1660178561.633063	0.000000
126.000000	-202.768026	-152.126041	-139.088749	-325.135682	0.000000	0.000000	0.000000	0.000000	0.000000	0.000000	0.000000	0.000000	1660178561.656067	0.000000
126.000000	-187.883224	-133.419061	-128.549711	-336.355382	0.000000	0.000000	0.000000	0.000000	0.000000	0.000000	0.000000	0.000000	1660178561.656067	0.000000
127.000000	-260.560700	-206.694921	-180.029434	-363.985763	0.000000	0.000000	0.000000	0.000000	0.000000	0.000000	0.000000	0.000000	1660178561.662044	0.000000
127.000000	-237.837068	-175.773428	-161.670265	-336.116029	0.000000	0.000000	0.000000	0.000000	0.000000	0.000000	0.000000	0.000000	1660178561.662044	0.000000
128.000000	-184.502354	-121.937568	-126.070158	-331.927341	0.000000	0.000000	0.000000	0.000000	0.000000	0.000000	0.000000	0.000000	1660178561.669077	0.000000
128.000000	-240.054828	-181.951743	-167.437191	-363.507056	0.000000	0.000000	0.000000	0.000000	0.000000	0.000000	0.000000	0.000000	1660178561.669077	0.000000
129.000000	-256.944217	-190.314159	-179.853659	-342.088649	0.000000	0.000000	0.000000	0.000000	0.000000	0.000000	0.000000	0.000000	1660178561.675419	0.000000
129.000000	-192.868511	-131.085363	-138.019138	-328.340777	0.000000	0.000000	0.000000	0.000000	0.000000	0.000000	0.000000	0.000000	1660178561.675419	0.000000
130.000000	-220.450273	-165.683178	-157.268403	-356.876213	0.000000	0.000000	0.000000	0.000000	0.000000	0.000000	0.000000	0.000000	1660178561.701194	0.000000
130.000000	-268.893197	-207.364363	-187.958022	-357.979484	0.000000	0.000000	0.000000	0.000000	0.000000	0.000000	0.000000	0.000000	1660178561.701194	0.000000
131.000000	-205.318638	-160.133166	-151.269603	-333.707533	0.000000	0.000000	0.000000	0.000000	0.000000	0.000000	0.000000	0.000000	1660178561.706073	0.000000
131.000000	-191.178076	-144.556483	-136.811150	-343.674367	0.000000	0.000000	0.000000	0.000000	0.000000	0.000000	0.000000	0.000000	1660178561.706073	0.000000
132.000000	-263.380584	-205.513112	-186.772474	-361.319215	0.000000	0.000000	0.000000	0.000000	0.000000	0.000000	0.000000	0.000000	1660178561.710914	0.000000
132.000000	-232.021523	-175.739769	-160.245363	-336.362862	0.000000	0.000000	0.000000	0.000000	0.000000	0.000000	0.000000	0.000000	1660178561.710914	0.000000
133.000000	-179.068280	-128.755406	-128.347757	-330.868949	0.000000	0.000000	0.000000	0.000000	0.000000	0.000000	0.000000	0.000000	1660178561.715169	0.000000
133.000000	-235.155559	-183.163470	-168.761116	-353.648680	0.000000	0.000000	0.000000	0.000000	0.000000	0.000000	0.000000	0.000000	1660178561.715169	0.000000
134.000000	-252.938784	-202.760546	-180.717576	-337.862562	0.000000	0.000000	0.000000	0.000000	0.000000	0.000000	0.000000	0.000000	1660178561.719947	0.000000
134.000000	-184.801546	-133.534998	-131.276098	-322.686048	0.000000	0.000000	0.000000	0.000000	0.000000	0.000000	0.000000	0.000000	1660178561.719947	0.000000
135.000000	-211.564271	-160.350081	-154.512097	-353.177452	0.000000	0.000000	0.000000	0.000000	0.000000	0.000000	0.000000	0.000000	1660178561.746172	0.000000
135.000000	-262.180077	-213.759592	-183.930150	-352.466871	0.000000	0.000000	0.000000	0.000000	0.000000	0.000000	0.000000	0.000000	1660178561.746172	0.000000
136.000000	-201.496460	-154.908526	-147.099615	-325.281539	0.000000	0.000000	0.000000	0.000000	0.000000	0.000000	0.000000	0.000000	1660178561.750289	0.000000
136.000000	-190.807826	-139.541277	-138.991512	-341.415467	0.000000	0.000000	0.000000	0.000000	0.000000	0.000000	0.000000	0.000000	1660178561.750289	0.000000
137.000000	-249.165225	-202.532412	-183.084932	-357.698991	0.000000	0.000000	0.000000	0.000000	0.000000	0.000000	0.000000	0.000000	1660178561.755901	0.000000
137.000000	-228.498538	-181.716129	-165.006256	-342.241985	0.000000	0.000000	0.000000	0.000000	0.000000	0.000000	0.000000	0.000000	1660178561.755901	0.000000
138.000000	-173.806241	-130.920808	-128.149542	-333.920707	0.000000	0.000000	0.000000	0.000000	0.000000	0.000000	0.000000	0.000000	1660178561.760234	0.000000
138.000000	-230.301169	-183.208349	-169.744709	-360.705871	0.000000	0.000000	0.000000	0.000000	0.000000	0.000000	0.000000	0.000000	1660178561.760234	0.000000
139.000000	-252.624632	-201.683455	-179.958376	-347.242231	0.000000	0.000000	0.000000	0.000000	0.000000	0.000000	0.000000	0.000000	1660178561.790555	0.000000
139.000000	-179.098199	-129.278992	-130.337383	-332.413528	0.000000	0.000000	0.000000	0.000000	0.000000	0.000000	0.000000	0.000000	1660178561.790555	0.000000
140.000000	-205.520592	-157.791989	-143.505571	-346.026764	0.000000	0.000000	0.000000	0.000000	0.000000	0.000000	0.000000	0.000000	1660178561.795189	0.000000
140.000000	-254.101893	-207.315744	-181.596452	-351.711412	0.000000	0.000000	0.000000	0.000000	0.000000	0.000000	0.000000	0.000000	1660178561.795189	0.000000
141.000000	-194.379430	-146.523670	-140.827803	-325.659268	0.000000	0.000000	0.000000	0.000000	0.000000	0.000000	0.000000	0.000000	1660178561.802069	0.000000
141.000000	-183.986248	-136.223986	-130.995606	-338.292650	0.000000	0.000000	0.000000	0.000000	0.000000	0.000000	0.000000	0.000000	1660178561.802069	0.000000
142.000000	-260.504601	-201.223447	-180.081793	-362.145732	0.000000	0.000000	0.000000	0.000000	0.000000	0.000000	0.000000	0.000000	1660178561.806506	0.000000
142.000000	-231.595175	-179.816260	-159.968611	-336.374082	0.000000	0.000000	0.000000	0.000000	0.000000	0.000000	0.000000	0.000000	1660178561.806506	0.000000
143.000000	-189.364224	-137.095383	-129.604363	-341.048957	0.000000	0.000000	0.000000	0.000000	0.000000	0.000000	0.000000	0.000000	1660178561.810416	0.000000
143.000000	-240.036129	-188.201116	-162.526702	-366.031488	0.000000	0.000000	0.000000	0.000000	0.000000	0.000000	0.000000	0.000000	1660178561.810416	0.000000
144.000000	-258.892704	-203.396329	-177.385325	-352.148980	0.000000	0.000000	0.000000	0.000000	0.000000	0.000000	0.000000	0.000000	1660178561.851796	0.000000
144.000000	-194.671142	-138.595083	-135.670481	-339.713812	0.000000	0.000000	0.000000	0.000000	0.000000	0.000000	0.000000	0.000000	1660178561.851796	0.000000
145.000000	-214.821723	-161.546849	-148.416060	-358.510550	0.000000	0.000000	0.000000	0.000000	0.000000	0.000000	0.000000	0.000000	1660178561.859234	0.000000
145.000000	-267.718868	-215.195713	-183.556160	-355.900099	0.000000	0.000000	0.000000	0.000000	0.000000	0.000000	0.000000	0.000000	1660178561.859234	0.000000
146.000000	-216.227926	-160.144386	-142.708972	-335.723339	0.000000	0.000000	0.000000	0.000000	0.000000	0.000000	0.000000	0.000000	1660178561.864685	0.000000
146.000000	-204.970827	-144.616321	-136.025771	-349.557229	0.000000	0.000000	0.000000	0.000000	0.000000	0.000000	0.000000	0.000000	1660178561.864685	0.000000
147.000000	-269.218568	-208.329257	-180.380985	-358.518029	0.000000	0.000000	0.000000	0.000000	0.000000	0.000000	0.000000	0.000000	1660178561.870064	0.000000
147.000000	-242.018276	-180.504401	-164.161039	-338.094436	0.000000	0.000000	0.000000	0.000000	0.000000	0.000000	0.000000	0.000000	1660178561.870064	0.000000
148.000000	-192.430942	-133.953867	-130.150388	-338.120615	0.000000	0.000000	0.000000	0.000000	0.000000	0.000000	0.000000	0.000000	1660178561.880397	0.000000
148.000000	-251.947710	-186.372304	-164.905279	-357.448418	0.000000	0.000000	0.000000	0.000000	0.000000	0.000000	0.000000	0.000000	1660178561.880397	0.000000
149.000000	-257.942770	-190.467495	-172.964763	-338.225332	0.000000	0.000000	0.000000	0.000000	0.000000	0.000000	0.000000	0.000000	1660178561.888025	0.000000
149.000000	-207.005332	-139.189727	-131.246179	-323.355490	0.000000	0.000000	0.000000	0.000000	0.000000	0.000000	0.000000	0.000000	1660178561.888025	0.000000
150.000000	-232.141200	-159.418845	-143.120361	-338.292650	0.000000	0.000000	0.000000	0.000000	0.000000	0.000000	0.000000	0.000000	1660178561.892697	0.000000
150.000000	-288.217260	-214.215860	-185.949696	-352.717445	0.000000	0.000000	0.000000	0.000000	0.000000	0.000000	0.000000	0.000000	1660178561.892697	0.000000
151.000000	-225.450519	-155.480731	-147.454906	-325.820084	0.000000	0.000000	0.000000	0.000000	0.000000	0.000000	0.000000	0.000000	1660178561.900076	0.000000
151.000000	-211.781185	-147.735398	-137.035544	-337.290357	0.000000	0.000000	0.000000	0.000000	0.000000	0.000000	0.000000	0.000000	1660178561.900076	0.000000
152.000000	-276.814305	-203.516006	-183.230788	-352.055482	0.000000	0.000000	0.000000	0.000000	0.000000	0.000000	0.000000	0.000000	1660178561.904476	0.000000
152.000000	-252.587233	-178.888765	-160.103247	-320.472027	0.000000	0.000000	0.000000	0.000000	0.000000	0.000000	0.000000	0.000000	1660178561.904476	0.000000
153.000000	-201.070111	-126.148695	-128.886302	-324.963647	0.000000	0.000000	0.000000	0.000000	0.000000	0.000000	0.000000	0.000000	1660178561.924421	0.000000
153.000000	-262.127718	-187.853305	-167.220277	-349.186979	0.000000	0.000000	0.000000	0.000000	0.000000	0.000000	0.000000	0.000000	1660178561.924421	0.000000
154.000000	-280.535506	-204.907249	-182.366872	-343.835182	0.000000	0.000000	0.000000	0.000000	0.000000	0.000000	0.000000	0.000000	1660178561.929072	0.000000
154.000000	-210.722793	-146.553590	-139.982585	-330.584717	0.000000	0.000000	0.000000	0.000000	0.000000	0.000000	0.000000	0.000000	1660178561.929072	0.000000
155.000000	-234.044809	-169.333320	-159.789096	-351.041969	0.000000	0.000000	0.000000	0.000000	0.000000	0.000000	0.000000	0.000000	1660178561.933272	0.000000
155.000000	-288.512712	-217.035744	-197.468588	-353.117614	0.000000	0.000000	0.000000	0.000000	0.000000	0.000000	0.000000	0.000000	1660178561.933272	0.000000
156.000000	-227.668280	-163.005410	-150.588942	-326.609203	0.000000	0.000000	0.000000	0.000000	0.000000	0.000000	0.000000	0.000000	1660178561.940037	0.000000
156.000000	-213.774551	-150.084055	-137.394575	-337.615729	0.000000	0.000000	0.000000	0.000000	0.000000	0.000000	0.000000	0.000000	1660178561.940037	0.000000
157.000000	-283.508726	-216.355082	-186.405964	-355.410173	0.000000	0.000000	0.000000	0.000000	0.000000	0.000000	0.000000	0.000000	1660178561.971066	0.000000
157.000000	-258.750588	-191.959715	-172.665571	-337.110842	0.000000	0.000000	0.000000	0.000000	0.000000	0.000000	0.000000	0.000000	1660178561.971066	0.000000
158.000000	-212.196314	-139.163547	-136.923347	-335.872935	0.000000	0.000000	0.000000	0.000000	0.000000	0.000000	0.000000	0.000000	1660178561.975057	0.000000
158.000000	-268.803439	-194.199915	-179.954636	-358.357214	0.000000	0.000000	0.000000	0.000000	0.000000	0.000000	0.000000	0.000000	1660178561.975057	0.000000
159.000000	-282.229680	-208.871543	-184.988541	-340.121462	0.000000	0.000000	0.000000	0.000000	0.000000	0.000000	0.000000	0.000000	1660178561.981057	0.000000
159.000000	-214.810504	-146.624648	-138.860615	-324.585917	0.000000	0.000000	0.000000	0.000000	0.000000	0.000000	0.000000	0.000000	1660178561.981057	0.000000
160.000000	-241.831281	-172.149465	-154.295183	-345.611635	0.000000	0.000000	0.000000	0.000000	0.000000	0.000000	0.000000	0.000000	1660178561.985157	0.000000
160.000000	-285.296398	-213.954067	-187.015567	-343.722985	0.000000	0.000000	0.000000	0.000000	0.000000	0.000000	0.000000	0.000000	1660178561.985157	0.000000
161.000000	-227.959992	-164.621046	-152.414013	-322.106363	0.000000	0.000000	0.000000	0.000000	0.000000	0.000000	0.000000	0.000000	1660178561.988786	0.000000
161.000000	-209.286671	-147.597022	-146.063663	-342.945086	0.000000	0.000000	0.000000	0.000000	0.000000	0.000000	0.000000	0.000000	1660178561.988786	0.000000
162.000000	-280.830958	-215.607102	-188.616244	-360.399199	0.000000	0.000000	0.000000	0.000000	0.000000	0.000000	0.000000	0.000000	1660178562.015041	0.000000
162.000000	-256.420631	-187.015567	-167.627926	-334.290958	0.000000	0.000000	0.000000	0.000000	0.000000	0.000000	0.000000	0.000000	1660178562.015041	0.000000
163.000000	-202.655829	-139.301924	-134.032405	-329.414128	0.000000	0.000000	0.000000	0.000000	0.000000	0.000000	0.000000	0.000000	1660178562.021017	0.000000
163.000000	-253.914898	-188.234775	-171.120992	-354.033889	0.000000	0.000000	0.000000	0.000000	0.000000	0.000000	0.000000	0.000000	1660178562.021017	0.000000
164.000000	-264.064986	-200.120177	-178.982262	-337.230519	0.000000	0.000000	0.000000	0.000000	0.000000	0.000000	0.000000	0.000000	1660178562.027880	0.000000
164.000000	-199.510573	-139.803070	-140.633328	-327.749873	0.000000	0.000000	0.000000	0.000000	0.000000	0.000000	0.000000	0.000000	1660178562.027880	0.000000
165.000000	-235.544509	-177.807934	-160.593174	-351.801169	0.000000	0.000000	0.000000	0.000000	0.000000	0.000000	0.000000	0.000000	1660178562.032429	0.000000
165.000000	-281.126410	-218.845856	-191.305232	-354.007710	0.000000	0.000000	0.000000	0.000000	0.000000	0.000000	0.000000	0.000000	1660178562.032429	0.000000
166.000000	-222.017291	-161.344894	-156.819615	-331.762785	0.000000	0.000000	0.000000	0.000000	0.000000	0.000000	0.000000	0.000000	1660178562.046058	0.000000
166.000000	-204.080731	-146.101062	-146.822862	-336.856529	0.000000	0.000000	0.000000	0.000000	0.000000	0.000000	0.000000	0.000000	1660178562.046058	0.000000
167.000000	-268.410750	-204.806271	-186.514421	-348.689572	0.000000	0.000000	0.000000	0.000000	0.000000	0.000000	0.000000	0.000000	1660178562.051036	0.000000
167.000000	-243.110327	-180.231389	-163.607533	-330.734313	0.000000	0.000000	0.000000	0.000000	0.000000	0.000000	0.000000	0.000000	1660178562.051036	0.000000
168.000000	-192.113051	-126.144956	-125.744786	-325.793905	0.000000	0.000000	0.000000	0.000000	0.000000	0.000000	0.000000	0.000000	1660178562.058904	0.000000
168.000000	-251.805594	-191.406210	-167.702724	-352.294836	0.000000	0.000000	0.000000	0.000000	0.000000	0.000000	0.000000	0.000000	1660178562.058904	0.000000
169.000000	-266.802593	-198.141770	-180.156591	-335.925294	0.000000	0.000000	0.000000	0.000000	0.000000	0.000000	0.000000	0.000000	1660178562.076135	0.000000
169.000000	-196.918822	-134.757945	-132.009119	-316.025286	0.000000	0.000000	0.000000	0.000000	0.000000	0.000000	0.000000	0.000000	1660178562.076135	0.000000
170.000000	-223.457152	-164.471450	-152.709465	-345.634074	0.000000	0.000000	0.000000	0.000000	0.000000	0.000000	0.000000	0.000000	1660178562.080148	0.000000
170.000000	-274.293613	-208.942601	-183.896491	-341.209772	0.000000	0.000000	0.000000	0.000000	0.000000	0.000000	0.000000	0.000000	1660178562.080148	0.000000
171.000000	-211.205240	-154.987064	-143.557930	-320.430888	0.000000	0.000000	0.000000	0.000000	0.000000	0.000000	0.000000	0.000000	1660178562.089057	0.000000
171.000000	-201.668495	-140.472512	-136.597976	-332.933374	0.000000	0.000000	0.000000	0.000000	0.000000	0.000000	0.000000	0.000000	1660178562.089057	0.000000
172.000000	-266.047133	-205.030665	-180.021954	-346.109041	0.000000	0.000000	0.000000	0.000000	0.000000	0.000000	0.000000	0.000000	1660178562.120519	0.000000
172.000000	-236.019476	-177.381585	-163.289642	-328.961600	0.000000	0.000000	0.000000	0.000000	0.000000	0.000000	0.000000	0.000000	1660178562.120519	0.000000
173.000000	-189.865371	-130.853490	-126.676021	-325.692928	0.000000	0.000000	0.000000	0.000000	0.000000	0.000000	0.000000	0.000000	1660178562.126055	0.000000
173.000000	-244.194898	-187.987941	-167.942077	-353.319569	0.000000	0.000000	0.000000	0.000000	0.000000	0.000000	0.000000	0.000000	1660178562.126055	0.000000
174.000000	-263.193589	-198.291366	-173.862339	-339.665194	0.000000	0.000000	0.000000	0.000000	0.000000	0.000000	0.000000	0.000000	1660178562.132076	0.000000
174.000000	-200.647503	-136.897168	-128.729226	-324.297945	0.000000	0.000000	0.000000	0.000000	0.000000	0.000000	0.000000	0.000000	1660178562.132076	0.000000
175.000000	-230.548003	-166.487256	-148.603055	-350.858714	0.000000	0.000000	0.000000	0.000000	0.000000	0.000000	0.000000	0.000000	1660178562.138146	0.000000
175.000000	-276.713328	-207.641115	-182.097599	-347.548903	0.000000	0.000000	0.000000	0.000000	0.000000	0.000000	0.000000	0.000000	1660178562.138146	0.000000
176.000000	-211.758745	-154.680392	-144.171273	-320.187795	0.000000	0.000000	0.000000	0.000000	0.000000	0.000000	0.000000	0.000000	1660178562.142031	0.000000
176.000000	-200.120177	-142.432220	-128.751666	-335.102516	0.000000	0.000000	0.000000	0.000000	0.000000	0.000000	0.000000	0.000000	1660178562.142031	0.000000
177.000000	-260.470942	-193.665109	-171.741816	-345.877168	0.000000	0.000000	0.000000	0.000000	0.000000	0.000000	0.000000	0.000000	1660178562.166585	0.000000
177.000000	-236.172812	-173.772581	-153.939892	-326.036998	0.000000	0.000000	0.000000	0.000000	0.000000	0.000000	0.000000	0.000000	1660178562.166585	0.000000
178.000000	-187.804686	-132.248472	-121.425202	-327.349703	0.000000	0.000000	0.000000	0.000000	0.000000	0.000000	0.000000	0.000000	1660178562.171906	0.000000
178.000000	-242.238930	-182.460369	-164.430311	-349.792843	0.000000	0.000000	0.000000	0.000000	0.000000	0.000000	0.000000	0.000000	1660178562.171906	0.000000
179.000000	-253.769042	-201.533859	-172.833867	-336.624655	0.000000	0.000000	0.000000	0.000000	0.000000	0.000000	0.000000	0.000000	1660178562.175769	0.000000
179.000000	-183.182170	-125.606410	-119.080285	-311.956275	0.000000	0.000000	0.000000	0.000000	0.000000	0.000000	0.000000	0.000000	1660178562.175769	0.000000
180.000000	-211.728826	-162.571581	-147.638161	-338.475906	0.000000	0.000000	0.000000	0.000000	0.000000	0.000000	0.000000	0.000000	1660178562.182184	0.000000
180.000000	-260.381185	-204.881069	-175.115206	-341.867995	0.000000	0.000000	0.000000	0.000000	0.000000	0.000000	0.000000	0.000000	1660178562.182184	0.000000
181.000000	-204.896029	-152.428972	-133.493859	-314.858437	0.000000	0.000000	0.000000	0.000000	0.000000	0.000000	0.000000	0.000000	1660178562.211256	0.000000
181.000000	-193.018107	-134.028665	-126.040238	-320.984393	0.000000	0.000000	0.000000	0.000000	0.000000	0.000000	0.000000	0.000000	1660178562.211256	0.000000
182.000000	-254.924671	-196.926302	-176.072620	-341.176113	0.000000	0.000000	0.000000	0.000000	0.000000	0.000000	0.000000	0.000000	1660178562.216577	0.000000
182.000000	-224.261231	-169.389419	-153.087195	-321.268626	0.000000	0.000000	0.000000	0.000000	0.000000	0.000000	0.000000	0.000000	1660178562.216577	0.000000
183.000000	-174.221369	-117.857337	-110.325179	-314.544286	0.000000	0.000000	0.000000	0.000000	0.000000	0.000000	0.000000	0.000000	1660178562.221004	0.000000
183.000000	-237.354621	-176.641085	-154.478438	-341.927833	0.000000	0.000000	0.000000	0.000000	0.000000	0.000000	0.000000	0.000000	1660178562.221004	0.000000
184.000000	-248.649119	-189.382924	-162.134013	-326.639122	0.000000	0.000000	0.000000	0.000000	0.000000	0.000000	0.000000	0.000000	1660178562.225498	0.000000
184.000000	-177.935090	-125.640069	-117.191635	-310.871704	0.000000	0.000000	0.000000	0.000000	0.000000	0.000000	0.000000	0.000000	1660178562.225498	0.000000
185.000000	-209.383909	-155.892120	-139.948926	-338.988272	0.000000	0.000000	0.000000	0.000000	0.000000	0.000000	0.000000	0.000000	1660178562.232168	0.000000
185.000000	-263.937830	-201.290765	-172.213043	-332.308811	0.000000	0.000000	0.000000	0.000000	0.000000	0.000000	0.000000	0.000000	1660178562.232168	0.000000
186.000000	-201.503940	-142.791250	-129.065817	-308.119138	0.000000	0.000000	0.000000	0.000000	0.000000	0.000000	0.000000	0.000000	1660178562.255512	0.000000
186.000000	-189.457722	-133.127349	-120.965194	-323.239553	0.000000	0.000000	0.000000	0.000000	0.000000	0.000000	0.000000	0.000000	1660178562.255512	0.000000
187.000000	-256.057860	-203.063478	-175.724809	-343.696806	0.000000	0.000000	0.000000	0.000000	0.000000	0.000000	0.000000	0.000000	1660178562.262063	0.000000
187.000000	-228.988464	-176.046441	-153.977291	-318.643216	0.000000	0.000000	0.000000	0.000000	0.000000	0.000000	0.000000	0.000000	1660178562.262063	0.000000
188.000000	-179.341293	-124.854690	-121.600977	-321.870750	0.000000	0.000000	0.000000	0.000000	0.000000	0.000000	0.000000	0.000000	1660178562.265959	0.000000
188.000000	-233.356668	-180.283747	-154.856168	-337.436213	0.000000	0.000000	0.000000	0.000000	0.000000	0.000000	0.000000	0.000000	1660178562.265959	0.000000
189.000000	-243.095367	-191.709142	-166.894905	-323.729480	0.000000	0.000000	0.000000	0.000000	0.000000	0.000000	0.000000	0.000000	1660178562.272058	0.000000
189.000000	-181.214982	-129.338830	-123.115637	-311.948795	0.000000	0.000000	0.000000	0.000000	0.000000	0.000000	0.000000	0.000000	1660178562.272058	0.000000
190.000000	-205.991820	-155.514390	-142.929627	-334.855682	0.000000	0.000000	0.000000	0.000000	0.000000	0.000000	0.000000	0.000000	1660178562.300083	0.000000
190.000000	-257.452843	-203.901216	-174.344786	-329.784378	0.000000	0.000000	0.000000	0.000000	0.000000	0.000000	0.000000	0.000000	1660178562.300083	0.000000
191.000000	-207.962747	-146.329196	-137.069203	-318.082231	0.000000	0.000000	0.000000	0.000000	0.000000	0.000000	0.000000	0.000000	1660178562.306053	0.000000
191.000000	-200.744740	-137.278638	-132.427987	-331.474813	0.000000	0.000000	0.000000	0.000000	0.000000	0.000000	0.000000	0.000000	1660178562.306053	0.000000
192.000000	-259.135798	-202.001346	-175.081546	-344.979592	0.000000	0.000000	0.000000	0.000000	0.000000	0.000000	0.000000	0.000000	1660178562.311563	0.000000
192.000000	-227.978691	-172.852566	-153.607041	-321.010573	0.000000	0.000000	0.000000	0.000000	0.000000	0.000000	0.000000	0.000000	1660178562.311563	0.000000
193.000000	-174.232589	-122.446194	-115.441362	-321.223747	0.000000	0.000000	0.000000	0.000000	0.000000	0.000000	0.000000	0.000000	1660178562.316047	0.000000
193.000000	-233.652120	-181.069126	-161.169119	-348.259484	0.000000	0.000000	0.000000	0.000000	0.000000	0.000000	0.000000	0.000000	1660178562.316047	0.000000
194.000000	-253.050981	-195.737014	-171.902632	-340.214959	0.000000	0.000000	0.000000	0.000000	0.000000	0.000000	0.000000	0.000000	1660178562.320391	0.000000
194.000000	-182.378091	-130.064371	-120.153636	-321.676275	0.000000	0.000000	0.000000	0.000000	0.000000	0.000000	0.000000	0.000000	1660178562.320391	0.000000
195.000000	-215.857676	-163.039069	-148.468418	-352.560369	0.000000	0.000000	0.000000	0.000000	0.000000	0.000000	0.000000	0.000000	1660178562.344187	0.000000
195.000000	-271.309172	-210.771412	-185.448549	-356.917352	0.000000	0.000000	0.000000	0.000000	0.000000	0.000000	0.000000	0.000000	1660178562.344187	0.000000
196.000000	-207.192327	-152.316775	-141.044717	-328.576390	0.000000	0.000000	0.000000	0.000000	0.000000	0.000000	0.000000	0.000000	1660178562.361102	0.000000
196.000000	-195.449042	-139.698353	-133.404101	-345.293743	0.000000	0.000000	0.000000	0.000000	0.000000	0.000000	0.000000	0.000000	1660178562.361102	0.000000
197.000000	-258.114805	-198.796252	-173.907218	-356.304009	0.000000	0.000000	0.000000	0.000000	0.000000	0.000000	0.000000	0.000000	1660178562.364491	0.000000
197.000000	-225.880608	-175.620092	-155.121700	-335.210973	0.000000	0.000000	0.000000	0.000000	0.000000	0.000000	0.000000	0.000000	1660178562.364491	0.000000
198.000000	-178.215583	-121.784232	-119.794605	-335.685940	0.000000	0.000000	0.000000	0.000000	0.000000	0.000000	0.000000	0.000000	1660178562.370036	0.000000
198.000000	-235.843701	-182.520207	-160.645533	-350.937252	0.000000	0.000000	0.000000	0.000000	0.000000	0.000000	0.000000	0.000000	1660178562.370036	0.000000
199.000000	-249.266202	-184.554713	-166.322701	-340.951719	0.000000	0.000000	0.000000	0.000000	0.000000	0.000000	0.000000	0.000000	1660178562.374603	0.000000
199.000000	-186.589219	-126.085117	-119.278499	-326.515706	0.000000	0.000000	0.000000	0.000000	0.000000	0.000000	0.000000	0.000000	1660178562.374603	0.000000
200.000000	-223.790003	-162.878253	-151.078869	-354.374220	0.000000	0.000000	0.000000	0.000000	0.000000	0.000000	0.000000	0.000000	1660178562.390162	0.000000
200.000000	-269.499061	-208.437714	-180.317406	-354.759430	0.000000	0.000000	0.000000	0.000000	0.000000	0.000000	0.000000	0.000000	1660178562.390162	0.000000
0.000000	-210.603116	-155.260077	-142.303193	-332.125555	0.000000	0.000000	0.000000	0.000000	0.000000	0.000000	0.000000	0.000000	1660178562.406082	0.000000
101.000000	-197.636883	-143.819723	-137.433844	-353.738437	0.000000	0.000000	0.000000	0.000000	0.000000	0.000000	0.000000	0.000000	1660178562.410570	0.000000
101.000000	-261.323639	-203.400069	-178.924294	-364.599107	0.000000	0.000000	0.000000	0.000000	0.000000	0.000000	0.000000	0.000000	1660178562.410570	0.000000
102.000000	-234.415059	-178.540954	-161.473920	-348.566156	0.000000	0.000000	0.000000	0.000000	0.000000	0.000000	0.000000	0.000000	1660178562.415071	0.000000
102.000000	-177.796714	-126.709680	-123.786949	-341.737098	0.000000	0.000000	0.000000	0.000000	0.000000	0.000000	0.000000	0.000000	1660178562.415071	0.000000
103.000000	-235.656706	-185.676683	-167.685894	-364.202677	0.000000	0.000000	0.000000	0.000000	0.000000	0.000000	0.000000	0.000000	1660178562.422062	0.000000
103.000000	-257.927810	-201.720854	-180.394074	-346.385794	0.000000	0.000000	0.000000	0.000000	0.000000	0.000000	0.000000	0.000000	1660178562.422062	0.000000
104.000000	-186.604178	-136.893428	-128.600200	-332.738899	0.000000	0.000000	0.000000	0.000000	0.000000	0.000000	0.000000	0.000000	1660178562.450195	0.000000
104.000000	-218.748618	-160.413659	-148.414190	-352.448172	0.000000	0.000000	0.000000	0.000000	0.000000	0.000000	0.000000	0.000000	1660178562.450195	0.000000
105.000000	-267.341138	-217.196560	-188.487218	-359.101454	0.000000	0.000000	0.000000	0.000000	0.000000	0.000000	0.000000	0.000000	1660178562.455804	0.000000
105.000000	-205.812304	-151.535136	-140.036814	-333.572897	0.000000	0.000000	0.000000	0.000000	0.000000	0.000000	0.000000	0.000000	1660178562.455804	0.000000
106.000000	-194.315852	-144.743478	-135.724709	-347.926633	0.000000	0.000000	0.000000	0.000000	0.000000	0.000000	0.000000	0.000000	1660178562.460949	0.000000
106.000000	-243.637653	-201.960207	-172.177514	-364.688864	0.000000	0.000000	0.000000	0.000000	0.000000	0.000000	0.000000	0.000000	1660178562.460949	0.000000
107.000000	-220.285717	-167.695244	-149.779253	-332.379869	0.000000	0.000000	0.000000	0.000000	0.000000	0.000000	0.000000	0.000000	1660178562.465436	0.000000
107.000000	-175.706110	-127.177168	-125.656899	-343.210619	0.000000	0.000000	0.000000	0.000000	0.000000	0.000000	0.000000	0.000000	1660178562.465436	0.000000
108.000000	-232.257137	-185.336352	-165.352197	-359.744717	0.000000	0.000000	0.000000	0.000000	0.000000	0.000000	0.000000	0.000000	1660178562.480833	0.000000
108.000000	-244.284655	-193.784786	-175.390088	-349.575929	0.000000	0.000000	0.000000	0.000000	0.000000	0.000000	0.000000	0.000000	1660178562.480833	0.000000
109.000000	-177.134752	-130.984386	-124.516229	-328.901762	0.000000	0.000000	0.000000	0.000000	0.000000	0.000000	0.000000	0.000000	1660178562.486171	0.000000
109.000000	-208.677068	-160.712851	-149.397784	-353.472904	0.000000	0.000000	0.000000	0.000000	0.000000	0.000000	0.000000	0.000000	1660178562.486171	0.000000
110.000000	-265.314113	-202.394036	-179.354382	-352.579068	0.000000	0.000000	0.000000	0.000000	0.000000	0.000000	0.000000	0.000000	1660178562.489422	0.000000
110.000000	-201.077591	-149.560469	-136.020161	-330.169588	0.000000	0.000000	0.000000	0.000000	0.000000	0.000000	0.000000	0.000000	1660178562.489422	0.000000
111.000000	-191.241654	-135.648041	-130.264455	-344.777637	0.000000	0.000000	0.000000	0.000000	0.000000	0.000000	0.000000	0.000000	1660178562.494590	0.000000
111.000000	-259.262955	-207.689734	-183.475752	-362.003616	0.000000	0.000000	0.000000	0.000000	0.000000	0.000000	0.000000	0.000000	1660178562.494590	0.000000
112.000000	-233.510003	-175.025448	-158.717614	-331.112043	0.000000	0.000000	0.000000	0.000000	0.000000	0.000000	0.000000	0.000000	1660178562.527088	0.000000
112.000000	-181.775967	-128.059784	-123.872966	-330.113489	0.000000	0.000000	0.000000	0.000000	0.000000	0.000000	0.000000	0.000000	1660178562.527088	0.000000
113.000000	-231.868187	-185.717822	-166.414328	-355.092281	0.000000	0.000000	0.000000	0.000000	0.000000	0.000000	0.000000	0.000000	1660178562.533050	0.000000
113.000000	-246.887626	-196.092304	-174.185840	-341.198553	0.000000	0.000000	0.000000	0.000000	0.000000	0.000000	0.000000	0.000000	1660178562.533050	0.000000
114.000000	-181.540354	-132.450427	-128.992889	-331.583270	0.000000	0.000000	0.000000	0.000000	0.000000	0.000000	0.000000	0.000000	1660178562.539170	0.000000
114.000000	-212.910635	-167.571827	-154.435429	-353.768357	0.000000	0.000000	0.000000	0.000000	0.000000	0.000000	0.000000	0.000000	1660178562.539170	0.000000
115.000000	-264.513774	-213.778291	-186.879061	-354.377960	0.000000	0.000000	0.000000	0.000000	0.000000	0.000000	0.000000	0.000000	1660178562.542515	0.000000
115.000000	-198.085671	-155.020723	-140.036814	-328.505332	0.000000	0.000000	0.000000	0.000000	0.000000	0.000000	0.000000	0.000000	1660178562.542515	0.000000
116.000000	-189.854151	-135.749019	-130.761862	-333.180207	0.000000	0.000000	0.000000	0.000000	0.000000	0.000000	0.000000	0.000000	1660178562.547058	0.000000
116.000000	-258.174644	-194.846918	-174.701947	-351.632874	0.000000	0.000000	0.000000	0.000000	0.000000	0.000000	0.000000	0.000000	1660178562.547058	0.000000
117.000000	-221.205733	-170.896598	-151.933436	-327.873289	0.000000	0.000000	0.000000	0.000000	0.000000	0.000000	0.000000	0.000000	1660178562.569463	0.000000
117.000000	-173.892258	-130.733813	-126.535775	-337.084663	0.000000	0.000000	0.000000	0.000000	0.000000	0.000000	0.000000	0.000000	1660178562.569463	0.000000
118.000000	-231.314682	-185.052120	-165.206341	-355.720584	0.000000	0.000000	0.000000	0.000000	0.000000	0.000000	0.000000	0.000000	1660178562.572729	0.000000
118.000000	-243.992943	-196.223201	-171.504332	-346.613928	0.000000	0.000000	0.000000	0.000000	0.000000	0.000000	0.000000	0.000000	1660178562.572729	0.000000
119.000000	-177.916391	-131.593990	-124.557368	-328.557691	0.000000	0.000000	0.000000	0.000000	0.000000	0.000000	0.000000	0.000000	1660178562.578166	0.000000
119.000000	-204.821231	-160.626833	-146.200169	-355.668226	0.000000	0.000000	0.000000	0.000000	0.000000	0.000000	0.000000	0.000000	1660178562.578166	0.000000
120.000000	-256.645025	-203.616983	-180.917660	-353.592581	0.000000	0.000000	0.000000	0.000000	0.000000	0.000000	0.000000	0.000000	1660178562.583401	0.000000
120.000000	-192.214028	-146.691966	-139.049480	-328.460454	0.000000	0.000000	0.000000	0.000000	0.000000	0.000000	0.000000	0.000000	1660178562.583401	0.000000
121.000000	-185.010981	-143.041824	-133.334913	-338.180453	0.000000	0.000000	0.000000	0.000000	0.000000	0.000000	0.000000	0.000000	1660178562.615573	0.000000
121.000000	-250.126379	-203.228034	-176.530758	-357.332481	0.000000	0.000000	0.000000	0.000000	0.000000	0.000000	0.000000	0.000000	1660178562.615573	0.000000
122.000000	-217.118022	-171.442624	-153.029226	-333.355983	0.000000	0.000000	0.000000	0.000000	0.000000	0.000000	0.000000	0.000000	1660178562.621064	0.000000
122.000000	-178.484855	-128.351497	-126.042108	-335.491465	0.000000	0.000000	0.000000	0.000000	0.000000	0.000000	0.000000	0.000000	1660178562.621064	0.000000
123.000000	-239.273189	-189.820492	-166.919215	-367.748103	0.000000	0.000000	0.000000	0.000000	0.000000	0.000000	0.000000	0.000000	1660178562.626325	0.000000
123.000000	-245.806795	-198.272666	-177.499392	-349.605848	0.000000	0.000000	0.000000	0.000000	0.000000	0.000000	0.000000	0.000000	1660178562.626325	0.000000
124.000000	-189.386664	-131.320977	-128.001816	-330.543578	0.000000	0.000000	0.000000	0.000000	0.000000	0.000000	0.000000	0.000000	1660178562.631173	0.000000
124.000000	-215.143355	-160.903586	-151.073259	-353.618761	0.000000	0.000000	0.000000	0.000000	0.000000	0.000000	0.000000	0.000000	1660178562.631173	0.000000
125.000000	-268.762300	-212.828357	-185.929126	-358.693805	0.000000	0.000000	0.000000	0.000000	0.000000	0.000000	0.000000	0.000000	1660178562.636050	0.000000
125.000000	-205.924501	-152.597268	-142.766941	-335.637322	0.000000	0.000000	0.000000	0.000000	0.000000	0.000000	0.000000	0.000000	1660178562.636050	0.000000
126.000000	-200.120177	-144.077776	-135.507795	-346.890680	0.000000	0.000000	0.000000	0.000000	0.000000	0.000000	0.000000	0.000000	1660178562.644573	0.000000
126.000000	-269.798253	-210.569457	-181.048557	-371.293528	0.000000	0.000000	0.000000	0.000000	0.000000	0.000000	0.000000	0.000000	1660178562.644573	0.000000
127.000000	-240.372720	-182.714682	-165.516752	-338.423547	0.000000	0.000000	0.000000	0.000000	0.000000	0.000000	0.000000	0.000000	1660178562.675066	0.000000
127.000000	-189.461462	-128.437514	-130.578607	-341.105055	0.000000	0.000000	0.000000	0.000000	0.000000	0.000000	0.000000	0.000000	1660178562.675066	0.000000
128.000000	-250.571427	-189.008934	-167.618576	-367.490049	0.000000	0.000000	0.000000	0.000000	0.000000	0.000000	0.000000	0.000000	1660178562.679424	0.000000
128.000000	-264.786787	-202.738107	-180.087403	-351.838568	0.000000	0.000000	0.000000	0.000000	0.000000	0.000000	0.000000	0.000000	1660178562.679424	0.000000
129.000000	-199.286179	-137.764825	-130.750642	-330.416421	0.000000	0.000000	0.000000	0.000000	0.000000	0.000000	0.000000	0.000000	1660178562.685174	0.000000
129.000000	-236.524363	-168.959330	-154.745840	-351.027010	0.000000	0.000000	0.000000	0.000000	0.000000	0.000000	0.000000	0.000000	1660178562.685174	0.000000
130.000000	-286.799838	-213.183647	-184.231212	-355.735544	0.000000	0.000000	0.000000	0.000000	0.000000	0.000000	0.000000	0.000000	1660178562.690522	0.000000
130.000000	-225.446779	-151.336922	-145.523247	-328.692327	0.000000	0.000000	0.000000	0.000000	0.000000	0.000000	0.000000	0.000000	1660178562.690522	0.000000
131.000000	-222.941046	-154.527056	-142.497668	-348.124847	0.000000	0.000000	0.000000	0.000000	0.000000	0.000000	0.000000	0.000000	1660178562.696054	0.000000
131.000000	-280.804778	-206.186294	-179.107549	-359.359507	0.000000	0.000000	0.000000	0.000000	0.000000	0.000000	0.000000	0.000000	1660178562.696054	0.000000
132.000000	-255.466956	-175.889365	-163.560785	-335.360569	0.000000	0.000000	0.000000	0.000000	0.000000	0.000000	0.000000	0.000000	1660178562.720470	0.000000
132.000000	-210.992066	-133.557437	-130.088680	-336.407741	0.000000	0.000000	0.000000	0.000000	0.000000	0.000000	0.000000	0.000000	1660178562.720470	0.000000
133.000000	-267.206502	-189.622278	-169.724140	-353.618761	0.000000	0.000000	0.000000	0.000000	0.000000	0.000000	0.000000	0.000000	1660178562.726074	0.000000
133.000000	-278.530919	-201.485240	-179.848049	-347.470365	0.000000	0.000000	0.000000	0.000000	0.000000	0.000000	0.000000	0.000000	1660178562.726074	0.000000
134.000000	-206.305971	-136.130488	-134.520462	-325.509672	0.000000	0.000000	0.000000	0.000000	0.000000	0.000000	0.000000	0.000000	1660178562.732168	0.000000
134.000000	-233.008857	-168.304848	-148.739561	-345.551796	0.000000	0.000000	0.000000	0.000000	0.000000	0.000000	0.000000	0.000000	1660178562.732168	0.000000
135.000000	-281.193728	-204.578137	-179.949026	-344.598122	0.000000	0.000000	0.000000	0.000000	0.000000	0.000000	0.000000	0.000000	1660178562.737041	0.000000
135.000000	-223.258938	-148.636714	-142.546287	-325.382516	0.000000	0.000000	0.000000	0.000000	0.000000	0.000000	0.000000	0.000000	1660178562.737041	0.000000
136.000000	-219.182447	-144.911774	-141.001708	-346.995398	0.000000	0.000000	0.000000	0.000000	0.000000	0.000000	0.000000	0.000000	1660178562.766112	0.000000
136.000000	-283.519946	-209.698060	-187.387687	-355.436352	0.000000	0.000000	0.000000	0.000000	0.000000	0.000000	0.000000	0.000000	1660178562.766112	0.000000
137.000000	-250.040361	-177.519961	-165.920662	-334.339576	0.000000	0.000000	0.000000	0.000000	0.000000	0.000000	0.000000	0.000000	1660178562.769769	0.000000
137.000000	-202.749326	-133.011412	-129.116306	-334.391935	0.000000	0.000000	0.000000	0.000000	0.000000	0.000000	0.000000	0.000000	1660178562.769769	0.000000
138.000000	-258.780507	-181.802147	-166.870596	-345.592935	0.000000	0.000000	0.000000	0.000000	0.000000	0.000000	0.000000	0.000000	1660178562.774042	0.000000
138.000000	-264.599792	-191.896137	-170.588057	-328.995259	0.000000	0.000000	0.000000	0.000000	0.000000	0.000000	0.000000	0.000000	1660178562.774042	0.000000
139.000000	-206.276052	-132.117576	-129.370619	-319.952181	0.000000	0.000000	0.000000	0.000000	0.000000	0.000000	0.000000	0.000000	1660178562.778159	0.000000
139.000000	-233.001377	-165.189511	-156.780346	-344.197953	0.000000	0.000000	0.000000	0.000000	0.000000	0.000000	0.000000	0.000000	1660178562.778159	0.000000
140.000000	-288.823124	-218.139015	-195.585548	-350.477245	0.000000	0.000000	0.000000	0.000000	0.000000	0.000000	0.000000	0.000000	1660178562.781770	0.000000
140.000000	-226.654767	-153.113374	-152.744994	-323.460207	0.000000	0.000000	0.000000	0.000000	0.000000	0.000000	0.000000	0.000000	1660178562.781770	0.000000
141.000000	-217.978199	-154.328842	-145.699022	-343.240538	0.000000	0.000000	0.000000	0.000000	0.000000	0.000000	0.000000	0.000000	1660178562.811085	0.000000
141.000000	-282.289519	-211.747526	-188.337622	-359.475444	0.000000	0.000000	0.000000	0.000000	0.000000	0.000000	0.000000	0.000000	1660178562.811085	0.000000
142.000000	-240.600854	-177.220769	-157.831258	-320.640323	0.000000	0.000000	0.000000	0.000000	0.000000	0.000000	0.000000	0.000000	1660178562.816385	0.000000
142.000000	-190.418876	-133.789311	-125.122093	-321.223747	0.000000	0.000000	0.000000	0.000000	0.000000	0.000000	0.000000	0.000000	1660178562.816385	0.000000
143.000000	-250.137599	-184.139584	-164.454621	-347.511504	0.000000	0.000000	0.000000	0.000000	0.000000	0.000000	0.000000	0.000000	1660178562.820039	0.000000
143.000000	-258.960023	-191.398730	-173.654775	-330.143408	0.000000	0.000000	0.000000	0.000000	0.000000	0.000000	0.000000	0.000000	1660178562.820039	0.000000
144.000000	-204.103170	-136.396021	-131.105933	-323.269472	0.000000	0.000000	0.000000	0.000000	0.000000	0.000000	0.000000	0.000000	1660178562.826187	0.000000
144.000000	-238.648626	-165.750496	-149.955029	-345.394721	0.000000	0.000000	0.000000	0.000000	0.000000	0.000000	0.000000	0.000000	1660178562.826187	0.000000
145.000000	-282.274559	-209.230573	-185.394321	-347.350688	0.000000	0.000000	0.000000	0.000000	0.000000	0.000000	0.000000	0.000000	1660178562.856080	0.000000
145.000000	-220.910281	-157.889226	-143.608418	-325.648049	0.000000	0.000000	0.000000	0.000000	0.000000	0.000000	0.000000	0.000000	1660178562.856080	0.000000
146.000000	-215.506125	-147.963532	-145.040800	-347.593782	0.000000	0.000000	0.000000	0.000000	0.000000	0.000000	0.000000	0.000000	1660178562.860662	0.000000
146.000000	-278.998407	-212.158915	-186.692066	-355.477491	0.000000	0.000000	0.000000	0.000000	0.000000	0.000000	0.000000	0.000000	1660178562.860662	0.000000
147.000000	-246.629573	-179.576906	-160.950334	-336.647095	0.000000	0.000000	0.000000	0.000000	0.000000	0.000000	0.000000	0.000000	1660178562.866603	0.000000
147.000000	-200.797099	-134.948680	-134.718676	-338.303870	0.000000	0.000000	0.000000	0.000000	0.000000	0.000000	0.000000	0.000000	1660178562.866603	0.000000
148.000000	-261.035667	-192.819892	-174.376575	-363.899745	0.000000	0.000000	0.000000	0.000000	0.000000	0.000000	0.000000	0.000000	1660178562.871410	0.000000
148.000000	-271.043639	-201.881670	-178.539084	-341.800677	0.000000	0.000000	0.000000	0.000000	0.000000	0.000000	0.000000	0.000000	1660178562.871410	0.000000
149.000000	-206.960454	-140.797884	-139.520708	-338.475906	0.000000	0.000000	0.000000	0.000000	0.000000	0.000000	0.000000	0.000000	1660178562.877198	0.000000
149.000000	-235.495890	-170.328134	-153.960461	-357.351181	0.000000	0.000000	0.000000	0.000000	0.000000	0.000000	0.000000	0.000000	1660178562.877198	0.000000
150.000000	-278.108310	-214.784324	-179.399261	-354.269503	0.000000	0.000000	0.000000	0.000000	0.000000	0.000000	0.000000	0.000000	1660178562.900079	0.000000
150.000000	-220.143601	-157.272143	-137.927510	-330.154628	0.000000	0.000000	0.000000	0.000000	0.000000	0.000000	0.000000	0.000000	1660178562.900079	0.000000
151.000000	-209.952374	-143.329796	-138.021008	-346.303516	0.000000	0.000000	0.000000	0.000000	0.000000	0.000000	0.000000	0.000000	1660178562.904539	0.000000
151.000000	-268.317252	-200.202454	-179.014051	-357.598014	0.000000	0.000000	0.000000	0.000000	0.000000	0.000000	0.000000	0.000000	1660178562.904539	0.000000
152.000000	-238.854321	-171.117253	-154.506487	-325.120723	0.000000	0.000000	0.000000	0.000000	0.000000	0.000000	0.000000	0.000000	1660178562.909763	0.000000
152.000000	-199.260000	-135.090796	-128.648819	-334.044124	0.000000	0.000000	0.000000	0.000000	0.000000	0.000000	0.000000	0.000000	1660178562.909763	0.000000
153.000000	-254.169211	-189.917730	-166.780839	-356.535882	0.000000	0.000000	0.000000	0.000000	0.000000	0.000000	0.000000	0.000000	1660178562.914940	0.000000
153.000000	-262.082839	-198.190388	-172.648742	-342.294343	0.000000	0.000000	0.000000	0.000000	0.000000	0.000000	0.000000	0.000000	1660178562.914940	0.000000
154.000000	-198.489580	-134.627049	-125.974790	-323.819238	0.000000	0.000000	0.000000	0.000000	0.000000	0.000000	0.000000	0.000000	1660178562.946162	0.000000
154.000000	-235.050842	-168.144032	-155.613497	-360.810588	0.000000	0.000000	0.000000	0.000000	0.000000	0.000000	0.000000	0.000000	1660178562.946162	0.000000
155.000000	-280.397129	-213.523978	-186.576129	-354.321862	0.000000	0.000000	0.000000	0.000000	0.000000	0.000000	0.000000	0.000000	1660178562.949671	0.000000
155.000000	-209.997252	-148.333782	-137.860192	-327.469380	0.000000	0.000000	0.000000	0.000000	0.000000	0.000000	0.000000	0.000000	1660178562.949671	0.000000
156.000000	-208.202100	-148.113128	-139.733882	-349.018684	0.000000	0.000000	0.000000	0.000000	0.000000	0.000000	0.000000	0.000000	1660178562.955041	0.000000
156.000000	-268.964255	-206.380769	-180.936360	-360.331881	0.000000	0.000000	0.000000	0.000000	0.000000	0.000000	0.000000	0.000000	1660178562.955041	0.000000
157.000000	-237.930565	-177.018815	-159.286079	-333.359722	0.000000	0.000000	0.000000	0.000000	0.000000	0.000000	0.000000	0.000000	1660178562.959780	0.000000
157.000000	-191.282793	-125.269819	-124.355413	-332.570604	0.000000	0.000000	0.000000	0.000000	0.000000	0.000000	0.000000	0.000000	1660178562.959780	0.000000
158.000000	-258.092366	-187.030527	-170.565617	-361.401492	0.000000	0.000000	0.000000	0.000000	0.000000	0.000000	0.000000	0.000000	1660178562.965400	0.000000
158.000000	-260.134351	-191.219215	-174.402755	-339.268764	0.000000	0.000000	0.000000	0.000000	0.000000	0.000000	0.000000	0.000000	1660178562.965400	0.000000
159.000000	-200.901816	-138.849396	-135.130065	-335.308210	0.000000	0.000000	0.000000	0.000000	0.000000	0.000000	0.000000	0.000000	1660178563.006203	0.000000
159.000000	-235.151820	-174.438284	-158.695175	-354.961385	0.000000	0.000000	0.000000	0.000000	0.000000	0.000000	0.000000	0.000000	1660178563.006203	0.000000
160.000000	-278.003593	-213.101369	-183.068103	-351.404740	0.000000	0.000000	0.000000	0.000000	0.000000	0.000000	0.000000	0.000000	1660178563.010710	0.000000
160.000000	-213.176167	-151.729611	-143.305487	-328.198661	0.000000	0.000000	0.000000	0.000000	0.000000	0.000000	0.000000	0.000000	1660178563.010710	0.000000
161.000000	-211.033205	-152.174659	-141.428057	-348.790550	0.000000	0.000000	0.000000	0.000000	0.000000	0.000000	0.000000	0.000000	1660178563.015851	0.000000
161.000000	-272.468541	-206.010519	-175.603263	-352.246217	0.000000	0.000000	0.000000	0.000000	0.000000	0.000000	0.000000	0.000000	1660178563.015851	0.000000
162.000000	-245.283209	-184.401377	-163.306471	-337.058484	0.000000	0.000000	0.000000	0.000000	0.000000	0.000000	0.000000	0.000000	1660178563.022161	0.000000
162.000000	-191.290273	-135.984632	-128.738576	-337.709226	0.000000	0.000000	0.000000	0.000000	0.000000	0.000000	0.000000	0.000000	1660178563.022161	0.000000
163.000000	-244.823201	-185.542047	-167.027672	-356.965971	0.000000	0.000000	0.000000	0.000000	0.000000	0.000000	0.000000	0.000000	1660178563.036424	0.000000
163.000000	-250.440531	-197.016060	-172.394428	-342.481338	0.000000	0.000000	0.000000	0.000000	0.000000	0.000000	0.000000	0.000000	1660178563.036424	0.000000
164.000000	-191.630604	-133.905248	-132.519615	-329.466487	0.000000	0.000000	0.000000	0.000000	0.000000	0.000000	0.000000	0.000000	1660178563.040165	0.000000
164.000000	-232.257137	-166.681731	-159.072905	-351.988164	0.000000	0.000000	0.000000	0.000000	0.000000	0.000000	0.000000	0.000000	1660178563.040165	0.000000
165.000000	-266.608118	-205.184001	-178.086556	-353.435505	0.000000	0.000000	0.000000	0.000000	0.000000	0.000000	0.000000	0.000000	1660178563.043800	0.000000
165.000000	-209.084717	-144.881854	-136.468949	-331.994659	0.000000	0.000000	0.000000	0.000000	0.000000	0.000000	0.000000	0.000000	1660178563.043800	0.000000
166.000000	-205.060585	-141.530904	-132.983363	-338.741438	0.000000	0.000000	0.000000	0.000000	0.000000	0.000000	0.000000	0.000000	1660178563.050059	0.000000
166.000000	-269.472881	-204.189188	-179.462839	-354.523816	0.000000	0.000000	0.000000	0.000000	0.000000	0.000000	0.000000	0.000000	1660178563.050059	0.000000
167.000000	-231.273543	-167.953297	-154.068919	-327.641415	0.000000	0.000000	0.000000	0.000000	0.000000	0.000000	0.000000	0.000000	1660178563.054431	0.000000
167.000000	-187.991681	-126.440408	-121.210158	-329.870396	0.000000	0.000000	0.000000	0.000000	0.000000	0.000000	0.000000	0.000000	1660178563.054431	0.000000
168.000000	-248.076914	-184.910004	-169.540885	-353.671119	0.000000	0.000000	0.000000	0.000000	0.000000	0.000000	0.000000	0.000000	1660178563.080554	0.000000
168.000000	-257.680977	-192.677776	-176.785071	-334.537791	0.000000	0.000000	0.000000	0.000000	0.000000	0.000000	0.000000	0.000000	1660178563.080554	0.000000
169.000000	-190.774167	-132.330750	-133.192797	-326.055698	0.000000	0.000000	0.000000	0.000000	0.000000	0.000000	0.000000	0.000000	1660178563.084907	0.000000
169.000000	-228.083409	-168.869573	-153.347118	-348.068749	0.000000	0.000000	0.000000	0.000000	0.000000	0.000000	0.000000	0.000000	1660178563.084907	0.000000
170.000000	-274.035559	-215.068557	-182.712812	-344.927233	0.000000	0.000000	0.000000	0.000000	0.000000	0.000000	0.000000	0.000000	1660178563.088784	0.000000
170.000000	-211.605409	-147.731658	-143.870211	-325.259099	0.000000	0.000000	0.000000	0.000000	0.000000	0.000000	0.000000	0.000000	1660178563.088784	0.000000
171.000000	-207.749573	-148.464678	-140.515521	-339.702593	0.000000	0.000000	0.000000	0.000000	0.000000	0.000000	0.000000	0.000000	1660178563.094573	0.000000
171.000000	-271.507387	-208.471373	-180.809203	-357.164186	0.000000	0.000000	0.000000	0.000000	0.000000	0.000000	0.000000	0.000000	1660178563.094573	0.000000
172.000000	-238.356914	-179.883578	-164.686495	-335.132435	0.000000	0.000000	0.000000	0.000000	0.000000	0.000000	0.000000	0.000000	1660178563.125423	0.000000
172.000000	-191.372551	-131.085363	-131.509842	-332.215313	0.000000	0.000000	0.000000	0.000000	0.000000	0.000000	0.000000	0.000000	1660178563.125423	0.000000
173.000000	-257.333166	-194.256014	-173.172328	-359.684878	0.000000	0.000000	0.000000	0.000000	0.000000	0.000000	0.000000	0.000000	1660178563.132026	0.000000
173.000000	-262.684963	-198.321285	-175.704240	-343.532250	0.000000	0.000000	0.000000	0.000000	0.000000	0.000000	0.000000	0.000000	1660178563.132026	0.000000
174.000000	-192.621677	-137.929380	-134.498022	-327.888249	0.000000	0.000000	0.000000	0.000000	0.000000	0.000000	0.000000	0.000000	1660178563.138216	0.000000
174.000000	-230.989311	-162.953051	-154.461608	-350.077075	0.000000	0.000000	0.000000	0.000000	0.000000	0.000000	0.000000	0.000000	1660178563.138216	0.000000
175.000000	-273.373597	-209.933674	-187.331589	-356.711658	0.000000	0.000000	0.000000	0.000000	0.000000	0.000000	0.000000	0.000000	1660178563.144109	0.000000
175.000000	-198.444701	-147.342709	-134.823393	-323.011419	0.000000	0.000000	0.000000	0.000000	0.000000	0.000000	0.000000	0.000000	1660178563.144109	0.000000
176.000000	-194.989034	-148.049550	-138.806387	-344.942193	0.000000	0.000000	0.000000	0.000000	0.000000	0.000000	0.000000	0.000000	1660178563.149546	0.000000
176.000000	-253.769042	-203.400069	-172.764678	-355.096021	0.000000	0.000000	0.000000	0.000000	0.000000	0.000000	0.000000	0.000000	1660178563.149546	0.000000
177.000000	-229.979538	-168.577860	-150.381377	-333.333543	0.000000	0.000000	0.000000	0.000000	0.000000	0.000000	0.000000	0.000000	1660178563.171084	0.000000
177.000000	-182.954036	-125.576491	-127.317414	-330.655775	0.000000	0.000000	0.000000	0.000000	0.000000	0.000000	0.000000	0.000000	1660178563.171084	0.000000
178.000000	-240.428818	-183.874051	-167.151089	-352.956798	0.000000	0.000000	0.000000	0.000000	0.000000	0.000000	0.000000	0.000000	1660178563.176042	0.000000
178.000000	-245.507603	-186.361085	-169.705440	-337.215559	0.000000	0.000000	0.000000	0.000000	0.000000	0.000000	0.000000	0.000000	1660178563.176042	0.000000
179.000000	-185.702862	-134.952420	-133.428411	-329.825517	0.000000	0.000000	0.000000	0.000000	0.000000	0.000000	0.000000	0.000000	1660178563.180160	0.000000
179.000000	-217.869742	-165.226910	-153.941762	-356.947271	0.000000	0.000000	0.000000	0.000000	0.000000	0.000000	0.000000	0.000000	1660178563.180160	0.000000
180.000000	-261.245102	-206.305971	-182.151827	-351.868487	0.000000	0.000000	0.000000	0.000000	0.000000	0.000000	0.000000	0.000000	1660178563.186040	0.000000
180.000000	-195.243347	-149.736244	-141.966602	-328.090203	0.000000	0.000000	0.000000	0.000000	0.000000	0.000000	0.000000	0.000000	1660178563.186040	0.000000
181.000000	-190.115944	-145.813089	-140.601539	-338.603062	0.000000	0.000000	0.000000	0.000000	0.000000	0.000000	0.000000	0.000000	1660178563.199575	0.000000
181.000000	-258.189603	-204.679115	-179.754551	-356.595721	0.000000	0.000000	0.000000	0.000000	0.000000	0.000000	0.000000	0.000000	1660178563.199575	0.000000
182.000000	-225.413120	-170.862939	-157.326371	-334.163801	0.000000	0.000000	0.000000	0.000000	0.000000	0.000000	0.000000	0.000000	1660178563.204298	0.000000
182.000000	-180.006995	-127.248226	-124.482570	-330.809111	0.000000	0.000000	0.000000	0.000000	0.000000	0.000000	0.000000	0.000000	1660178563.204298	0.000000
183.000000	-242.863493	-186.750034	-170.060731	-355.346594	0.000000	0.000000	0.000000	0.000000	0.000000	0.000000	0.000000	0.000000	1660178563.230039	0.000000
183.000000	-251.237129	-195.482701	-178.041677	-342.301823	0.000000	0.000000	0.000000	0.000000	0.000000	0.000000	0.000000	0.000000	1660178563.230039	0.000000
184.000000	-187.060446	-130.400962	-130.354213	-328.890542	0.000000	0.000000	0.000000	0.000000	0.000000	0.000000	0.000000	0.000000	1660178563.236174	0.000000
184.000000	-219.481639	-162.496783	-152.655236	-350.997091	0.000000	0.000000	0.000000	0.000000	0.000000	0.000000	0.000000	0.000000	1660178563.236174	0.000000
185.000000	-266.065833	-211.769965	-185.192366	-352.496791	0.000000	0.000000	0.000000	0.000000	0.000000	0.000000	0.000000	0.000000	1660178563.241050	0.000000
185.000000	-211.328657	-149.900800	-145.990735	-334.743485	0.000000	0.000000	0.000000	0.000000	0.000000	0.000000	0.000000	0.000000	1660178563.241050	0.000000
186.000000	-194.024140	-140.349096	-132.298961	-345.959445	0.000000	0.000000	0.000000	0.000000	0.000000	0.000000	0.000000	0.000000	1660178563.245080	0.000000
186.000000	-263.317006	-207.061431	-180.285617	-361.764263	0.000000	0.000000	0.000000	0.000000	0.000000	0.000000	0.000000	0.000000	1660178563.245080	0.000000
187.000000	-224.560423	-170.500169	-156.589611	-335.824317	0.000000	0.000000	0.000000	0.000000	0.000000	0.000000	0.000000	0.000000	1660178563.275431	0.000000
187.000000	-178.806487	-128.037345	-121.726264	-334.466733	0.000000	0.000000	0.000000	0.000000	0.000000	0.000000	0.000000	0.000000	1660178563.275431	0.000000
188.000000	-243.061708	-183.410304	-168.015006	-352.930619	0.000000	0.000000	0.000000	0.000000	0.000000	0.000000	0.000000	0.000000	1660178563.280420	0.000000
188.000000	-246.147125	-194.798299	-171.594090	-344.500884	0.000000	0.000000	0.000000	0.000000	0.000000	0.000000	0.000000	0.000000	1660178563.280420	0.000000
189.000000	-182.247195	-129.821277	-129.288341	-333.370942	0.000000	0.000000	0.000000	0.000000	0.000000	0.000000	0.000000	0.000000	1660178563.286176	0.000000
189.000000	-220.569950	-161.928318	-149.726895	-354.198445	0.000000	0.000000	0.000000	0.000000	0.000000	0.000000	0.000000	0.000000	1660178563.286176	0.000000
190.000000	-266.249088	-207.424201	-180.955059	-354.733251	0.000000	0.000000	0.000000	0.000000	0.000000	0.000000	0.000000	0.000000	1660178563.291159	0.000000
190.000000	-197.752820	-143.879561	-138.974682	-326.870996	0.000000	0.000000	0.000000	0.000000	0.000000	0.000000	0.000000	0.000000	1660178563.291159	0.000000
191.000000	-191.058399	-141.897414	-140.377145	-344.826256	0.000000	0.000000	0.000000	0.000000	0.000000	0.000000	0.000000	0.000000	1660178563.294708	0.000000
191.000000	-253.327733	-199.663909	-176.201647	-352.242477	0.000000	0.000000	0.000000	0.000000	0.000000	0.000000	0.000000	0.000000	1660178563.294708	0.000000
192.000000	-218.041777	-169.333320	-156.765386	-334.833243	0.000000	0.000000	0.000000	0.000000	0.000000	0.000000	0.000000	0.000000	1660178563.320583	0.000000
192.000000	-174.505602	-127.461400	-126.034629	-336.826610	0.000000	0.000000	0.000000	0.000000	0.000000	0.000000	0.000000	0.000000	1660178563.320583	0.000000
193.000000	-237.212504	-181.974182	-164.271366	-354.852927	0.000000	0.000000	0.000000	0.000000	0.000000	0.000000	0.000000	0.000000	1660178563.325386	0.000000
193.000000	-250.908018	-201.062631	-179.062670	-347.077675	0.000000	0.000000	0.000000	0.000000	0.000000	0.000000	0.000000	0.000000	1660178563.325386	0.000000
194.000000	-180.870912	-133.254505	-127.878399	-330.379022	0.000000	0.000000	0.000000	0.000000	0.000000	0.000000	0.000000	0.000000	1660178563.329365	0.000000
194.000000	-214.728226	-165.664478	-153.362077	-350.660500	0.000000	0.000000	0.000000	0.000000	0.000000	0.000000	0.000000	0.000000	1660178563.329365	0.000000
195.000000	-258.795467	-212.342170	-185.659854	-353.270950	0.000000	0.000000	0.000000	0.000000	0.000000	0.000000	0.000000	0.000000	1660178563.335039	0.000000
195.000000	-197.853797	-148.326302	-136.513828	-324.499899	0.000000	0.000000	0.000000	0.000000	0.000000	0.000000	0.000000	0.000000	1660178563.335039	0.000000
196.000000	-197.678022	-151.684732	-135.642431	-345.585455	0.000000	0.000000	0.000000	0.000000	0.000000	0.000000	0.000000	0.000000	1660178563.366085	0.000000
196.000000	-258.107325	-212.102816	-181.759138	-357.601754	0.000000	0.000000	0.000000	0.000000	0.000000	0.000000	0.000000	0.000000	1660178563.366085	0.000000
197.000000	-217.832343	-170.836760	-151.742701	-328.946641	0.000000	0.000000	0.000000	0.000000	0.000000	0.000000	0.000000	0.000000	1660178563.370568	0.000000
197.000000	-175.668711	-132.091396	-122.799615	-335.914074	0.000000	0.000000	0.000000	0.000000	0.000000	0.000000	0.000000	0.000000	1660178563.370568	0.000000
198.000000	-236.995590	-190.403917	-166.698561	-364.651465	0.000000	0.000000	0.000000	0.000000	0.000000	0.000000	0.000000	0.000000	1660178563.374398	0.000000
198.000000	-246.311681	-199.080484	-169.331450	-345.020731	0.000000	0.000000	0.000000	0.000000	0.000000	0.000000	0.000000	0.000000	1660178563.374398	0.000000
199.000000	-174.501862	-129.982093	-124.411512	-326.882216	0.000000	0.000000	0.000000	0.000000	0.000000	0.000000	0.000000	0.000000	1660178563.381199	0.000000
199.000000	-202.326718	-161.094321	-145.272674	-349.145840	0.000000	0.000000	0.000000	0.000000	0.000000	0.000000	0.000000	0.000000	1660178563.381199	0.000000
200.000000	-249.924424	-208.415275	-182.963386	-349.624547	0.000000	0.000000	0.000000	0.000000	0.000000	0.000000	0.000000	0.000000	1660178563.386437	0.000000
200.000000	-187.385817	-141.325209	-133.428411	-321.407002	0.000000	0.000000	0.000000	0.000000	0.000000	0.000000	0.000000	0.000000	1660178563.386437	0.000000
0.000000	-188.264694	-140.433243	-131.216260	-335.304470	0.000000	0.000000	0.000000	0.000000	0.000000	0.000000	0.000000	0.000000	1660178563.410540	0.000000
101.000000	-250.698584	-202.343547	-173.222816	-353.289649	0.000000	0.000000	0.000000	0.000000	0.000000	0.000000	0.000000	0.000000	1660178563.415412	0.000000
101.000000	-218.842116	-170.689034	-158.438992	-332.694020	0.000000	0.000000	0.000000	0.000000	0.000000	0.000000	0.000000	0.000000	1660178563.415412	0.000000
102.000000	-166.835067	-128.099053	-125.382016	-328.449234	0.000000	0.000000	0.000000	0.000000	0.000000	0.000000	0.000000	0.000000	1660178563.419667	0.000000
102.000000	-230.140354	-186.901500	-169.183724	-352.208818	0.000000	0.000000	0.000000	0.000000	0.000000	0.000000	0.000000	0.000000	1660178563.419667	0.000000
103.000000	-222.686733	-190.570342	-166.124486	-336.583516	0.000000	0.000000	0.000000	0.000000	0.000000	0.000000	0.000000	0.000000	1660178563.425156	0.000000
103.000000	-155.383493	-130.006402	-118.702555	-322.596290	0.000000	0.000000	0.000000	0.000000	0.000000	0.000000	0.000000	0.000000	1660178563.425156	0.000000
104.000000	-189.783093	-158.104271	-142.675313	-343.984778	0.000000	0.000000	0.000000	0.000000	0.000000	0.000000	0.000000	0.000000	1660178563.431086	0.000000
104.000000	-242.003316	-202.384686	-170.100000	-338.580623	0.000000	0.000000	0.000000	0.000000	0.000000	0.000000	0.000000	0.000000	1660178563.431086	0.000000
105.000000	-190.706848	-145.878538	-132.300831	-319.982100	0.000000	0.000000	0.000000	0.000000	0.000000	0.000000	0.000000	0.000000	1660178563.455565	0.000000
105.000000	-192.879730	-147.105225	-133.232066	-343.992258	0.000000	0.000000	0.000000	0.000000	0.000000	0.000000	0.000000	0.000000	1660178563.455565	0.000000
106.000000	-258.058707	-207.508349	-182.995175	-356.322708	0.000000	0.000000	0.000000	0.000000	0.000000	0.000000	0.000000	0.000000	1660178563.460572	0.000000
106.000000	-229.826202	-181.927433	-161.262616	-339.818530	0.000000	0.000000	0.000000	0.000000	0.000000	0.000000	0.000000	0.000000	1660178563.460572	0.000000
107.000000	-177.198330	-136.405371	-131.085363	-346.785963	0.000000	0.000000	0.000000	0.000000	0.000000	0.000000	0.000000	0.000000	1660178563.466026	0.000000
107.000000	-251.394205	-198.173559	-182.093859	-371.009295	0.000000	0.000000	0.000000	0.000000	0.000000	0.000000	0.000000	0.000000	1660178563.466026	0.000000
108.000000	-249.348480	-198.921539	-179.719022	-355.425132	0.000000	0.000000	0.000000	0.000000	0.000000	0.000000	0.000000	0.000000	1660178563.470801	0.000000
108.000000	-191.009780	-135.997722	-131.335937	-338.382408	0.000000	0.000000	0.000000	0.000000	0.000000	0.000000	0.000000	0.000000	1660178563.470801	0.000000
109.000000	-231.146387	-174.066164	-156.165132	-360.073828	0.000000	0.000000	0.000000	0.000000	0.000000	0.000000	0.000000	0.000000	1660178563.516851	0.000000
109.000000	-281.960407	-214.075613	-192.060692	-366.259622	0.000000	0.000000	0.000000	0.000000	0.000000	0.000000	0.000000	0.000000	1660178563.516851	0.000000
110.000000	-212.057937	-158.743794	-148.909727	-341.075136	0.000000	0.000000	0.000000	0.000000	0.000000	0.000000	0.000000	0.000000	1660178563.521505	0.000000
110.000000	-204.484640	-139.763801	-135.371289	-346.857021	0.000000	0.000000	0.000000	0.000000	0.000000	0.000000	0.000000	0.000000	1660178563.521505	0.000000
111.000000	-265.153297	-197.201185	-175.964163	-355.088541	0.000000	0.000000	0.000000	0.000000	0.000000	0.000000	0.000000	0.000000	1660178563.525291	0.000000
111.000000	-234.261723	-166.649942	-152.249457	-331.542131	0.000000	0.000000	0.000000	0.000000	0.000000	0.000000	0.000000	0.000000	1660178563.525291	0.000000
112.000000	-198.063232	-130.384132	-126.066418	-338.696560	0.000000	0.000000	0.000000	0.000000	0.000000	0.000000	0.000000	0.000000	1660178563.530185	0.000000
112.000000	-268.594005	-192.444032	-174.389665	-352.747364	0.000000	0.000000	0.000000	0.000000	0.000000	0.000000	0.000000	0.000000	1660178563.530185	0.000000
113.000000	-278.579538	-202.407126	-184.420077	-344.052096	0.000000	0.000000	0.000000	0.000000	0.000000	0.000000	0.000000	0.000000	1660178563.563212	0.000000
113.000000	-216.295244	-140.672597	-141.377568	-332.888495	0.000000	0.000000	0.000000	0.000000	0.000000	0.000000	0.000000	0.000000	1660178563.563212	0.000000
114.000000	-246.289242	-176.691573	-165.159592	-354.823008	0.000000	0.000000	0.000000	0.000000	0.000000	0.000000	0.000000	0.000000	1660178563.568053	0.000000
114.000000	-283.961254	-213.417391	-189.136091	-343.393874	0.000000	0.000000	0.000000	0.000000	0.000000	0.000000	0.000000	0.000000	1660178563.568053	0.000000
115.000000	-221.123455	-152.176529	-147.073436	-325.775205	0.000000	0.000000	0.000000	0.000000	0.000000	0.000000	0.000000	0.000000	1660178563.573050	0.000000
115.000000	-226.183539	-154.472828	-152.320515	-343.865101	0.000000	0.000000	0.000000	0.000000	0.000000	0.000000	0.000000	0.000000	1660178563.573050	0.000000
116.000000	-283.516206	-211.225810	-188.676083	-347.504024	0.000000	0.000000	0.000000	0.000000	0.000000	0.000000	0.000000	0.000000	1660178563.579066	0.000000
116.000000	-255.941923	-174.739346	-158.798022	-319.712828	0.000000	0.000000	0.000000	0.000000	0.000000	0.000000	0.000000	0.000000	1660178563.579066	0.000000
117.000000	-209.799038	-135.485356	-130.367303	-322.125063	0.000000	0.000000	0.000000	0.000000	0.000000	0.000000	0.000000	0.000000	1660178563.590950	0.000000
117.000000	-277.599684	-198.087541	-178.724209	-341.924093	0.000000	0.000000	0.000000	0.000000	0.000000	0.000000	0.000000	0.000000	1660178563.590950	0.000000
118.000000	-278.964748	-198.296975	-180.093012	-331.523432	0.000000	0.000000	0.000000	0.000000	0.000000	0.000000	0.000000	0.000000	1660178563.594809	0.000000
118.000000	-213.295844	-141.611312	-133.819230	-321.541639	0.000000	0.000000	0.000000	0.000000	0.000000	0.000000	0.000000	0.000000	1660178563.594809	0.000000
119.000000	-245.758176	-174.208280	-155.009503	-347.694759	0.000000	0.000000	0.000000	0.000000	0.000000	0.000000	0.000000	0.000000	1660178563.601653	0.000000
119.000000	-291.691627	-217.819253	-191.402470	-341.194813	0.000000	0.000000	0.000000	0.000000	0.000000	0.000000	0.000000	0.000000	1660178563.601653	0.000000
120.000000	-226.243378	-147.684909	-139.530057	-311.241954	0.000000	0.000000	0.000000	0.000000	0.000000	0.000000	0.000000	0.000000	1660178563.608070	0.000000
120.000000	-223.879761	-148.679723	-133.045071	-329.717060	0.000000	0.000000	0.000000	0.000000	0.000000	0.000000	0.000000	0.000000	1660178563.608070	0.000000
121.000000	-286.257552	-209.243663	-177.209550	-341.905394	0.000000	0.000000	0.000000	0.000000	0.000000	0.000000	0.000000	0.000000	1660178563.612739	0.000000
121.000000	-247.830080	-172.409388	-156.883193	-317.240754	0.000000	0.000000	0.000000	0.000000	0.000000	0.000000	0.000000	0.000000	1660178563.612739	0.000000
122.000000	-203.893736	-133.046941	-124.102970	-325.677968	0.000000	0.000000	0.000000	0.000000	0.000000	0.000000	0.000000	0.000000	1660178563.618048	0.000000
122.000000	-275.965348	-202.983070	-178.772828	-350.518383	0.000000	0.000000	0.000000	0.000000	0.000000	0.000000	0.000000	0.000000	1660178563.618048	0.000000
123.000000	-273.923362	-195.851081	-177.239469	-332.940854	0.000000	0.000000	0.000000	0.000000	0.000000	0.000000	0.000000	0.000000	1660178563.635225	0.000000
123.000000	-207.738353	-134.247449	-133.179707	-314.278753	0.000000	0.000000	0.000000	0.000000	0.000000	0.000000	0.000000	0.000000	1660178563.635225	0.000000
124.000000	-244.785802	-171.365956	-159.071035	-336.127248	0.000000	0.000000	0.000000	0.000000	0.000000	0.000000	0.000000	0.000000	1660178563.638780	0.000000
124.000000	-282.480254	-206.210604	-188.212335	-336.160908	0.000000	0.000000	0.000000	0.000000	0.000000	0.000000	0.000000	0.000000	1660178563.638780	0.000000
125.000000	-220.932720	-146.970588	-143.969319	-315.359584	0.000000	0.000000	0.000000	0.000000	0.000000	0.000000	0.000000	0.000000	1660178563.644106	0.000000
125.000000	-212.443147	-142.441570	-138.430527	-329.473966	0.000000	0.000000	0.000000	0.000000	0.000000	0.000000	0.000000	0.000000	1660178563.644106	0.000000
126.000000	-285.812504	-207.306394	-186.484501	-344.818776	0.000000	0.000000	0.000000	0.000000	0.000000	0.000000	0.000000	0.000000	1660178563.648610	0.000000
126.000000	-246.992343	-169.817637	-157.414259	-320.651542	0.000000	0.000000	0.000000	0.000000	0.000000	0.000000	0.000000	0.000000	1660178563.648610	0.000000
127.000000	-208.759346	-135.204863	-141.448626	-329.851696	0.000000	0.000000	0.000000	0.000000	0.000000	0.000000	0.000000	0.000000	1660178563.682051	0.000000
127.000000	-270.531273	-192.387934	-175.571473	-345.076829	0.000000	0.000000	0.000000	0.000000	0.000000	0.000000	0.000000	0.000000	1660178563.682051	0.000000
128.000000	-280.498107	-202.930711	-180.336106	-339.115428	0.000000	0.000000	0.000000	0.000000	0.000000	0.000000	0.000000	0.000000	1660178563.687396	0.000000
128.000000	-206.537845	-137.243109	-129.679161	-317.424009	0.000000	0.000000	0.000000	0.000000	0.000000	0.000000	0.000000	0.000000	1660178563.687396	0.000000
129.000000	-244.516529	-166.975313	-155.604148	-343.016144	0.000000	0.000000	0.000000	0.000000	0.000000	0.000000	0.000000	0.000000	1660178563.694111	0.000000
129.000000	-287.353343	-207.964617	-185.792620	-341.737098	0.000000	0.000000	0.000000	0.000000	0.000000	0.000000	0.000000	0.000000	1660178563.694111	0.000000
130.000000	-220.188480	-149.491281	-137.888241	-317.723201	0.000000	0.000000	0.000000	0.000000	0.000000	0.000000	0.000000	0.000000	1660178563.700054	0.000000
130.000000	-214.915221	-146.854652	-136.811150	-334.601369	0.000000	0.000000	0.000000	0.000000	0.000000	0.000000	0.000000	0.000000	1660178563.700054	0.000000
131.000000	-284.039792	-207.844940	-186.046933	-350.619361	0.000000	0.000000	0.000000	0.000000	0.000000	0.000000	0.000000	0.000000	1660178563.704738	0.000000
131.000000	-245.922731	-175.764078	-158.996237	-328.101423	0.000000	0.000000	0.000000	0.000000	0.000000	0.000000	0.000000	0.000000	1660178563.704738	0.000000
132.000000	-207.910388	-131.195690	-134.017445	-329.784378	0.000000	0.000000	0.000000	0.000000	0.000000	0.000000	0.000000	0.000000	1660178563.724911	0.000000
132.000000	-266.293966	-189.975698	-172.254182	-349.747964	0.000000	0.000000	0.000000	0.000000	0.000000	0.000000	0.000000	0.000000	1660178563.724911	0.000000
133.000000	-268.848318	-192.645987	-171.012535	-331.044724	0.000000	0.000000	0.000000	0.000000	0.000000	0.000000	0.000000	0.000000	1660178563.728060	0.000000
133.000000	-199.731227	-129.183624	-127.476360	-317.943855	0.000000	0.000000	0.000000	0.000000	0.000000	0.000000	0.000000	0.000000	1660178563.728060	0.000000
134.000000	-235.129380	-168.366556	-155.297476	-344.025917	0.000000	0.000000	0.000000	0.000000	0.000000	0.000000	0.000000	0.000000	1660178563.733553	0.000000
134.000000	-274.903216	-212.104686	-184.767887	-341.063916	0.000000	0.000000	0.000000	0.000000	0.000000	0.000000	0.000000	0.000000	1660178563.733553	0.000000
135.000000	-213.385602	-147.258561	-140.386495	-315.557799	0.000000	0.000000	0.000000	0.000000	0.000000	0.000000	0.000000	0.000000	1660178563.739045	0.000000
135.000000	-200.976614	-137.983609	-128.553451	-325.206741	0.000000	0.000000	0.000000	0.000000	0.000000	0.000000	0.000000	0.000000	1660178563.739045	0.000000
136.000000	-268.867018	-215.163924	-186.978168	-344.990811	0.000000	0.000000	0.000000	0.000000	0.000000	0.000000	0.000000	0.000000	1660178563.755093	0.000000
136.000000	-235.065802	-171.523032	-155.880900	-316.388056	0.000000	0.000000	0.000000	0.000000	0.000000	0.000000	0.000000	0.000000	1660178563.755093	0.000000
137.000000	-192.464601	-133.514428	-128.721747	-326.399769	0.000000	0.000000	0.000000	0.000000	0.000000	0.000000	0.000000	0.000000	1660178563.758133	0.000000
137.000000	-247.448611	-188.704132	-171.977430	-342.264424	0.000000	0.000000	0.000000	0.000000	0.000000	0.000000	0.000000	0.000000	1660178563.758133	0.000000
138.000000	-255.459476	-192.492651	-168.843393	-323.243293	0.000000	0.000000	0.000000	0.000000	0.000000	0.000000	0.000000	0.000000	1660178563.786211	0.000000
138.000000	-187.842085	-127.736283	-127.136029	-310.011527	0.000000	0.000000	0.000000	0.000000	0.000000	0.000000	0.000000	0.000000	1660178563.786211	0.000000
139.000000	-221.867695	-160.550165	-147.391327	-329.204694	0.000000	0.000000	0.000000	0.000000	0.000000	0.000000	0.000000	0.000000	1660178563.790405	0.000000
139.000000	-271.765440	-210.073920	-180.478222	-327.428241	0.000000	0.000000	0.000000	0.000000	0.000000	0.000000	0.000000	0.000000	1660178563.790405	0.000000
140.000000	-205.131643	-141.903024	-130.434621	-308.698822	0.000000	0.000000	0.000000	0.000000	0.000000	0.000000	0.000000	0.000000	1660178563.796050	0.000000
140.000000	-200.711081	-139.838599	-133.983786	-327.955567	0.000000	0.000000	0.000000	0.000000	0.000000	0.000000	0.000000	0.000000	1660178563.796050	0.000000
141.000000	-264.629711	-198.540069	-174.225109	-339.149088	0.000000	0.000000	0.000000	0.000000	0.000000	0.000000	0.000000	0.000000	1660178563.802410	0.000000
141.000000	-234.770350	-171.141562	-149.784863	-315.602677	0.000000	0.000000	0.000000	0.000000	0.000000	0.000000	0.000000	0.000000	1660178563.802410	0.000000
142.000000	-182.336952	-126.763909	-118.766133	-315.894390	0.000000	0.000000	0.000000	0.000000	0.000000	0.000000	0.000000	0.000000	1660178563.831183	0.000000
142.000000	-251.629819	-187.081015	-164.628526	-343.087202	0.000000	0.000000	0.000000	0.000000	0.000000	0.000000	0.000000	0.000000	1660178563.831183	0.000000
143.000000	-252.254382	-189.496991	-168.637699	-324.043632	0.000000	0.000000	0.000000	0.000000	0.000000	0.000000	0.000000	0.000000	1660178563.835171	0.000000
143.000000	-192.928349	-133.548088	-125.004286	-315.034213	0.000000	0.000000	0.000000	0.000000	0.000000	0.000000	0.000000	0.000000	1660178563.835171	0.000000
144.000000	-232.436652	-162.431335	-150.828295	-339.029411	0.000000	0.000000	0.000000	0.000000	0.000000	0.000000	0.000000	0.000000	1660178563.839175	0.000000
144.000000	-277.558545	-204.688464	-184.334059	-337.791504	0.000000	0.000000	0.000000	0.000000	0.000000	0.000000	0.000000	0.000000	1660178563.839175	0.000000
145.000000	-213.277145	-142.022701	-139.743232	-316.021546	0.000000	0.000000	0.000000	0.000000	0.000000	0.000000	0.000000	0.000000	1660178563.844100	0.000000
145.000000	-208.639669	-140.575360	-135.954713	-322.674828	0.000000	0.000000	0.000000	0.000000	0.000000	0.000000	0.000000	0.000000	1660178563.844100	0.000000
146.000000	-269.992728	-205.952551	-183.402824	-344.930973	0.000000	0.000000	0.000000	0.000000	0.000000	0.000000	0.000000	0.000000	1660178563.849052	0.000000
146.000000	-228.977245	-162.640769	-152.956298	-315.419422	0.000000	0.000000	0.000000	0.000000	0.000000	0.000000	0.000000	0.000000	1660178563.849052	0.000000
147.000000	-189.985048	-125.256729	-121.821631	-321.672535	0.000000	0.000000	0.000000	0.000000	0.000000	0.000000	0.000000	0.000000	1660178563.876226	0.000000
147.000000	-247.605686	-181.014898	-162.470604	-344.033397	0.000000	0.000000	0.000000	0.000000	0.000000	0.000000	0.000000	0.000000	1660178563.876226	0.000000
148.000000	-254.935890	-185.383101	-167.029542	-325.281539	0.000000	0.000000	0.000000	0.000000	0.000000	0.000000	0.000000	0.000000	1660178563.880144	0.000000
148.000000	-199.368457	-127.639046	-128.250519	-319.308918	0.000000	0.000000	0.000000	0.000000	0.000000	0.000000	0.000000	0.000000	1660178563.880144	0.000000
149.000000	-231.965425	-161.567418	-152.313036	-340.207479	0.000000	0.000000	0.000000	0.000000	0.000000	0.000000	0.000000	0.000000	1660178563.886048	0.000000
149.000000	-277.244394	-204.729603	-183.687056	-335.012758	0.000000	0.000000	0.000000	0.000000	0.000000	0.000000	0.000000	0.000000	1660178563.886048	0.000000
150.000000	-217.286317	-150.347718	-144.563963	-323.987533	0.000000	0.000000	0.000000	0.000000	0.000000	0.000000	0.000000	0.000000	1660178563.892046	0.000000
150.000000	-207.846810	-144.053466	-140.124702	-339.175267	0.000000	0.000000	0.000000	0.000000	0.000000	0.000000	0.000000	0.000000	1660178563.892046	0.000000
151.000000	-271.189496	-204.580007	-180.253828	-351.382300	0.000000	0.000000	0.000000	0.000000	0.000000	0.000000	0.000000	0.000000	1660178563.920449	0.000000
151.000000	-240.036129	-168.590950	-151.763270	-313.268980	0.000000	0.000000	0.000000	0.000000	0.000000	0.000000	0.000000	0.000000	1660178563.920449	0.000000
152.000000	-189.928949	-121.225117	-117.210335	-317.966294	0.000000	0.000000	0.000000	0.000000	0.000000	0.000000	0.000000	0.000000	1660178563.925051	0.000000
152.000000	-245.601100	-184.706179	-166.722870	-348.360461	0.000000	0.000000	0.000000	0.000000	0.000000	0.000000	0.000000	0.000000	1660178563.925051	0.000000
153.000000	-256.151358	-193.655760	-169.344540	-330.465040	0.000000	0.000000	0.000000	0.000000	0.000000	0.000000	0.000000	0.000000	1660178563.931164	0.000000
153.000000	-192.767533	-126.158045	-121.013813	-316.399276	0.000000	0.000000	0.000000	0.000000	0.000000	0.000000	0.000000	0.000000	1660178563.931164	0.000000
154.000000	-237.706171	-166.754659	-152.556129	-339.579176	0.000000	0.000000	0.000000	0.000000	0.000000	0.000000	0.000000	0.000000	1660178563.935786	0.000000
154.000000	-266.739015	-205.414005	-179.879838	-335.943993	0.000000	0.000000	0.000000	0.000000	0.000000	0.000000	0.000000	0.000000	1660178563.935786	0.000000
155.000000	-212.065417	-156.002447	-147.877514	-322.835644	0.000000	0.000000	0.000000	0.000000	0.000000	0.000000	0.000000	0.000000	1660178563.941494	0.000000
155.000000	-209.163255	-149.005094	-140.292997	-342.593535	0.000000	0.000000	0.000000	0.000000	0.000000	0.000000	0.000000	0.000000	1660178563.941494	0.000000
156.000000	-264.495075	-206.053528	-180.063093	-354.714551	0.000000	0.000000	0.000000	0.000000	0.000000	0.000000	0.000000	0.000000	1660178563.964747	0.000000
156.000000	-227.294290	-170.217807	-149.616568	-328.639969	0.000000	0.000000	0.000000	0.000000	0.000000	0.000000	0.000000	0.000000	1660178563.964747	0.000000
157.000000	-188.825679	-134.026795	-125.475513	-335.962693	0.000000	0.000000	0.000000	0.000000	0.000000	0.000000	0.000000	0.000000	1660178563.969048	0.000000
157.000000	-252.542354	-194.052189	-174.400885	-356.124493	0.000000	0.000000	0.000000	0.000000	0.000000	0.000000	0.000000	0.000000	1660178563.969048	0.000000
158.000000	-259.382631	-200.024809	-177.108572	-339.556737	0.000000	0.000000	0.000000	0.000000	0.000000	0.000000	0.000000	0.000000	1660178563.974182	0.000000
158.000000	-186.484501	-135.257222	-125.075344	-326.852297	0.000000	0.000000	0.000000	0.000000	0.000000	0.000000	0.000000	0.000000	1660178563.974182	0.000000
159.000000	-224.261231	-165.438214	-153.102154	-342.298083	0.000000	0.000000	0.000000	0.000000	0.000000	0.000000	0.000000	0.000000	1660178563.979262	0.000000
159.000000	-266.649257	-206.599553	-181.607672	-341.243432	0.000000	0.000000	0.000000	0.000000	0.000000	0.000000	0.000000	0.000000	1660178563.979262	0.000000
160.000000	-196.024986	-140.724956	-135.094536	-312.337745	0.000000	0.000000	0.000000	0.000000	0.000000	0.000000	0.000000	0.000000	1660178564.010631	0.000000
160.000000	-195.987587	-146.087972	-137.592789	-329.874136	0.000000	0.000000	0.000000	0.000000	0.000000	0.000000	0.000000	0.000000	1660178564.010631	0.000000
161.000000	-263.021554	-210.788241	-180.134151	-347.406787	0.000000	0.000000	0.000000	0.000000	0.000000	0.000000	0.000000	0.000000	1660178564.016431	0.000000
161.000000	-227.025017	-170.053251	-158.857860	-320.023239	0.000000	0.000000	0.000000	0.000000	0.000000	0.000000	0.000000	0.000000	1660178564.016431	0.000000
162.000000	-185.639284	-133.432151	-130.864709	-321.949288	0.000000	0.000000	0.000000	0.000000	0.000000	0.000000	0.000000	0.000000	1660178564.021955	0.000000
162.000000	-242.201531	-185.285864	-164.449011	-338.034597	0.000000	0.000000	0.000000	0.000000	0.000000	0.000000	0.000000	0.000000	1660178564.021955	0.000000
163.000000	-238.255937	-190.244971	-162.350927	-324.200707	0.000000	0.000000	0.000000	0.000000	0.000000	0.000000	0.000000	0.000000	1660178564.026168	0.000000
163.000000	-173.690304	-119.224271	-111.574305	-310.370557	0.000000	0.000000	0.000000	0.000000	0.000000	0.000000	0.000000	0.000000	1660178564.026168	0.000000
164.000000	-215.595883	-168.239400	-145.095029	-335.166094	0.000000	0.000000	0.000000	0.000000	0.000000	0.000000	0.000000	0.000000	1660178564.029754	0.000000
164.000000	-262.180077	-210.518969	-179.891058	-338.217852	0.000000	0.000000	0.000000	0.000000	0.000000	0.000000	0.000000	0.000000	1660178564.029754	0.000000
165.000000	-200.093997	-150.803986	-140.206979	-318.145809	0.000000	0.000000	0.000000	0.000000	0.000000	0.000000	0.000000	0.000000	1660178564.055564	0.000000
165.000000	-202.094844	-149.087372	-136.321223	-332.705240	0.000000	0.000000	0.000000	0.000000	0.000000	0.000000	0.000000	0.000000	1660178564.055564	0.000000
166.000000	-261.854705	-201.419792	-177.254428	-336.490019	0.000000	0.000000	0.000000	0.000000	0.000000	0.000000	0.000000	0.000000	1660178564.070418	0.000000
166.000000	-217.854782	-162.053605	-148.857368	-311.814159	0.000000	0.000000	0.000000	0.000000	0.000000	0.000000	0.000000	0.000000	1660178564.070418	0.000000
167.000000	-168.095413	-125.533482	-115.018753	-312.251727	0.000000	0.000000	0.000000	0.000000	0.000000	0.000000	0.000000	0.000000	1660178564.076386	0.000000
167.000000	-236.098014	-184.833336	-164.785602	-341.692220	0.000000	0.000000	0.000000	0.000000	0.000000	0.000000	0.000000	0.000000	1660178564.076386	0.000000
168.000000	-239.157252	-186.643447	-165.268049	-323.284432	0.000000	0.000000	0.000000	0.000000	0.000000	0.000000	0.000000	0.000000	1660178564.081399	0.000000
168.000000	-172.822647	-125.477383	-116.727887	-307.356198	0.000000	0.000000	0.000000	0.000000	0.000000	0.000000	0.000000	0.000000	1660178564.081399	0.000000
169.000000	-210.232866	-162.524832	-144.784617	-333.801031	0.000000	0.000000	0.000000	0.000000	0.000000	0.000000	0.000000	0.000000	1660178564.085246	0.000000
169.000000	-263.447903	-207.983316	-182.250935	-333.135328	0.000000	0.000000	0.000000	0.000000	0.000000	0.000000	0.000000	0.000000	1660178564.085246	0.000000
170.000000	-197.221754	-147.692389	-133.789311	-311.548626	0.000000	0.000000	0.000000	0.000000	0.000000	0.000000	0.000000	0.000000	1660178564.115178	0.000000
170.000000	-200.595144	-146.746194	-133.359223	-331.033505	0.000000	0.000000	0.000000	0.000000	0.000000	0.000000	0.000000	0.000000	1660178564.115178	0.000000
171.000000	-263.593759	-207.871119	-180.362285	-347.590042	0.000000	0.000000	0.000000	0.000000	0.000000	0.000000	0.000000	0.000000	1660178564.118749	0.000000
171.000000	-225.143847	-171.631489	-154.904786	-322.659869	0.000000	0.000000	0.000000	0.000000	0.000000	0.000000	0.000000	0.000000	1660178564.118749	0.000000
172.000000	-183.047533	-131.487403	-127.925148	-327.869549	0.000000	0.000000	0.000000	0.000000	0.000000	0.000000	0.000000	0.000000	1660178564.125038	0.000000
172.000000	-243.589034	-185.472859	-170.586187	-349.243078	0.000000	0.000000	0.000000	0.000000	0.000000	0.000000	0.000000	0.000000	1660178564.125038	0.000000
173.000000	-247.609426	-192.055082	-175.620092	-333.767372	0.000000	0.000000	0.000000	0.000000	0.000000	0.000000	0.000000	0.000000	1660178564.132202	0.000000
173.000000	-178.107126	-126.524555	-124.963147	-316.833105	0.000000	0.000000	0.000000	0.000000	0.000000	0.000000	0.000000	0.000000	1660178564.132202	0.000000
174.000000	-211.373536	-161.399122	-148.805009	-341.542624	0.000000	0.000000	0.000000	0.000000	0.000000	0.000000	0.000000	0.000000	1660178564.147059	0.000000
174.000000	-254.247749	-201.505810	-176.371812	-335.682200	0.000000	0.000000	0.000000	0.000000	0.000000	0.000000	0.000000	0.000000	1660178564.147059	0.000000
175.000000	-185.422370	-140.579099	-127.551158	-310.093805	0.000000	0.000000	0.000000	0.000000	0.000000	0.000000	0.000000	0.000000	1660178564.152042	0.000000
175.000000	-184.939923	-137.067333	-126.159915	-325.954721	0.000000	0.000000	0.000000	0.000000	0.000000	0.000000	0.000000	0.000000	1660178564.152042	0.000000
176.000000	-251.240869	-201.995737	-171.554821	-347.223532	0.000000	0.000000	0.000000	0.000000	0.000000	0.000000	0.000000	0.000000	1660178564.157720	0.000000
176.000000	-209.421308	-160.901716	-142.813690	-322.465394	0.000000	0.000000	0.000000	0.000000	0.000000	0.000000	0.000000	0.000000	1660178564.157720	0.000000
177.000000	-176.222216	-130.758122	-120.729580	-329.803078	0.000000	0.000000	0.000000	0.000000	0.000000	0.000000	0.000000	0.000000	1660178564.161824	0.000000
177.000000	-239.074975	-186.456452	-163.248503	-350.645540	0.000000	0.000000	0.000000	0.000000	0.000000	0.000000	0.000000	0.000000	1660178564.161824	0.000000
178.000000	-242.003316	-185.641154	-164.284455	-330.850250	0.000000	0.000000	0.000000	0.000000	0.000000	0.000000	0.000000	0.000000	1660178564.191203	0.000000
178.000000	-178.039807	-125.249250	-121.941308	-317.214574	0.000000	0.000000	0.000000	0.000000	0.000000	0.000000	0.000000	0.000000	1660178564.191203	0.000000
179.000000	-221.863955	-166.534005	-150.446825	-345.099268	0.000000	0.000000	0.000000	0.000000	0.000000	0.000000	0.000000	0.000000	1660178564.196082	0.000000
179.000000	-271.836498	-209.441877	-185.104478	-348.663393	0.000000	0.000000	0.000000	0.000000	0.000000	0.000000	0.000000	0.000000	1660178564.196082	0.000000
180.000000	-201.776952	-148.040200	-139.866648	-329.249572	0.000000	0.000000	0.000000	0.000000	0.000000	0.000000	0.000000	0.000000	1660178564.200551	0.000000
180.000000	-210.487179	-148.586225	-143.973059	-348.693312	0.000000	0.000000	0.000000	0.000000	0.000000	0.000000	0.000000	0.000000	1660178564.200551	0.000000
181.000000	-266.080792	-208.731296	-184.797807	-358.596567	0.000000	0.000000	0.000000	0.000000	0.000000	0.000000	0.000000	0.000000	1660178564.204405	0.000000
181.000000	-214.937660	-166.758399	-154.901046	-328.269719	0.000000	0.000000	0.000000	0.000000	0.000000	0.000000	0.000000	0.000000	1660178564.204405	0.000000
182.000000	-181.469296	-130.619746	-126.212274	-335.764478	0.000000	0.000000	0.000000	0.000000	0.000000	0.000000	0.000000	0.000000	1660178564.208165	0.000000
182.000000	-240.772889	-196.662639	-166.023509	-356.307749	0.000000	0.000000	0.000000	0.000000	0.000000	0.000000	0.000000	0.000000	1660178564.208165	0.000000
183.000000	-235.952158	-189.059423	-166.883686	-339.661454	0.000000	0.000000	0.000000	0.000000	0.000000	0.000000	0.000000	0.000000	1660178564.235178	0.000000
183.000000	-182.127518	-133.529388	-129.290211	-329.055098	0.000000	0.000000	0.000000	0.000000	0.000000	0.000000	0.000000	0.000000	1660178564.235178	0.000000
184.000000	-214.058784	-163.231673	-151.606194	-348.498837	0.000000	0.000000	0.000000	0.000000	0.000000	0.000000	0.000000	0.000000	1660178564.251413	0.000000
184.000000	-261.974382	-209.928064	-183.055013	-346.741084	0.000000	0.000000	0.000000	0.000000	0.000000	0.000000	0.000000	0.000000	1660178564.251413	0.000000
185.000000	-196.268080	-148.070119	-138.041577	-324.271766	0.000000	0.000000	0.000000	0.000000	0.000000	0.000000	0.000000	0.000000	1660178564.255547	0.000000
185.000000	-199.589111	-145.022101	-141.669280	-343.827702	0.000000	0.000000	0.000000	0.000000	0.000000	0.000000	0.000000	0.000000	1660178564.255547	0.000000
186.000000	-259.838899	-203.106487	-183.013874	-357.205325	0.000000	0.000000	0.000000	0.000000	0.000000	0.000000	0.000000	0.000000	1660178564.259382	0.000000
186.000000	-223.756344	-168.448834	-153.569642	-330.143408	0.000000	0.000000	0.000000	0.000000	0.000000	0.000000	0.000000	0.000000	1660178564.259382	0.000000
187.000000	-185.560746	-130.305594	-132.304571	-339.852189	0.000000	0.000000	0.000000	0.000000	0.000000	0.000000	0.000000	0.000000	1660178564.263831	0.000000
187.000000	-239.579861	-193.614621	-171.468803	-362.325248	0.000000	0.000000	0.000000	0.000000	0.000000	0.000000	0.000000	0.000000	1660178564.263831	0.000000
188.000000	-243.469357	-195.798722	-169.669911	-342.574836	0.000000	0.000000	0.000000	0.000000	0.000000	0.000000	0.000000	0.000000	1660178564.295350	0.000000
188.000000	-185.295213	-132.527095	-127.801731	-331.370096	0.000000	0.000000	0.000000	0.000000	0.000000	0.000000	0.000000	0.000000	1660178564.295350	0.000000
189.000000	-227.787957	-172.510365	-155.076822	-355.208218	0.000000	0.000000	0.000000	0.000000	0.000000	0.000000	0.000000	0.000000	1660178564.301379	0.000000
189.000000	-276.698368	-216.360692	-188.919176	-364.157799	0.000000	0.000000	0.000000	0.000000	0.000000	0.000000	0.000000	0.000000	1660178564.301379	0.000000
190.000000	-206.369550	-145.642924	-140.846502	-335.929034	0.000000	0.000000	0.000000	0.000000	0.000000	0.000000	0.000000	0.000000	1660178564.307556	0.000000
190.000000	-204.780092	-152.486941	-146.587249	-352.751104	0.000000	0.000000	0.000000	0.000000	0.000000	0.000000	0.000000	0.000000	1660178564.307556	0.000000
191.000000	-271.028680	-210.451650	-190.714328	-359.812035	0.000000	0.000000	0.000000	0.000000	0.000000	0.000000	0.000000	0.000000	1660178564.311443	0.000000
191.000000	-225.517837	-175.068457	-159.504863	-336.351642	0.000000	0.000000	0.000000	0.000000	0.000000	0.000000	0.000000	0.000000	1660178564.311443	0.000000
192.000000	-186.869711	-135.051527	-135.468526	-345.690173	0.000000	0.000000	0.000000	0.000000	0.000000	0.000000	0.000000	0.000000	1660178564.317415	0.000000
192.000000	-245.997529	-198.798122	-184.427556	-360.769449	0.000000	0.000000	0.000000	0.000000	0.000000	0.000000	0.000000	0.000000	1660178564.317415	0.000000
193.000000	-240.570935	-190.458145	-177.837853	-348.319322	0.000000	0.000000	0.000000	0.000000	0.000000	0.000000	0.000000	0.000000	1660178564.341204	0.000000
193.000000	-181.330919	-130.320554	-136.104309	-335.783178	0.000000	0.000000	0.000000	0.000000	0.000000	0.000000	0.000000	0.000000	1660178564.341204	0.000000
194.000000	-219.193666	-167.663455	-159.815275	-357.874767	0.000000	0.000000	0.000000	0.000000	0.000000	0.000000	0.000000	0.000000	1660178564.345099	0.000000
194.000000	-262.957976	-210.462870	-186.024494	-357.291342	0.000000	0.000000	0.000000	0.000000	0.000000	0.000000	0.000000	0.000000	1660178564.345099	0.000000
195.000000	-201.545079	-148.690942	-141.340169	-337.604509	0.000000	0.000000	0.000000	0.000000	0.000000	0.000000	0.000000	0.000000	1660178564.350029	0.000000
195.000000	-198.785032	-145.968295	-141.972212	-345.806110	0.000000	0.000000	0.000000	0.000000	0.000000	0.000000	0.000000	0.000000	1660178564.350029	0.000000
196.000000	-268.956775	-213.862439	-189.222108	-362.785255	0.000000	0.000000	0.000000	0.000000	0.000000	0.000000	0.000000	0.000000	1660178564.355408	0.000000
196.000000	-235.671666	-176.396121	-163.977784	-343.764124	0.000000	0.000000	0.000000	0.000000	0.000000	0.000000	0.000000	0.000000	1660178564.355408	0.000000
197.000000	-195.523840	-140.788534	-132.540184	-344.366248	0.000000	0.000000	0.000000	0.000000	0.000000	0.000000	0.000000	0.000000	1660178564.360080	0.000000
197.000000	-266.439823	-196.767356	-173.121839	-359.785856	0.000000	0.000000	0.000000	0.000000	0.000000	0.000000	0.000000	0.000000	1660178564.360080	0.000000
198.000000	-261.974382	-198.023963	-173.664124	-340.480492	0.000000	0.000000	0.000000	0.000000	0.000000	0.000000	0.000000	0.000000	1660178564.385153	0.000000
198.000000	-202.827864	-137.138391	-132.431727	-334.261038	0.000000	0.000000	0.000000	0.000000	0.000000	0.000000	0.000000	0.000000	1660178564.385153	0.000000
199.000000	-253.264155	-175.928634	-162.010596	-351.509457	0.000000	0.000000	0.000000	0.000000	0.000000	0.000000	0.000000	0.000000	1660178564.390410	0.000000
199.000000	-298.595482	-221.495575	-187.763547	-356.595721	0.000000	0.000000	0.000000	0.000000	0.000000	0.000000	0.000000	0.000000	1660178564.390410	0.000000
200.000000	-231.180046	-154.528926	-140.195760	-323.572404	0.000000	0.000000	0.000000	0.000000	0.000000	0.000000	0.000000	0.000000	1660178564.394082	0.000000
200.000000	-238.899199	-152.195229	-146.811643	-344.369988	0.000000	0.000000	0.000000	0.000000	0.000000	0.000000	0.000000	0.000000	1660178564.394082	0.000000
0.000000	-299.476229	-216.424271	-188.173066	-358.203878	0.000000	0.000000	0.000000	0.000000	0.000000	0.000000	0.000000	0.000000	1660178564.397475	0.000000
101.000000	-256.785271	-174.877722	-157.775159	-327.364663	0.000000	0.000000	0.000000	0.000000	0.000000	0.000000	0.000000	0.000000	1660178564.402007	0.000000
101.000000	-209.748549	-130.803001	-126.034629	-332.368649	0.000000	0.000000	0.000000	0.000000	0.000000	0.000000	0.000000	0.000000	1660178564.402007	0.000000
102.000000	-277.945625	-201.277676	-176.384902	-353.323308	0.000000	0.000000	0.000000	0.000000	0.000000	0.000000	0.000000	0.000000	1660178564.431076	0.000000
102.000000	-278.663686	-201.232797	-179.720892	-346.251158	0.000000	0.000000	0.000000	0.000000	0.000000	0.000000	0.000000	0.000000	1660178564.431076	0.000000
103.000000	-211.581100	-132.983363	-127.885879	-330.416421	0.000000	0.000000	0.000000	0.000000	0.000000	0.000000	0.000000	0.000000	1660178564.436170	0.000000
103.000000	-251.328757	-174.847803	-159.390796	-350.997091	0.000000	0.000000	0.000000	0.000000	0.000000	0.000000	0.000000	0.000000	1660178564.436170	0.000000
104.000000	-294.651758	-208.121693	-184.377068	-346.707425	0.000000	0.000000	0.000000	0.000000	0.000000	0.000000	0.000000	0.000000	1660178564.440911	0.000000
104.000000	-231.660623	-149.524940	-145.571866	-324.720554	0.000000	0.000000	0.000000	0.000000	0.000000	0.000000	0.000000	0.000000	1660178564.440911	0.000000
105.000000	-235.224748	-157.588164	-150.616991	-351.827348	0.000000	0.000000	0.000000	0.000000	0.000000	0.000000	0.000000	0.000000	1660178564.445580	0.000000
105.000000	-294.696637	-211.768095	-187.776637	-365.032935	0.000000	0.000000	0.000000	0.000000	0.000000	0.000000	0.000000	0.000000	1660178564.445580	0.000000
106.000000	-255.726879	-178.913074	-161.170989	-332.705240	0.000000	0.000000	0.000000	0.000000	0.000000	0.000000	0.000000	0.000000	1660178564.475962	0.000000
106.000000	-213.705363	-141.903024	-136.614805	-341.508964	0.000000	0.000000	0.000000	0.000000	0.000000	0.000000	0.000000	0.000000	1660178564.475962	0.000000
107.000000	-271.868287	-193.573482	-174.470073	-355.787902	0.000000	0.000000	0.000000	0.000000	0.000000	0.000000	0.000000	0.000000	1660178564.482194	0.000000
107.000000	-278.405633	-193.558522	-170.879769	-340.170080	0.000000	0.000000	0.000000	0.000000	0.000000	0.000000	0.000000	0.000000	1660178564.482194	0.000000
108.000000	-213.701623	-136.480169	-128.289788	-326.564324	0.000000	0.000000	0.000000	0.000000	0.000000	0.000000	0.000000	0.000000	1660178564.485281	0.000000
108.000000	-250.019792	-178.172574	-164.323724	-359.060315	0.000000	0.000000	0.000000	0.000000	0.000000	0.000000	0.000000	0.000000	1660178564.485281	0.000000
109.000000	-284.247356	-207.714044	-187.466225	-344.710319	0.000000	0.000000	0.000000	0.000000	0.000000	0.000000	0.000000	0.000000	1660178564.490503	0.000000
109.000000	-224.865225	-153.721108	-147.733528	-329.518845	0.000000	0.000000	0.000000	0.000000	0.000000	0.000000	0.000000	0.000000	1660178564.490503	0.000000
110.000000	-228.582685	-152.759954	-152.180269	-347.234751	0.000000	0.000000	0.000000	0.000000	0.000000	0.000000	0.000000	0.000000	1660178564.495689	0.000000
110.000000	-289.782408	-209.969203	-191.909226	-356.345148	0.000000	0.000000	0.000000	0.000000	0.000000	0.000000	0.000000	0.000000	1660178564.495689	0.000000
111.000000	-246.369649	-169.855036	-170.681554	-336.628395	0.000000	0.000000	0.000000	0.000000	0.000000	0.000000	0.000000	0.000000	1660178564.521095	0.000000
111.000000	-210.791981	-130.496329	-139.423470	-344.725278	0.000000	0.000000	0.000000	0.000000	0.000000	0.000000	0.000000	0.000000	1660178564.521095	0.000000
112.000000	-271.535436	-191.179946	-183.572989	-368.496083	0.000000	0.000000	0.000000	0.000000	0.000000	0.000000	0.000000	0.000000	1660178564.527193	0.000000
112.000000	-265.237445	-194.220484	-178.707379	-352.650126	0.000000	0.000000	0.000000	0.000000	0.000000	0.000000	0.000000	0.000000	1660178564.527193	0.000000
113.000000	-206.423778	-138.694190	-140.807233	-341.853035	0.000000	0.000000	0.000000	0.000000	0.000000	0.000000	0.000000	0.000000	1660178564.531413	0.000000
113.000000	-246.799738	-173.688434	-164.813651	-366.495236	0.000000	0.000000	0.000000	0.000000	0.000000	0.000000	0.000000	0.000000	1660178564.531413	0.000000
114.000000	-289.969403	-214.745055	-194.261623	-365.990350	0.000000	0.000000	0.000000	0.000000	0.000000	0.000000	0.000000	0.000000	1660178564.535498	0.000000
114.000000	-226.032074	-150.631951	-148.993874	-339.257545	0.000000	0.000000	0.000000	0.000000	0.000000	0.000000	0.000000	0.000000	1660178564.535498	0.000000
115.000000	-225.845079	-155.591058	-150.007387	-355.496190	0.000000	0.000000	0.000000	0.000000	0.000000	0.000000	0.000000	0.000000	1660178564.565461	0.000000
115.000000	-289.894605	-217.901531	-192.156060	-368.062254	0.000000	0.000000	0.000000	0.000000	0.000000	0.000000	0.000000	0.000000	1660178564.565461	0.000000
116.000000	-253.161308	-178.935513	-166.590104	-348.079969	0.000000	0.000000	0.000000	0.000000	0.000000	0.000000	0.000000	0.000000	1660178564.571043	0.000000
116.000000	-209.804648	-144.562093	-137.579700	-350.660500	0.000000	0.000000	0.000000	0.000000	0.000000	0.000000	0.000000	0.000000	1660178564.571043	0.000000
117.000000	-267.810496	-199.037476	-175.173174	-369.000969	0.000000	0.000000	0.000000	0.000000	0.000000	0.000000	0.000000	0.000000	1660178564.575147	0.000000
117.000000	-265.559076	-196.408326	-179.249665	-356.696698	0.000000	0.000000	0.000000	0.000000	0.000000	0.000000	0.000000	0.000000	1660178564.575147	0.000000
118.000000	-191.875567	-132.306441	-129.161185	-337.817683	0.000000	0.000000	0.000000	0.000000	0.000000	0.000000	0.000000	0.000000	1660178564.581042	0.000000
118.000000	-231.410050	-173.101269	-158.691435	-363.929665	0.000000	0.000000	0.000000	0.000000	0.000000	0.000000	0.000000	0.000000	1660178564.581042	0.000000
119.000000	-274.781669	-212.074767	-185.846848	-361.150919	0.000000	0.000000	0.000000	0.000000	0.000000	0.000000	0.000000	0.000000	1660178564.584555	0.000000
119.000000	-210.189857	-146.218869	-142.991335	-331.534651	0.000000	0.000000	0.000000	0.000000	0.000000	0.000000	0.000000	0.000000	1660178564.584555	0.000000
120.000000	-205.443924	-140.807233	-149.491281	-345.768711	0.000000	0.000000	0.000000	0.000000	0.000000	0.000000	0.000000	0.000000	1660178564.611093	0.000000
120.000000	-266.729665	-205.428965	-189.930819	-362.979730	0.000000	0.000000	0.000000	0.000000	0.000000	0.000000	0.000000	0.000000	1660178564.611093	0.000000
121.000000	-227.314859	-164.701454	-160.868057	-337.698006	0.000000	0.000000	0.000000	0.000000	0.000000	0.000000	0.000000	0.000000	1660178564.616058	0.000000
121.000000	-191.744671	-126.980823	-130.361693	-341.071396	0.000000	0.000000	0.000000	0.000000	0.000000	0.000000	0.000000	0.000000	1660178564.616058	0.000000
122.000000	-259.638815	-189.934559	-172.678661	-364.733743	0.000000	0.000000	0.000000	0.000000	0.000000	0.000000	0.000000	0.000000	1660178564.624190	0.000000
122.000000	-259.687433	-188.681693	-175.610742	-346.670026	0.000000	0.000000	0.000000	0.000000	0.000000	0.000000	0.000000	0.000000	1660178564.624190	0.000000
123.000000	-198.596167	-130.290635	-130.417791	-334.238599	0.000000	0.000000	0.000000	0.000000	0.000000	0.000000	0.000000	0.000000	1660178564.630185	0.000000
123.000000	-238.758953	-165.980500	-160.875536	-358.675105	0.000000	0.000000	0.000000	0.000000	0.000000	0.000000	0.000000	0.000000	1660178564.630185	0.000000
124.000000	-278.532789	-206.038568	-187.253051	-352.392073	0.000000	0.000000	0.000000	0.000000	0.000000	0.000000	0.000000	0.000000	1660178564.672074	0.000000
124.000000	-209.950504	-142.860438	-144.184363	-331.183101	0.000000	0.000000	0.000000	0.000000	0.000000	0.000000	0.000000	0.000000	1660178564.672074	0.000000
125.000000	-209.082847	-147.318399	-144.857545	-345.600415	0.000000	0.000000	0.000000	0.000000	0.000000	0.000000	0.000000	0.000000	1660178564.677491	0.000000
125.000000	-267.548703	-210.627426	-185.914167	-354.370480	0.000000	0.000000	0.000000	0.000000	0.000000	0.000000	0.000000	0.000000	1660178564.677491	0.000000
126.000000	-229.469042	-165.352197	-153.870704	-329.436567	0.000000	0.000000	0.000000	0.000000	0.000000	0.000000	0.000000	0.000000	1660178564.680938	0.000000
126.000000	-196.752397	-133.940777	-135.238522	-340.738545	0.000000	0.000000	0.000000	0.000000	0.000000	0.000000	0.000000	0.000000	1660178564.680938	0.000000
127.000000	-262.937406	-186.127341	-174.743086	-357.826148	0.000000	0.000000	0.000000	0.000000	0.000000	0.000000	0.000000	0.000000	1660178564.684198	0.000000
127.000000	-257.626748	-188.917306	-178.180054	-342.189626	0.000000	0.000000	0.000000	0.000000	0.000000	0.000000	0.000000	0.000000	1660178564.684198	0.000000
128.000000	-193.566002	-124.792982	-131.536021	-334.549011	0.000000	0.000000	0.000000	0.000000	0.000000	0.000000	0.000000	0.000000	1660178564.700804	0.000000
128.000000	-235.030273	-170.988226	-161.432782	-353.442985	0.000000	0.000000	0.000000	0.000000	0.000000	0.000000	0.000000	0.000000	1660178564.700804	0.000000
129.000000	-276.199092	-205.918892	-185.510258	-350.585702	0.000000	0.000000	0.000000	0.000000	0.000000	0.000000	0.000000	0.000000	1660178564.706558	0.000000
129.000000	-200.952304	-142.826779	-139.228996	-329.810557	0.000000	0.000000	0.000000	0.000000	0.000000	0.000000	0.000000	0.000000	1660178564.706558	0.000000
130.000000	-204.942778	-153.332158	-142.680923	-344.601862	0.000000	0.000000	0.000000	0.000000	0.000000	0.000000	0.000000	0.000000	1660178564.712107	0.000000
130.000000	-269.826302	-218.645771	-188.382501	-370.193997	0.000000	0.000000	0.000000	0.000000	0.000000	0.000000	0.000000	0.000000	1660178564.712107	0.000000
131.000000	-234.536606	-179.159907	-163.822578	-341.288310	0.000000	0.000000	0.000000	0.000000	0.000000	0.000000	0.000000	0.000000	1660178564.717064	0.000000
131.000000	-200.032289	-135.889265	-133.637845	-340.551550	0.000000	0.000000	0.000000	0.000000	0.000000	0.000000	0.000000	0.000000	1660178564.717064	0.000000
132.000000	-266.804463	-203.372020	-179.911627	-364.030642	0.000000	0.000000	0.000000	0.000000	0.000000	0.000000	0.000000	0.000000	1660178564.723196	0.000000
132.000000	-259.945486	-202.657699	-176.822470	-341.206033	0.000000	0.000000	0.000000	0.000000	0.000000	0.000000	0.000000	0.000000	1660178564.723196	0.000000
133.000000	-195.394813	-135.324540	-131.236829	-323.045078	0.000000	0.000000	0.000000	0.000000	0.000000	0.000000	0.000000	0.000000	1660178564.745458	0.000000
133.000000	-235.628657	-173.004032	-156.825225	-344.758938	0.000000	0.000000	0.000000	0.000000	0.000000	0.000000	0.000000	0.000000	1660178564.745458	0.000000
134.000000	-271.950565	-213.933497	-185.334482	-341.853035	0.000000	0.000000	0.000000	0.000000	0.000000	0.000000	0.000000	0.000000	1660178564.752045	0.000000
134.000000	-206.046048	-148.922816	-139.169157	-322.005386	0.000000	0.000000	0.000000	0.000000	0.000000	0.000000	0.000000	0.000000	1660178564.752045	0.000000
135.000000	-208.147872	-157.386210	-144.165663	-338.786317	0.000000	0.000000	0.000000	0.000000	0.000000	0.000000	0.000000	0.000000	1660178564.756527	0.000000
135.000000	-270.600461	-213.585686	-183.146641	-346.827102	0.000000	0.000000	0.000000	0.000000	0.000000	0.000000	0.000000	0.000000	1660178564.756527	0.000000
136.000000	-222.980315	-167.932728	-157.225394	-326.407248	0.000000	0.000000	0.000000	0.000000	0.000000	0.000000	0.000000	0.000000	1660178564.762077	0.000000
136.000000	-181.968572	-136.629765	-132.340100	-332.159215	0.000000	0.000000	0.000000	0.000000	0.000000	0.000000	0.000000	0.000000	1660178564.762077	0.000000
137.000000	-251.979499	-195.746364	-176.010912	-355.645786	0.000000	0.000000	0.000000	0.000000	0.000000	0.000000	0.000000	0.000000	1660178564.768037	0.000000
137.000000	-257.237799	-192.735744	-176.803770	-345.525617	0.000000	0.000000	0.000000	0.000000	0.000000	0.000000	0.000000	0.000000	1660178564.768037	0.000000
138.000000	-196.696298	-132.871166	-126.887326	-327.301085	0.000000	0.000000	0.000000	0.000000	0.000000	0.000000	0.000000	0.000000	1660178564.791109	0.000000
138.000000	-236.963801	-171.997999	-155.620977	-352.134020	0.000000	0.000000	0.000000	0.000000	0.000000	0.000000	0.000000	0.000000	1660178564.791109	0.000000
139.000000	-274.523616	-205.339207	-185.027810	-344.470965	0.000000	0.000000	0.000000	0.000000	0.000000	0.000000	0.000000	0.000000	1660178564.795541	0.000000
139.000000	-209.520415	-144.210542	-143.440123	-328.572651	0.000000	0.000000	0.000000	0.000000	0.000000	0.000000	0.000000	0.000000	1660178564.795541	0.000000
140.000000	-208.387226	-145.224055	-140.470642	-351.015790	0.000000	0.000000	0.000000	0.000000	0.000000	0.000000	0.000000	0.000000	1660178564.799542	0.000000
140.000000	-267.361708	-203.502916	-181.575883	-358.697545	0.000000	0.000000	0.000000	0.000000	0.000000	0.000000	0.000000	0.000000	1660178564.799542	0.000000
141.000000	-224.210742	-160.998953	-151.080739	-333.075490	0.000000	0.000000	0.000000	0.000000	0.000000	0.000000	0.000000	0.000000	1660178564.804282	0.000000
141.000000	-190.970511	-128.203770	-127.923278	-333.744932	0.000000	0.000000	0.000000	0.000000	0.000000	0.000000	0.000000	0.000000	1660178564.804282	0.000000
142.000000	-255.349149	-187.866394	-169.559584	-362.355167	0.000000	0.000000	0.000000	0.000000	0.000000	0.000000	0.000000	0.000000	1660178564.836085	0.000000
142.000000	-251.489573	-183.255098	-172.259792	-343.506071	0.000000	0.000000	0.000000	0.000000	0.000000	0.000000	0.000000	0.000000	1660178564.836085	0.000000
143.000000	-189.799923	-133.200277	-130.032582	-338.206633	0.000000	0.000000	0.000000	0.000000	0.000000	0.000000	0.000000	0.000000	1660178564.841070	0.000000
143.000000	-239.069365	-179.025271	-164.222747	-369.180484	0.000000	0.000000	0.000000	0.000000	0.000000	0.000000	0.000000	0.000000	1660178564.841070	0.000000
144.000000	-267.638461	-204.400492	-184.010558	-355.836521	0.000000	0.000000	0.000000	0.000000	0.000000	0.000000	0.000000	0.000000	1660178564.846033	0.000000
144.000000	-200.006110	-138.279061	-137.688157	-333.236306	0.000000	0.000000	0.000000	0.000000	0.000000	0.000000	0.000000	0.000000	1660178564.846033	0.000000
145.000000	-219.274074	-151.574405	-146.260007	-358.521769	0.000000	0.000000	0.000000	0.000000	0.000000	0.000000	0.000000	0.000000	1660178564.851046	0.000000
145.000000	-278.050342	-206.494836	-194.403740	-364.909518	0.000000	0.000000	0.000000	0.000000	0.000000	0.000000	0.000000	0.000000	1660178564.851046	0.000000
146.000000	-233.986841	-168.594690	-155.445202	-343.472412	0.000000	0.000000	0.000000	0.000000	0.000000	0.000000	0.000000	0.000000	1660178564.855556	0.000000
146.000000	-189.321216	-127.676445	-126.202924	-338.636721	0.000000	0.000000	0.000000	0.000000	0.000000	0.000000	0.000000	0.000000	1660178564.855556	0.000000
147.000000	-255.207033	-184.567803	-171.306117	-360.814328	0.000000	0.000000	0.000000	0.000000	0.000000	0.000000	0.000000	0.000000	1660178564.897072	0.000000
147.000000	-256.052250	-183.135421	-169.574544	-344.257791	0.000000	0.000000	0.000000	0.000000	0.000000	0.000000	0.000000	0.000000	1660178564.897072	0.000000
148.000000	-190.256191	-124.516229	-121.872120	-335.300731	0.000000	0.000000	0.000000	0.000000	0.000000	0.000000	0.000000	0.000000	1660178564.903074	0.000000
148.000000	-231.062239	-172.532805	-157.520846	-362.205571	0.000000	0.000000	0.000000	0.000000	0.000000	0.000000	0.000000	0.000000	1660178564.903074	0.000000
149.000000	-273.768157	-208.106733	-189.493251	-366.783208	0.000000	0.000000	0.000000	0.000000	0.000000	0.000000	0.000000	0.000000	1660178564.909056	0.000000
149.000000	-202.433305	-147.340839	-139.243955	-341.699699	0.000000	0.000000	0.000000	0.000000	0.000000	0.000000	0.000000	0.000000	1660178564.909056	0.000000
150.000000	-208.379746	-152.831012	-143.107272	-356.861254	0.000000	0.000000	0.000000	0.000000	0.000000	0.000000	0.000000	0.000000	1660178564.914166	0.000000
150.000000	-267.193412	-214.950750	-186.011404	-365.545301	0.000000	0.000000	0.000000	0.000000	0.000000	0.000000	0.000000	0.000000	1660178564.914166	0.000000
151.000000	-227.729988	-172.162555	-158.769973	-343.468672	0.000000	0.000000	0.000000	0.000000	0.000000	0.000000	0.000000	0.000000	1660178564.918777	0.000000
151.000000	-183.483232	-133.585487	-123.562555	-336.471319	0.000000	0.000000	0.000000	0.000000	0.000000	0.000000	0.000000	0.000000	1660178564.918777	0.000000
152.000000	-237.771619	-184.623901	-166.268472	-361.401492	0.000000	0.000000	0.000000	0.000000	0.000000	0.000000	0.000000	0.000000	1660178564.923185	0.000000
152.000000	-241.148749	-184.635121	-168.026225	-342.933866	0.000000	0.000000	0.000000	0.000000	0.000000	0.000000	0.000000	0.000000	1660178564.923185	0.000000
153.000000	-175.636922	-127.033182	-123.386779	-332.095636	0.000000	0.000000	0.000000	0.000000	0.000000	0.000000	0.000000	0.000000	1660178564.940332	0.000000
153.000000	-213.391212	-164.821131	-150.863824	-359.168772	0.000000	0.000000	0.000000	0.000000	0.000000	0.000000	0.000000	0.000000	1660178564.940332	0.000000
154.000000	-256.557137	-202.242570	-179.507718	-349.329095	0.000000	0.000000	0.000000	0.000000	0.000000	0.000000	0.000000	0.000000	1660178564.945075	0.000000
154.000000	-199.549842	-144.311520	-134.658838	-332.780038	0.000000	0.000000	0.000000	0.000000	0.000000	0.000000	0.000000	0.000000	1660178564.945075	0.000000
155.000000	-204.905379	-149.371604	-141.401877	-353.469165	0.000000	0.000000	0.000000	0.000000	0.000000	0.000000	0.000000	0.000000	1660178564.951032	0.000000
155.000000	-260.334436	-197.803309	-175.823917	-357.306302	0.000000	0.000000	0.000000	0.000000	0.000000	0.000000	0.000000	0.000000	1660178564.951032	0.000000
156.000000	-216.682324	-162.356537	-145.934636	-335.745779	0.000000	0.000000	0.000000	0.000000	0.000000	0.000000	0.000000	0.000000	1660178564.954920	0.000000
156.000000	-183.198999	-134.176391	-124.134759	-340.502931	0.000000	0.000000	0.000000	0.000000	0.000000	0.000000	0.000000	0.000000	1660178564.954920	0.000000
157.000000	-245.386056	-196.180192	-174.683247	-353.375667	0.000000	0.000000	0.000000	0.000000	0.000000	0.000000	0.000000	0.000000	1660178564.986228	0.000000
157.000000	-237.622023	-188.274044	-163.257853	-330.225686	0.000000	0.000000	0.000000	0.000000	0.000000	0.000000	0.000000	0.000000	1660178564.986228	0.000000
158.000000	-181.661900	-125.548442	-123.525156	-321.107810	0.000000	0.000000	0.000000	0.000000	0.000000	0.000000	0.000000	0.000000	1660178564.990511	0.000000
158.000000	-222.314613	-169.970973	-150.927403	-347.941592	0.000000	0.000000	0.000000	0.000000	0.000000	0.000000	0.000000	0.000000	1660178564.990511	0.000000
159.000000	-256.011112	-202.070535	-171.904501	-344.912273	0.000000	0.000000	0.000000	0.000000	0.000000	0.000000	0.000000	0.000000	1660178564.996532	0.000000
159.000000	-189.145440	-137.923770	-128.712397	-321.870750	0.000000	0.000000	0.000000	0.000000	0.000000	0.000000	0.000000	0.000000	1660178564.996532	0.000000
160.000000	-197.739730	-146.742455	-136.446510	-336.269365	0.000000	0.000000	0.000000	0.000000	0.000000	0.000000	0.000000	0.000000	1660178565.000677	0.000000
160.000000	-253.052851	-201.300115	-170.064471	-348.420300	0.000000	0.000000	0.000000	0.000000	0.000000	0.000000	0.000000	0.000000	1660178565.000677	0.000000
161.000000	-210.571327	-164.110550	-144.928603	-325.663008	0.000000	0.000000	0.000000	0.000000	0.000000	0.000000	0.000000	0.000000	1660178565.006071	0.000000
161.000000	-173.759492	-121.524309	-119.067195	-332.682801	0.000000	0.000000	0.000000	0.000000	0.000000	0.000000	0.000000	0.000000	1660178565.006071	0.000000
162.000000	-234.667503	-185.091389	-165.909442	-349.815282	0.000000	0.000000	0.000000	0.000000	0.000000	0.000000	0.000000	0.000000	1660178565.030208	0.000000
162.000000	-230.134744	-179.646094	-164.847310	-333.868349	0.000000	0.000000	0.000000	0.000000	0.000000	0.000000	0.000000	0.000000	1660178565.030208	0.000000
163.000000	-172.136375	-127.668965	-119.194351	-325.857483	0.000000	0.000000	0.000000	0.000000	0.000000	0.000000	0.000000	0.000000	1660178565.034266	0.000000
163.000000	-227.240061	-169.593243	-153.911843	-357.440938	0.000000	0.000000	0.000000	0.000000	0.000000	0.000000	0.000000	0.000000	1660178565.034266	0.000000
164.000000	-265.682493	-203.271042	-179.077630	-346.325956	0.000000	0.000000	0.000000	0.000000	0.000000	0.000000	0.000000	0.000000	1660178565.038540	0.000000
164.000000	-193.614621	-139.748842	-133.084340	-326.627903	0.000000	0.000000	0.000000	0.000000	0.000000	0.000000	0.000000	0.000000	1660178565.038540	0.000000
165.000000	-202.541762	-146.443263	-140.706256	-342.298083	0.000000	0.000000	0.000000	0.000000	0.000000	0.000000	0.000000	0.000000	1660178565.043596	0.000000
165.000000	-265.929326	-208.230150	-185.349442	-358.645186	0.000000	0.000000	0.000000	0.000000	0.000000	0.000000	0.000000	0.000000	1660178565.043596	0.000000
166.000000	-220.882231	-171.455713	-157.535806	-332.323770	0.000000	0.000000	0.000000	0.000000	0.000000	0.000000	0.000000	0.000000	1660178565.076205	0.000000
166.000000	-182.406141	-135.163724	-130.410311	-345.753751	0.000000	0.000000	0.000000	0.000000	0.000000	0.000000	0.000000	0.000000	1660178565.076205	0.000000
167.000000	-247.682354	-195.260177	-174.421454	-361.786702	0.000000	0.000000	0.000000	0.000000	0.000000	0.000000	0.000000	0.000000	1660178565.082178	0.000000
167.000000	-245.838584	-193.962431	-178.426887	-344.295190	0.000000	0.000000	0.000000	0.000000	0.000000	0.000000	0.000000	0.000000	1660178565.082178	0.000000
168.000000	-181.654421	-130.675844	-126.595614	-333.333543	0.000000	0.000000	0.000000	0.000000	0.000000	0.000000	0.000000	0.000000	1660178565.086044	0.000000
168.000000	-229.487741	-170.524478	-159.776006	-356.143193	0.000000	0.000000	0.000000	0.000000	0.000000	0.000000	0.000000	0.000000	1660178565.086044	0.000000
169.000000	-264.014497	-208.735036	-180.491312	-349.848941	0.000000	0.000000	0.000000	0.000000	0.000000	0.000000	0.000000	0.000000	1660178565.091521	0.000000
169.000000	-202.586641	-145.556906	-134.969250	-333.875829	0.000000	0.000000	0.000000	0.000000	0.000000	0.000000	0.000000	0.000000	1660178565.091521	0.000000
170.000000	-208.577960	-150.044786	-139.105579	-352.979238	0.000000	0.000000	0.000000	0.000000	0.000000	0.000000	0.000000	0.000000	1660178565.095820	0.000000
170.000000	-259.463039	-209.213743	-180.779284	-357.743870	0.000000	0.000000	0.000000	0.000000	0.000000	0.000000	0.000000	0.000000	1660178565.095820	0.000000
171.000000	-216.607526	-163.025979	-148.866718	-336.598476	0.000000	0.000000	0.000000	0.000000	0.000000	0.000000	0.000000	0.000000	1660178565.120071	0.000000
171.000000	-180.296837	-128.689957	-126.116906	-337.095883	0.000000	0.000000	0.000000	0.000000	0.000000	0.000000	0.000000	0.000000	1660178565.120071	0.000000
172.000000	-243.740500	-185.379361	-161.533759	-353.562662	0.000000	0.000000	0.000000	0.000000	0.000000	0.000000	0.000000	0.000000	1660178565.126167	0.000000
172.000000	-242.046325	-187.368988	-167.629796	-343.446233	0.000000	0.000000	0.000000	0.000000	0.000000	0.000000	0.000000	0.000000	1660178565.126167	0.000000
173.000000	-177.447033	-127.216437	-122.668719	-326.358630	0.000000	0.000000	0.000000	0.000000	0.000000	0.000000	0.000000	0.000000	1660178565.130399	0.000000
173.000000	-220.698976	-169.436167	-155.617237	-354.467718	0.000000	0.000000	0.000000	0.000000	0.000000	0.000000	0.000000	0.000000	1660178565.130399	0.000000
174.000000	-249.552304	-199.837814	-175.255452	-340.013004	0.000000	0.000000	0.000000	0.000000	0.000000	0.000000	0.000000	0.000000	1660178565.135562	0.000000
174.000000	-186.800523	-137.804094	-132.878645	-330.135929	0.000000	0.000000	0.000000	0.000000	0.000000	0.000000	0.000000	0.000000	1660178565.135562	0.000000
175.000000	-195.862301	-146.626518	-136.513828	-342.829149	0.000000	0.000000	0.000000	0.000000	0.000000	0.000000	0.000000	0.000000	1660178565.167090	0.000000
175.000000	-260.588749	-208.488203	-179.163647	-351.457098	0.000000	0.000000	0.000000	0.000000	0.000000	0.000000	0.000000	0.000000	1660178565.167090	0.000000
176.000000	-213.589426	-167.397922	-148.690942	-330.034951	0.000000	0.000000	0.000000	0.000000	0.000000	0.000000	0.000000	0.000000	1660178565.172390	0.000000
176.000000	-178.367049	-130.088680	-130.260715	-332.529465	0.000000	0.000000	0.000000	0.000000	0.000000	0.000000	0.000000	0.000000	1660178565.172390	0.000000
177.000000	-241.429242	-185.835629	-164.884709	-352.773543	0.000000	0.000000	0.000000	0.000000	0.000000	0.000000	0.000000	0.000000	1660178565.178196	0.000000
177.000000	-240.307272	-185.487818	-159.308518	-337.137021	0.000000	0.000000	0.000000	0.000000	0.000000	0.000000	0.000000	0.000000	1660178565.178196	0.000000
178.000000	-177.319877	-126.146826	-120.738930	-327.809711	0.000000	0.000000	0.000000	0.000000	0.000000	0.000000	0.000000	0.000000	1660178565.182273	0.000000
178.000000	-229.091312	-168.852743	-158.609157	-358.087941	0.000000	0.000000	0.000000	0.000000	0.000000	0.000000	0.000000	0.000000	1660178565.182273	0.000000
179.000000	-262.795290	-207.325094	-183.550550	-350.136914	0.000000	0.000000	0.000000	0.000000	0.000000	0.000000	0.000000	0.000000	1660178565.187432	0.000000
179.000000	-194.239184	-139.943316	-130.735683	-331.407495	0.000000	0.000000	0.000000	0.000000	0.000000	0.000000	0.000000	0.000000	1660178565.187432	0.000000
180.000000	-205.361646	-149.472582	-138.260361	-352.238737	0.000000	0.000000	0.000000	0.000000	0.000000	0.000000	0.000000	0.000000	1660178565.225967	0.000000
180.000000	-264.107995	-211.113613	-182.940946	-356.184332	0.000000	0.000000	0.000000	0.000000	0.000000	0.000000	0.000000	0.000000	1660178565.225967	0.000000
181.000000	-226.200369	-169.574544	-148.107518	-334.679907	0.000000	0.000000	0.000000	0.000000	0.000000	0.000000	0.000000	0.000000	1660178565.230378	0.000000
181.000000	-190.091635	-134.954290	-130.178438	-337.469873	0.000000	0.000000	0.000000	0.000000	0.000000	0.000000	0.000000	0.000000	1660178565.230378	0.000000
182.000000	-253.423101	-197.433059	-170.909688	-351.228964	0.000000	0.000000	0.000000	0.000000	0.000000	0.000000	0.000000	0.000000	1660178565.235152	0.000000
182.000000	-258.266271	-193.738037	-172.903055	-335.682200	0.000000	0.000000	0.000000	0.000000	0.000000	0.000000	0.000000	0.000000	1660178565.235152	0.000000
183.000000	-202.691358	-138.249142	-129.553874	-328.251019	0.000000	0.000000	0.000000	0.000000	0.000000	0.000000	0.000000	0.000000	1660178565.240855	0.000000
183.000000	-258.681400	-187.608341	-169.398768	-355.395213	0.000000	0.000000	0.000000	0.000000	0.000000	0.000000	0.000000	0.000000	1660178565.240855	0.000000
184.000000	-295.074367	-222.494128	-189.721385	-354.531296	0.000000	0.000000	0.000000	0.000000	0.000000	0.000000	0.000000	0.000000	1660178565.256570	0.000000
184.000000	-227.445756	-159.162662	-146.869611	-334.111442	0.000000	0.000000	0.000000	0.000000	0.000000	0.000000	0.000000	0.000000	1660178565.256570	0.000000
185.000000	-227.378438	-156.559692	-142.422870	-345.525617	0.000000	0.000000	0.000000	0.000000	0.000000	0.000000	0.000000	0.000000	1660178565.261480	0.000000
185.000000	-291.158691	-222.022901	-189.025763	-353.615021	0.000000	0.000000	0.000000	0.000000	0.000000	0.000000	0.000000	0.000000	1660178565.261480	0.000000
186.000000	-247.282185	-171.683847	-152.950688	-323.213374	0.000000	0.000000	0.000000	0.000000	0.000000	0.000000	0.000000	0.000000	1660178565.267202	0.000000
186.000000	-213.088280	-140.444463	-135.855606	-336.153428	0.000000	0.000000	0.000000	0.000000	0.000000	0.000000	0.000000	0.000000	1660178565.267202	0.000000
187.000000	-274.834028	-202.003216	-174.245679	-358.626487	0.000000	0.000000	0.000000	0.000000	0.000000	0.000000	0.000000	0.000000	1660178565.273186	0.000000
187.000000	-266.153720	-196.359707	-172.682401	-336.490019	0.000000	0.000000	0.000000	0.000000	0.000000	0.000000	0.000000	0.000000	1660178565.273186	0.000000
188.000000	-199.546102	-129.426718	-127.119199	-321.414482	0.000000	0.000000	0.000000	0.000000	0.000000	0.000000	0.000000	0.000000	1660178565.279094	0.000000
188.000000	-245.909642	-172.342070	-159.439415	-356.741577	0.000000	0.000000	0.000000	0.000000	0.000000	0.000000	0.000000	0.000000	1660178565.279094	0.000000
189.000000	-290.627626	-209.426918	-184.694959	-348.629734	0.000000	0.000000	0.000000	0.000000	0.000000	0.000000	0.000000	0.000000	1660178565.299604	0.000000
189.000000	-217.086233	-147.898084	-136.891558	-325.760246	0.000000	0.000000	0.000000	0.000000	0.000000	0.000000	0.000000	0.000000	1660178565.299604	0.000000
190.000000	-225.186856	-156.851404	-142.804340	-342.249465	0.000000	0.000000	0.000000	0.000000	0.000000	0.000000	0.000000	0.000000	1660178565.304716	0.000000
190.000000	-288.271489	-215.945563	-187.110935	-352.867041	0.000000	0.000000	0.000000	0.000000	0.000000	0.000000	0.000000	0.000000	1660178565.304716	0.000000
191.000000	-254.014005	-174.481293	-164.630396	-335.207233	0.000000	0.000000	0.000000	0.000000	0.000000	0.000000	0.000000	0.000000	1660178565.308166	0.000000
191.000000	-225.003601	-147.052866	-138.424917	-342.709472	0.000000	0.000000	0.000000	0.000000	0.000000	0.000000	0.000000	0.000000	1660178565.308166	0.000000
192.000000	-283.862147	-209.804648	-181.183193	-367.224517	0.000000	0.000000	0.000000	0.000000	0.000000	0.000000	0.000000	0.000000	1660178565.313165	0.000000
192.000000	-267.791796	-198.020223	-172.267272	-342.552397	0.000000	0.000000	0.000000	0.000000	0.000000	0.000000	0.000000	0.000000	1660178565.313165	0.000000
193.000000	-204.355613	-141.944163	-134.355906	-332.634182	0.000000	0.000000	0.000000	0.000000	0.000000	0.000000	0.000000	0.000000	1660178565.346103	0.000000
193.000000	-253.359522	-181.792797	-163.964694	-359.767156	0.000000	0.000000	0.000000	0.000000	0.000000	0.000000	0.000000	0.000000	1660178565.346103	0.000000
194.000000	-285.705917	-212.519815	-181.164494	-349.276737	0.000000	0.000000	0.000000	0.000000	0.000000	0.000000	0.000000	0.000000	1660178565.354082	0.000000
194.000000	-214.879692	-151.151797	-138.077106	-329.627302	0.000000	0.000000	0.000000	0.000000	0.000000	0.000000	0.000000	0.000000	1660178565.354082	0.000000
195.000000	-226.009634	-153.691189	-144.741608	-345.379761	0.000000	0.000000	0.000000	0.000000	0.000000	0.000000	0.000000	0.000000	1660178565.358574	0.000000
195.000000	-285.070134	-212.216883	-180.667087	-353.637460	0.000000	0.000000	0.000000	0.000000	0.000000	0.000000	0.000000	0.000000	1660178565.358574	0.000000
196.000000	-240.527926	-167.577437	-152.408403	-322.988980	0.000000	0.000000	0.000000	0.000000	0.000000	0.000000	0.000000	0.000000	1660178565.363797	0.000000
196.000000	-198.151119	-131.240569	-127.837260	-330.868949	0.000000	0.000000	0.000000	0.000000	0.000000	0.000000	0.000000	0.000000	1660178565.363797	0.000000
197.000000	-276.962031	-198.629827	-177.368495	-353.521523	0.000000	0.000000	0.000000	0.000000	0.000000	0.000000	0.000000	0.000000	1660178565.370159	0.000000
197.000000	-273.001477	-193.741777	-171.889542	-335.128695	0.000000	0.000000	0.000000	0.000000	0.000000	0.000000	0.000000	0.000000	1660178565.370159	0.000000
198.000000	-217.613559	-134.404525	-132.519615	-332.843616	0.000000	0.000000	0.000000	0.000000	0.000000	0.000000	0.000000	0.000000	1660178565.390461	0.000000
198.000000	-257.503332	-174.997399	-155.609757	-343.850142	0.000000	0.000000	0.000000	0.000000	0.000000	0.000000	0.000000	0.000000	1660178565.390461	0.000000
199.000000	-289.382239	-210.997676	-182.638014	-349.781623	0.000000	0.000000	0.000000	0.000000	0.000000	0.000000	0.000000	0.000000	1660178565.394612	0.000000
199.000000	-225.437429	-148.320692	-140.062993	-319.443555	0.000000	0.000000	0.000000	0.000000	0.000000	0.000000	0.000000	0.000000	1660178565.394612	0.000000
200.000000	-238.141870	-159.323478	-149.371604	-340.473012	0.000000	0.000000	0.000000	0.000000	0.000000	0.000000	0.000000	0.000000	1660178565.397645	0.000000
200.000000	-301.794967	-221.140284	-194.392520	-357.134266	0.000000	0.000000	0.000000	0.000000	0.000000	0.000000	0.000000	0.000000	1660178565.397645	0.000000
0.000000	-254.309457	-175.477976	-154.846818	-330.055521	0.000000	0.000000	0.000000	0.000000	0.000000	0.000000	0.000000	0.000000	1660178565.401060	0.000000
101.000000	-218.836506	-142.806210	-135.309580	-333.103539	0.000000	0.000000	0.000000	0.000000	0.000000	0.000000	0.000000	0.000000	1660178565.406175	0.000000
101.000000	-292.033828	-207.147449	-179.264625	-359.073405	0.000000	0.000000	0.000000	0.000000	0.000000	0.000000	0.000000	0.000000	1660178565.406175	0.000000
102.000000	-280.683232	-195.407903	-174.155921	-332.875405	0.000000	0.000000	0.000000	0.000000	0.000000	0.000000	0.000000	0.000000	1660178565.418335	0.000000
102.000000	-207.018422	-133.879069	-127.964417	-323.428418	0.000000	0.000000	0.000000	0.000000	0.000000	0.000000	0.000000	0.000000	1660178565.418335	0.000000
103.000000	-254.077583	-177.882732	-159.353397	-346.694336	0.000000	0.000000	0.000000	0.000000	0.000000	0.000000	0.000000	0.000000	1660178565.451177	0.000000
103.000000	-296.192597	-218.976752	-182.615575	-345.886517	0.000000	0.000000	0.000000	0.000000	0.000000	0.000000	0.000000	0.000000	1660178565.451177	0.000000
104.000000	-232.270227	-154.519577	-136.304394	-319.587541	0.000000	0.000000	0.000000	0.000000	0.000000	0.000000	0.000000	0.000000	1660178565.455066	0.000000
104.000000	-240.808418	-167.994436	-142.995075	-339.973736	0.000000	0.000000	0.000000	0.000000	0.000000	0.000000	0.000000	0.000000	1660178565.455066	0.000000
105.000000	-297.310827	-233.872774	-188.075829	-348.384771	0.000000	0.000000	0.000000	0.000000	0.000000	0.000000	0.000000	0.000000	1660178565.461202	0.000000
105.000000	-254.148641	-195.834251	-153.784686	-329.733889	0.000000	0.000000	0.000000	0.000000	0.000000	0.000000	0.000000	0.000000	1660178565.461202	0.000000
106.000000	-217.104932	-153.838915	-130.084940	-328.421185	0.000000	0.000000	0.000000	0.000000	0.000000	0.000000	0.000000	0.000000	1660178565.467311	0.000000
106.000000	-281.584547	-216.736552	-179.388041	-356.896783	0.000000	0.000000	0.000000	0.000000	0.000000	0.000000	0.000000	0.000000	1660178565.467311	0.000000
107.000000	-280.896406	-209.178214	-175.760338	-338.092566	0.000000	0.000000	0.000000	0.000000	0.000000	0.000000	0.000000	0.000000	1660178565.496098	0.000000
107.000000	-212.542254	-139.889088	-128.895652	-320.238283	0.000000	0.000000	0.000000	0.000000	0.000000	0.000000	0.000000	0.000000	1660178565.496098	0.000000
108.000000	-259.866948	-181.805887	-160.292112	-344.454136	0.000000	0.000000	0.000000	0.000000	0.000000	0.000000	0.000000	0.000000	1660178565.501081	0.000000
108.000000	-292.505055	-210.887349	-184.481785	-339.771781	0.000000	0.000000	0.000000	0.000000	0.000000	0.000000	0.000000	0.000000	1660178565.501081	0.000000
109.000000	-220.560600	-147.432466	-137.680677	-314.871527	0.000000	0.000000	0.000000	0.000000	0.000000	0.000000	0.000000	0.000000	1660178565.507063	0.000000
109.000000	-229.786933	-157.593774	-145.235275	-344.057706	0.000000	0.000000	0.000000	0.000000	0.000000	0.000000	0.000000	0.000000	1660178565.507063	0.000000
110.000000	-286.872766	-211.885902	-185.169927	-354.233974	0.000000	0.000000	0.000000	0.000000	0.000000	0.000000	0.000000	0.000000	1660178565.512909	0.000000
110.000000	-236.597291	-169.101446	-154.820638	-330.837160	0.000000	0.000000	0.000000	0.000000	0.000000	0.000000	0.000000	0.000000	1660178565.512909	0.000000
111.000000	-203.544055	-133.594836	-131.016175	-339.659584	0.000000	0.000000	0.000000	0.000000	0.000000	0.000000	0.000000	0.000000	1660178565.517200	0.000000
111.000000	-268.236845	-195.976368	-180.188380	-357.394190	0.000000	0.000000	0.000000	0.000000	0.000000	0.000000	0.000000	0.000000	1660178565.517200	0.000000
112.000000	-273.278230	-190.661970	-173.497699	-351.417829	0.000000	0.000000	0.000000	0.000000	0.000000	0.000000	0.000000	0.000000	1660178565.541449	0.000000
112.000000	-205.485063	-129.342570	-129.243463	-334.674297	0.000000	0.000000	0.000000	0.000000	0.000000	0.000000	0.000000	0.000000	1660178565.541449	0.000000
113.000000	-242.913982	-175.175044	-158.945748	-365.408795	0.000000	0.000000	0.000000	0.000000	0.000000	0.000000	0.000000	0.000000	1660178565.547081	0.000000
113.000000	-278.603847	-213.157468	-179.556337	-356.788326	0.000000	0.000000	0.000000	0.000000	0.000000	0.000000	0.000000	0.000000	1660178565.547081	0.000000
114.000000	-204.191058	-144.261031	-128.170111	-325.937891	0.000000	0.000000	0.000000	0.000000	0.000000	0.000000	0.000000	0.000000	1660178565.553200	0.000000
114.000000	-208.933251	-148.647934	-133.626625	-344.383078	0.000000	0.000000	0.000000	0.000000	0.000000	0.000000	0.000000	0.000000	1660178565.553200	0.000000
115.000000	-266.710965	-210.498399	-168.022485	-356.302139	0.000000	0.000000	0.000000	0.000000	0.000000	0.000000	0.000000	0.000000	1660178565.557824	0.000000
115.000000	-231.196875	-167.220277	-142.535067	-329.045748	0.000000	0.000000	0.000000	0.000000	0.000000	0.000000	0.000000	0.000000	1660178565.557824	0.000000
116.000000	-195.349934	-131.302278	-116.546502	-334.898691	0.000000	0.000000	0.000000	0.000000	0.000000	0.000000	0.000000	0.000000	1660178565.563204	0.000000
116.000000	-250.318984	-192.079392	-156.260500	-353.194282	0.000000	0.000000	0.000000	0.000000	0.000000	0.000000	0.000000	0.000000	1660178565.563204	0.000000
117.000000	-247.816991	-185.504648	-157.864917	-335.639191	0.000000	0.000000	0.000000	0.000000	0.000000	0.000000	0.000000	0.000000	1660178565.585289	0.000000
117.000000	-188.330142	-128.385156	-119.287849	-326.925225	0.000000	0.000000	0.000000	0.000000	0.000000	0.000000	0.000000	0.000000	1660178565.585289	0.000000
118.000000	-232.517060	-172.213043	-152.273767	-355.146510	0.000000	0.000000	0.000000	0.000000	0.000000	0.000000	0.000000	0.000000	1660178565.590511	0.000000
118.000000	-274.175806	-213.621216	-184.522924	-354.061939	0.000000	0.000000	0.000000	0.000000	0.000000	0.000000	0.000000	0.000000	1660178565.590511	0.000000
119.000000	-205.025055	-146.620908	-139.550627	-332.766948	0.000000	0.000000	0.000000	0.000000	0.000000	0.000000	0.000000	0.000000	1660178565.596020	0.000000
119.000000	-212.231843	-152.623447	-143.541100	-349.046733	0.000000	0.000000	0.000000	0.000000	0.000000	0.000000	0.000000	0.000000	1660178565.596020	0.000000
120.000000	-271.905686	-213.441700	-188.898607	-361.691335	0.000000	0.000000	0.000000	0.000000	0.000000	0.000000	0.000000	0.000000	1660178565.601803	0.000000
120.000000	-229.027733	-163.686071	-154.199815	-339.517468	0.000000	0.000000	0.000000	0.000000	0.000000	0.000000	0.000000	0.000000	1660178565.601803	0.000000
121.000000	-193.468765	-141.381308	-132.867426	-347.345078	0.000000	0.000000	0.000000	0.000000	0.000000	0.000000	0.000000	0.000000	1660178565.631180	0.000000
121.000000	-253.093990	-199.574151	-179.661054	-367.529318	0.000000	0.000000	0.000000	0.000000	0.000000	0.000000	0.000000	0.000000	1660178565.631180	0.000000
122.000000	-245.498253	-185.998314	-178.475506	-345.826679	0.000000	0.000000	0.000000	0.000000	0.000000	0.000000	0.000000	0.000000	1660178565.635091	0.000000
122.000000	-177.196460	-125.456814	-131.917491	-339.270634	0.000000	0.000000	0.000000	0.000000	0.000000	0.000000	0.000000	0.000000	1660178565.635091	0.000000
123.000000	-230.875244	-171.723116	-167.420361	-365.378876	0.000000	0.000000	0.000000	0.000000	0.000000	0.000000	0.000000	0.000000	1660178565.640895	0.000000
123.000000	-261.965032	-202.895182	-188.599415	-354.204055	0.000000	0.000000	0.000000	0.000000	0.000000	0.000000	0.000000	0.000000	1660178565.640895	0.000000
124.000000	-187.772897	-132.895475	-135.167464	-335.321300	0.000000	0.000000	0.000000	0.000000	0.000000	0.000000	0.000000	0.000000	1660178565.646399	0.000000
124.000000	-197.234844	-147.533443	-138.391258	-351.660923	0.000000	0.000000	0.000000	0.000000	0.000000	0.000000	0.000000	0.000000	1660178565.646399	0.000000
125.000000	-259.635075	-204.881069	-185.686033	-361.392143	0.000000	0.000000	0.000000	0.000000	0.000000	0.000000	0.000000	0.000000	1660178565.651844	0.000000
125.000000	-212.830227	-160.903586	-152.692635	-336.417091	0.000000	0.000000	0.000000	0.000000	0.000000	0.000000	0.000000	0.000000	1660178565.651844	0.000000
126.000000	-177.536791	-127.162208	-131.098453	-348.811119	0.000000	0.000000	0.000000	0.000000	0.000000	0.000000	0.000000	0.000000	1660178565.675180	0.000000
126.000000	-248.508872	-193.747387	-180.693266	-368.404455	0.000000	0.000000	0.000000	0.000000	0.000000	0.000000	0.000000	0.000000	1660178565.675180	0.000000
127.000000	-243.972374	-187.344678	-175.550904	-350.927902	0.000000	0.000000	0.000000	0.000000	0.000000	0.000000	0.000000	0.000000	1660178565.680387	0.000000
127.000000	-184.945533	-129.566964	-135.619992	-345.209595	0.000000	0.000000	0.000000	0.000000	0.000000	0.000000	0.000000	0.000000	1660178565.680387	0.000000
128.000000	-231.290373	-176.293274	-166.575144	-373.142908	0.000000	0.000000	0.000000	0.000000	0.000000	0.000000	0.000000	0.000000	1660178565.685064	0.000000
128.000000	-264.268811	-207.315744	-193.539823	-366.459707	0.000000	0.000000	0.000000	0.000000	0.000000	0.000000	0.000000	0.000000	1660178565.685064	0.000000
129.000000	-203.222424	-151.580015	-146.230088	-353.231681	0.000000	0.000000	0.000000	0.000000	0.000000	0.000000	0.000000	0.000000	1660178565.690059	0.000000
129.000000	-207.527049	-152.189619	-147.067826	-362.207441	0.000000	0.000000	0.000000	0.000000	0.000000	0.000000	0.000000	0.000000	1660178565.690059	0.000000
130.000000	-266.920400	-210.576937	-189.265117	-366.908495	0.000000	0.000000	0.000000	0.000000	0.000000	0.000000	0.000000	0.000000	1660178565.722502	0.000000
130.000000	-221.327279	-165.567241	-153.118984	-348.949495	0.000000	0.000000	0.000000	0.000000	0.000000	0.000000	0.000000	0.000000	1660178565.722502	0.000000
131.000000	-184.773497	-137.312297	-127.661485	-350.153743	0.000000	0.000000	0.000000	0.000000	0.000000	0.000000	0.000000	0.000000	1660178565.728209	0.000000
131.000000	-245.707687	-193.526733	-174.986179	-375.151235	0.000000	0.000000	0.000000	0.000000	0.000000	0.000000	0.000000	0.000000	1660178565.728209	0.000000
132.000000	-238.560738	-187.827126	-167.536298	-353.669249	0.000000	0.000000	0.000000	0.000000	0.000000	0.000000	0.000000	0.000000	1660178565.733848	0.000000
132.000000	-174.081123	-128.370196	-127.848480	-345.142277	0.000000	0.000000	0.000000	0.000000	0.000000	0.000000	0.000000	0.000000	1660178565.733848	0.000000
133.000000	-217.213389	-166.696691	-153.133944	-360.303832	0.000000	0.000000	0.000000	0.000000	0.000000	0.000000	0.000000	0.000000	1660178565.739430	0.000000
133.000000	-257.032104	-201.148649	-177.140361	-362.248580	0.000000	0.000000	0.000000	0.000000	0.000000	0.000000	0.000000	0.000000	1660178565.739430	0.000000
134.000000	-191.733451	-137.046764	-134.853313	-333.888918	0.000000	0.000000	0.000000	0.000000	0.000000	0.000000	0.000000	0.000000	1660178565.743725	0.000000
134.000000	-209.860746	-149.223878	-154.858037	-366.620523	0.000000	0.000000	0.000000	0.000000	0.000000	0.000000	0.000000	0.000000	1660178565.743725	0.000000
135.000000	-265.794690	-214.473913	-187.772897	-370.483839	0.000000	0.000000	0.000000	0.000000	0.000000	0.000000	0.000000	0.000000	1660178565.781896	0.000000
135.000000	-220.306287	-167.044501	-159.458114	-345.549926	0.000000	0.000000	0.000000	0.000000	0.000000	0.000000	0.000000	0.000000	1660178565.781896	0.000000
136.000000	-184.623901	-138.078976	-129.733390	-356.863124	0.000000	0.000000	0.000000	0.000000	0.000000	0.000000	0.000000	0.000000	1660178565.785187	0.000000
136.000000	-246.470627	-194.169996	-176.123109	-372.944694	0.000000	0.000000	0.000000	0.000000	0.000000	0.000000	0.000000	0.000000	1660178565.785187	0.000000
137.000000	-234.162616	-183.372905	-169.604463	-355.636437	0.000000	0.000000	0.000000	0.000000	0.000000	0.000000	0.000000	0.000000	1660178565.788798	0.000000
137.000000	-177.252558	-124.372243	-125.211851	-343.059153	0.000000	0.000000	0.000000	0.000000	0.000000	0.000000	0.000000	0.000000	1660178565.788798	0.000000
138.000000	-227.030627	-175.085286	-158.646556	-371.931181	0.000000	0.000000	0.000000	0.000000	0.000000	0.000000	0.000000	0.000000	1660178565.796165	0.000000
138.000000	-259.309703	-201.051412	-180.887741	-359.496013	0.000000	0.000000	0.000000	0.000000	0.000000	0.000000	0.000000	0.000000	1660178565.796165	0.000000
139.000000	-193.240631	-139.945186	-137.953690	-347.345078	0.000000	0.000000	0.000000	0.000000	0.000000	0.000000	0.000000	0.000000	1660178565.810482	0.000000
139.000000	-205.320508	-153.756637	-141.540254	-367.387202	0.000000	0.000000	0.000000	0.000000	0.000000	0.000000	0.000000	0.000000	1660178565.810482	0.000000
140.000000	-261.411527	-213.370642	-185.543917	-376.318083	0.000000	0.000000	0.000000	0.000000	0.000000	0.000000	0.000000	0.000000	1660178565.817082	0.000000
140.000000	-217.785594	-168.761116	-154.712181	-352.547279	0.000000	0.000000	0.000000	0.000000	0.000000	0.000000	0.000000	0.000000	1660178565.817082	0.000000
141.000000	-182.417360	-126.728380	-134.572820	-363.430388	0.000000	0.000000	0.000000	0.000000	0.000000	0.000000	0.000000	0.000000	1660178565.820286	0.000000
141.000000	-253.236106	-197.266633	-177.248818	-385.207825	0.000000	0.000000	0.000000	0.000000	0.000000	0.000000	0.000000	0.000000	1660178565.820286	0.000000
142.000000	-246.702501	-191.226695	-176.781331	-367.117929	0.000000	0.000000	0.000000	0.000000	0.000000	0.000000	0.000000	0.000000	1660178565.827089	0.000000
142.000000	-186.594828	-135.700400	-140.466902	-357.861677	0.000000	0.000000	0.000000	0.000000	0.000000	0.000000	0.000000	0.000000	1660178565.827089	0.000000
143.000000	-232.262747	-180.167810	-173.550057	-380.005625	0.000000	0.000000	0.000000	0.000000	0.000000	0.000000	0.000000	0.000000	1660178565.831033	0.000000
143.000000	-260.521431	-208.837883	-186.774344	-367.802331	0.000000	0.000000	0.000000	0.000000	0.000000	0.000000	0.000000	0.000000	1660178565.831033	0.000000
144.000000	-195.454651	-137.158961	-137.882632	-346.731735	0.000000	0.000000	0.000000	0.000000	0.000000	0.000000	0.000000	0.000000	1660178565.853718	0.000000
144.000000	-206.887526	-152.930119	-147.120184	-363.572504	0.000000	0.000000	0.000000	0.000000	0.000000	0.000000	0.000000	0.000000	1660178565.853718	0.000000
145.000000	-262.368941	-209.511065	-188.382501	-366.998253	0.000000	0.000000	0.000000	0.000000	0.000000	0.000000	0.000000	0.000000	1660178565.871143	0.000000
145.000000	-213.335113	-165.597160	-158.208988	-347.240361	0.000000	0.000000	0.000000	0.000000	0.000000	0.000000	0.000000	0.000000	1660178565.871143	0.000000
146.000000	-181.863855	-135.165594	-134.161431	-354.084378	0.000000	0.000000	0.000000	0.000000	0.000000	0.000000	0.000000	0.000000	1660178565.876173	0.000000
146.000000	-247.880569	-198.725194	-176.979546	-373.296244	0.000000	0.000000	0.000000	0.000000	0.000000	0.000000	0.000000	0.000000	1660178565.876173	0.000000
147.000000	-237.951135	-187.165163	-171.175221	-360.442208	0.000000	0.000000	0.000000	0.000000	0.000000	0.000000	0.000000	0.000000	1660178565.881041	0.000000
147.000000	-170.715213	-129.129396	-127.627826	-350.725948	0.000000	0.000000	0.000000	0.000000	0.000000	0.000000	0.000000	0.000000	1660178565.881041	0.000000
148.000000	-222.916737	-174.868372	-162.124663	-377.862662	0.000000	0.000000	0.000000	0.000000	0.000000	0.000000	0.000000	0.000000	1660178565.885512	0.000000
148.000000	-260.125002	-207.053951	-185.551396	-368.726086	0.000000	0.000000	0.000000	0.000000	0.000000	0.000000	0.000000	0.000000	1660178565.885512	0.000000
149.000000	-188.909827	-142.959546	-142.030181	-346.967348	0.000000	0.000000	0.000000	0.000000	0.000000	0.000000	0.000000	0.000000	1660178565.899767	0.000000
149.000000	-206.371419	-150.906833	-146.839692	-371.804024	0.000000	0.000000	0.000000	0.000000	0.000000	0.000000	0.000000	0.000000	1660178565.899767	0.000000
150.000000	-263.517091	-205.782385	-184.908134	-376.407841	0.000000	0.000000	0.000000	0.000000	0.000000	0.000000	0.000000	0.000000	1660178565.905428	0.000000
150.000000	-212.706810	-159.115914	-149.876491	-342.314913	0.000000	0.000000	0.000000	0.000000	0.000000	0.000000	0.000000	0.000000	1660178565.905428	0.000000
151.000000	-185.704732	-128.512312	-133.192797	-352.162069	0.000000	0.000000	0.000000	0.000000	0.000000	0.000000	0.000000	0.000000	1660178565.914175	0.000000
151.000000	-250.943547	-198.515760	-185.910427	-378.591942	0.000000	0.000000	0.000000	0.000000	0.000000	0.000000	0.000000	0.000000	1660178565.914175	0.000000
152.000000	-240.232474	-185.598145	-178.363309	-356.444255	0.000000	0.000000	0.000000	0.000000	0.000000	0.000000	0.000000	0.000000	1660178565.918167	0.000000
152.000000	-175.528465	-128.527272	-127.938238	-342.023201	0.000000	0.000000	0.000000	0.000000	0.000000	0.000000	0.000000	0.000000	1660178565.918167	0.000000
153.000000	-225.171897	-177.897691	-164.548118	-372.264032	0.000000	0.000000	0.000000	0.000000	0.000000	0.000000	0.000000	0.000000	1660178565.946046	0.000000
153.000000	-260.667287	-214.866602	-189.833582	-364.148449	0.000000	0.000000	0.000000	0.000000	0.000000	0.000000	0.000000	0.000000	1660178565.946046	0.000000
154.000000	-193.173313	-146.804163	-143.077353	-349.697475	0.000000	0.000000	0.000000	0.000000	0.000000	0.000000	0.000000	0.000000	1660178565.950687	0.000000
154.000000	-206.595813	-156.744817	-154.487787	-366.852397	0.000000	0.000000	0.000000	0.000000	0.000000	0.000000	0.000000	0.000000	1660178565.950687	0.000000
155.000000	-268.524817	-217.233959	-193.790396	-373.965686	0.000000	0.000000	0.000000	0.000000	0.000000	0.000000	0.000000	0.000000	1660178565.955054	0.000000
155.000000	-223.275767	-177.714436	-164.914628	-355.980507	0.000000	0.000000	0.000000	0.000000	0.000000	0.000000	0.000000	0.000000	1660178565.955054	0.000000
156.000000	-199.579761	-145.401700	-140.515521	-363.953974	0.000000	0.000000	0.000000	0.000000	0.000000	0.000000	0.000000	0.000000	1660178565.959535	0.000000
156.000000	-257.630488	-204.589357	-181.792797	-382.818029	0.000000	0.000000	0.000000	0.000000	0.000000	0.000000	0.000000	0.000000	1660178565.959535	0.000000
157.000000	-243.175775	-195.213428	-172.050358	-359.290319	0.000000	0.000000	0.000000	0.000000	0.000000	0.000000	0.000000	0.000000	1660178565.974566	0.000000
157.000000	-182.581916	-132.543924	-127.983116	-347.614351	0.000000	0.000000	0.000000	0.000000	0.000000	0.000000	0.000000	0.000000	1660178565.974566	0.000000
158.000000	-230.826625	-181.117745	-167.166048	-374.399515	0.000000	0.000000	0.000000	0.000000	0.000000	0.000000	0.000000	0.000000	1660178566.007075	0.000000
158.000000	-264.074336	-206.204994	-184.380808	-362.921762	0.000000	0.000000	0.000000	0.000000	0.000000	0.000000	0.000000	0.000000	1660178566.007075	0.000000
159.000000	-211.117352	-146.568549	-139.008341	-343.261108	0.000000	0.000000	0.000000	0.000000	0.000000	0.000000	0.000000	0.000000	1660178566.013073	0.000000
159.000000	-224.169603	-160.873667	-154.951535	-363.026479	0.000000	0.000000	0.000000	0.000000	0.000000	0.000000	0.000000	0.000000	1660178566.013073	0.000000
160.000000	-283.551735	-222.353882	-199.374067	-376.497598	0.000000	0.000000	0.000000	0.000000	0.000000	0.000000	0.000000	0.000000	1660178566.020063	0.000000
160.000000	-239.907102	-172.542154	-166.866856	-349.622677	0.000000	0.000000	0.000000	0.000000	0.000000	0.000000	0.000000	0.000000	1660178566.020063	0.000000
161.000000	-208.376006	-147.742878	-144.218022	-360.778799	0.000000	0.000000	0.000000	0.000000	0.000000	0.000000	0.000000	0.000000	1660178566.026206	0.000000
161.000000	-274.273043	-204.297645	-182.821269	-380.144001	0.000000	0.000000	0.000000	0.000000	0.000000	0.000000	0.000000	0.000000	1660178566.026206	0.000000
162.000000	-264.070596	-199.267479	-177.585409	-359.735367	0.000000	0.000000	0.000000	0.000000	0.000000	0.000000	0.000000	0.000000	1660178566.032038	0.000000
162.000000	-207.964617	-140.042424	-142.280754	-353.856244	0.000000	0.000000	0.000000	0.000000	0.000000	0.000000	0.000000	0.000000	1660178566.032038	0.000000
163.000000	-251.564371	-185.598145	-170.786271	-369.930334	0.000000	0.000000	0.000000	0.000000	0.000000	0.000000	0.000000	0.000000	1660178566.050727	0.000000
163.000000	-283.495636	-214.283178	-183.255098	-356.683609	0.000000	0.000000	0.000000	0.000000	0.000000	0.000000	0.000000	0.000000	1660178566.050727	0.000000
164.000000	-225.456129	-152.503770	-141.128865	-338.485255	0.000000	0.000000	0.000000	0.000000	0.000000	0.000000	0.000000	0.000000	1660178566.055492	0.000000
164.000000	-232.359984	-158.999977	-147.266041	-353.665509	0.000000	0.000000	0.000000	0.000000	0.000000	0.000000	0.000000	0.000000	1660178566.055492	0.000000
165.000000	-298.159784	-222.286564	-193.375267	-365.375136	0.000000	0.000000	0.000000	0.000000	0.000000	0.000000	0.000000	0.000000	1660178566.060431	0.000000
165.000000	-257.839923	-174.116652	-163.489727	-346.006194	0.000000	0.000000	0.000000	0.000000	0.000000	0.000000	0.000000	0.000000	1660178566.060431	0.000000
166.000000	-225.299053	-139.911527	-135.870565	-340.751635	0.000000	0.000000	0.000000	0.000000	0.000000	0.000000	0.000000	0.000000	1660178566.064185	0.000000
166.000000	-282.571881	-203.699261	-180.068703	-362.671188	0.000000	0.000000	0.000000	0.000000	0.000000	0.000000	0.000000	0.000000	1660178566.064185	0.000000
167.000000	-276.917152	-194.932935	-177.566710	-342.202716	0.000000	0.000000	0.000000	0.000000	0.000000	0.000000	0.000000	0.000000	1660178566.067286	0.000000
167.000000	-217.434044	-136.455860	-131.476183	-334.947310	0.000000	0.000000	0.000000	0.000000	0.000000	0.000000	0.000000	0.000000	1660178566.067286	0.000000
168.000000	-265.618915	-179.442270	-163.111997	-354.768780	0.000000	0.000000	0.000000	0.000000	0.000000	0.000000	0.000000	0.000000	1660178566.095408	0.000000
168.000000	-298.645971	-217.177860	-185.065209	-355.916929	0.000000	0.000000	0.000000	0.000000	0.000000	0.000000	0.000000	0.000000	1660178566.095408	0.000000
169.000000	-226.708995	-142.600515	-137.340346	-331.117652	0.000000	0.000000	0.000000	0.000000	0.000000	0.000000	0.000000	0.000000	1660178566.100795	0.000000
169.000000	-244.219207	-155.585448	-146.480662	-351.859138	0.000000	0.000000	0.000000	0.000000	0.000000	0.000000	0.000000	0.000000	1660178566.100795	0.000000
170.000000	-300.594459	-219.889288	-191.209865	-363.037699	0.000000	0.000000	0.000000	0.000000	0.000000	0.000000	0.000000	0.000000	1660178566.105368	0.000000
170.000000	-261.145994	-175.605132	-164.334944	-339.891458	0.000000	0.000000	0.000000	0.000000	0.000000	0.000000	0.000000	0.000000	1660178566.105368	0.000000
171.000000	-228.911796	-138.740939	-139.389811	-342.853458	0.000000	0.000000	0.000000	0.000000	0.000000	0.000000	0.000000	0.000000	1660178566.112204	0.000000
171.000000	-298.339299	-207.944047	-184.616421	-359.589511	0.000000	0.000000	0.000000	0.000000	0.000000	0.000000	0.000000	0.000000	1660178566.112204	0.000000
172.000000	-292.901485	-199.753666	-183.277537	-339.005101	0.000000	0.000000	0.000000	0.000000	0.000000	0.000000	0.000000	0.000000	1660178566.140556	0.000000
172.000000	-228.522847	-137.592789	-144.532174	-335.650411	0.000000	0.000000	0.000000	0.000000	0.000000	0.000000	0.000000	0.000000	1660178566.140556	0.000000
173.000000	-272.010404	-183.623478	-171.885802	-349.233728	0.000000	0.000000	0.000000	0.000000	0.000000	0.000000	0.000000	0.000000	1660178566.145091	0.000000
173.000000	-301.821146	-207.786972	-187.791596	-340.295367	0.000000	0.000000	0.000000	0.000000	0.000000	0.000000	0.000000	0.000000	1660178566.145091	0.000000
174.000000	-235.602478	-148.225325	-143.623378	-324.786002	0.000000	0.000000	0.000000	0.000000	0.000000	0.000000	0.000000	0.000000	1660178566.149420	0.000000
174.000000	-238.594397	-157.163686	-144.846325	-332.583693	0.000000	0.000000	0.000000	0.000000	0.000000	0.000000	0.000000	0.000000	1660178566.149420	0.000000
175.000000	-296.790981	-212.985433	-189.747564	-342.614105	0.000000	0.000000	0.000000	0.000000	0.000000	0.000000	0.000000	0.000000	1660178566.154916	0.000000
175.000000	-250.191827	-167.108080	-155.643416	-315.380153	0.000000	0.000000	0.000000	0.000000	0.000000	0.000000	0.000000	0.000000	1660178566.154916	0.000000
176.000000	-215.608972	-135.962193	-135.866825	-324.883239	0.000000	0.000000	0.000000	0.000000	0.000000	0.000000	0.000000	0.000000	1660178566.158169	0.000000
176.000000	-277.968064	-196.488734	-178.916814	-347.277760	0.000000	0.000000	0.000000	0.000000	0.000000	0.000000	0.000000	0.000000	1660178566.158169	0.000000
177.000000	-265.476798	-185.803840	-172.794598	-324.591527	0.000000	0.000000	0.000000	0.000000	0.000000	0.000000	0.000000	0.000000	1660178566.186067	0.000000
177.000000	-202.949411	-126.784478	-132.942224	-319.871773	0.000000	0.000000	0.000000	0.000000	0.000000	0.000000	0.000000	0.000000	1660178566.186067	0.000000
178.000000	-248.961400	-175.290981	-159.667549	-337.370765	0.000000	0.000000	0.000000	0.000000	0.000000	0.000000	0.000000	0.000000	1660178566.191078	0.000000
178.000000	-289.236383	-208.340477	-178.034197	-333.653305	0.000000	0.000000	0.000000	0.000000	0.000000	0.000000	0.000000	0.000000	1660178566.191078	0.000000
179.000000	-228.111458	-143.468172	-136.611066	-317.743770	0.000000	0.000000	0.000000	0.000000	0.000000	0.000000	0.000000	0.000000	1660178566.196425	0.000000
179.000000	-234.921816	-153.274190	-147.120184	-340.198130	0.000000	0.000000	0.000000	0.000000	0.000000	0.000000	0.000000	0.000000	1660178566.196425	0.000000
180.000000	-287.968557	-211.066864	-180.674567	-345.415290	0.000000	0.000000	0.000000	0.000000	0.000000	0.000000	0.000000	0.000000	1660178566.201400	0.000000
180.000000	-247.356983	-168.525502	-150.261700	-326.259522	0.000000	0.000000	0.000000	0.000000	0.000000	0.000000	0.000000	0.000000	1660178566.201400	0.000000
181.000000	-209.789688	-130.700154	-131.184471	-332.441577	0.000000	0.000000	0.000000	0.000000	0.000000	0.000000	0.000000	0.000000	1660178566.232200	0.000000
181.000000	-277.650173	-194.080238	-171.294898	-348.029480	0.000000	0.000000	0.000000	0.000000	0.000000	0.000000	0.000000	0.000000	1660178566.232200	0.000000
182.000000	-264.870935	-188.769580	-170.109349	-329.943324	0.000000	0.000000	0.000000	0.000000	0.000000	0.000000	0.000000	0.000000	1660178566.236405	0.000000
182.000000	-200.346441	-131.938061	-130.051281	-322.931011	0.000000	0.000000	0.000000	0.000000	0.000000	0.000000	0.000000	0.000000	1660178566.236405	0.000000
183.000000	-244.589457	-177.082393	-159.390796	-349.678776	0.000000	0.000000	0.000000	0.000000	0.000000	0.000000	0.000000	0.000000	1660178566.240914	0.000000
183.000000	-268.120908	-208.082424	-180.461393	-334.352666	0.000000	0.000000	0.000000	0.000000	0.000000	0.000000	0.000000	0.000000	1660178566.240914	0.000000
184.000000	-201.834921	-142.899707	-134.109073	-316.143093	0.000000	0.000000	0.000000	0.000000	0.000000	0.000000	0.000000	0.000000	1660178566.245377	0.000000
184.000000	-213.267795	-157.178645	-140.762355	-342.090519	0.000000	0.000000	0.000000	0.000000	0.000000	0.000000	0.000000	0.000000	1660178566.245377	0.000000
185.000000	-276.947072	-214.316837	-192.354274	-349.282347	0.000000	0.000000	0.000000	0.000000	0.000000	0.000000	0.000000	0.000000	1660178566.251070	0.000000
185.000000	-222.815760	-162.077914	-150.097145	-319.819415	0.000000	0.000000	0.000000	0.000000	0.000000	0.000000	0.000000	0.000000	1660178566.251070	0.000000
186.000000	-190.390827	-133.692074	-129.191104	-325.339507	0.000000	0.000000	0.000000	0.000000	0.000000	0.000000	0.000000	0.000000	1660178566.291335	0.000000
186.000000	-256.912427	-196.211981	-175.573343	-344.603732	0.000000	0.000000	0.000000	0.000000	0.000000	0.000000	0.000000	0.000000	1660178566.291335	0.000000
187.000000	-236.421516	-178.129565	-161.013913	-323.136706	0.000000	0.000000	0.000000	0.000000	0.000000	0.000000	0.000000	0.000000	1660178566.297395	0.000000
187.000000	-179.204786	-119.532812	-116.849434	-312.309696	0.000000	0.000000	0.000000	0.000000	0.000000	0.000000	0.000000	0.000000	1660178566.297395	0.000000
188.000000	-231.825179	-167.583047	-152.842231	-338.791927	0.000000	0.000000	0.000000	0.000000	0.000000	0.000000	0.000000	0.000000	1660178566.304486	0.000000
188.000000	-263.535790	-195.119930	-174.152181	-332.153605	0.000000	0.000000	0.000000	0.000000	0.000000	0.000000	0.000000	0.000000	1660178566.304486	0.000000
189.000000	-198.147379	-135.042178	-126.202924	-314.374120	0.000000	0.000000	0.000000	0.000000	0.000000	0.000000	0.000000	0.000000	1660178566.309172	0.000000
189.000000	-207.082000	-149.743724	-139.588026	-340.355205	0.000000	0.000000	0.000000	0.000000	0.000000	0.000000	0.000000	0.000000	1660178566.309172	0.000000
190.000000	-267.926433	-206.137676	-178.617622	-342.176537	0.000000	0.000000	0.000000	0.000000	0.000000	0.000000	0.000000	0.000000	1660178566.337087	0.000000
190.000000	-217.190950	-158.154759	-144.887464	-314.131027	0.000000	0.000000	0.000000	0.000000	0.000000	0.000000	0.000000	0.000000	1660178566.337087	0.000000
191.000000	-181.890034	-123.770119	-121.079261	-322.519622	0.000000	0.000000	0.000000	0.000000	0.000000	0.000000	0.000000	0.000000	1660178566.342163	0.000000
191.000000	-260.416714	-195.407903	-171.945640	-351.141077	0.000000	0.000000	0.000000	0.000000	0.000000	0.000000	0.000000	0.000000	1660178566.342163	0.000000
192.000000	-245.516952	-179.722762	-165.284879	-331.947910	0.000000	0.000000	0.000000	0.000000	0.000000	0.000000	0.000000	0.000000	1660178566.347059	0.000000
192.000000	-180.027564	-121.492520	-118.083601	-315.267956	0.000000	0.000000	0.000000	0.000000	0.000000	0.000000	0.000000	0.000000	1660178566.347059	0.000000
193.000000	-237.397629	-175.253582	-152.299946	-344.304540	0.000000	0.000000	0.000000	0.000000	0.000000	0.000000	0.000000	0.000000	1660178566.352569	0.000000
193.000000	-270.910873	-201.642316	-177.282478	-334.577060	0.000000	0.000000	0.000000	0.000000	0.000000	0.000000	0.000000	0.000000	1660178566.352569	0.000000
194.000000	-200.974744	-132.880515	-127.369773	-317.564255	0.000000	0.000000	0.000000	0.000000	0.000000	0.000000	0.000000	0.000000	1660178566.365753	0.000000
194.000000	-213.724063	-154.209165	-142.909057	-344.446656	0.000000	0.000000	0.000000	0.000000	0.000000	0.000000	0.000000	0.000000	1660178566.365753	0.000000
195.000000	-279.224671	-210.109449	-178.587703	-354.080638	0.000000	0.000000	0.000000	0.000000	0.000000	0.000000	0.000000	0.000000	1660178566.370389	0.000000
195.000000	-227.860885	-165.440084	-147.325879	-324.370873	0.000000	0.000000	0.000000	0.000000	0.000000	0.000000	0.000000	0.000000	1660178566.370389	0.000000
196.000000	-199.463824	-135.816337	-130.518769	-338.294520	0.000000	0.000000	0.000000	0.000000	0.000000	0.000000	0.000000	0.000000	1660178566.376162	0.000000
196.000000	-264.713859	-195.879130	-174.604709	-357.106217	0.000000	0.000000	0.000000	0.000000	0.000000	0.000000	0.000000	0.000000	1660178566.376162	0.000000
197.000000	-262.440000	-189.801793	-167.151089	-339.551127	0.000000	0.000000	0.000000	0.000000	0.000000	0.000000	0.000000	0.000000	1660178566.380038	0.000000
197.000000	-194.328942	-129.907295	-126.752689	-327.998576	0.000000	0.000000	0.000000	0.000000	0.000000	0.000000	0.000000	0.000000	1660178566.380038	0.000000
198.000000	-242.921462	-172.972243	-157.427349	-346.529780	0.000000	0.000000	0.000000	0.000000	0.000000	0.000000	0.000000	0.000000	1660178566.386059	0.000000
198.000000	-272.085202	-202.397776	-180.472612	-342.471989	0.000000	0.000000	0.000000	0.000000	0.000000	0.000000	0.000000	0.000000	1660178566.386059	0.000000
199.000000	-205.657099	-139.417860	-132.942224	-330.751142	0.000000	0.000000	0.000000	0.000000	0.000000	0.000000	0.000000	0.000000	1660178566.411131	0.000000
199.000000	-219.326433	-157.025309	-147.453036	-346.133351	0.000000	0.000000	0.000000	0.000000	0.000000	0.000000	0.000000	0.000000	1660178566.411131	0.000000
200.000000	-284.894359	-211.867202	-189.897160	-354.361131	0.000000	0.000000	0.000000	0.000000	0.000000	0.000000	0.000000	0.000000	1660178566.417071	0.000000
200.000000	-233.294959	-158.850381	-150.444956	-323.084347	0.000000	0.000000	0.000000	0.000000	0.000000	0.000000	0.000000	0.000000	1660178566.417071	0.000000
0.000000	-197.919246	-134.559730	-130.636575	-334.808934	0.000000	0.000000	0.000000	0.000000	0.000000	0.000000	0.000000	0.000000	1660178566.422178	0.000000
101.000000	-268.846448	-195.557499	-175.818307	-352.416383	0.000000	0.000000	0.000000	0.000000	0.000000	0.000000	0.000000	0.000000	1660178566.428130	0.000000
101.000000	-252.360969	-188.743401	-167.388572	-333.096060	0.000000	0.000000	0.000000	0.000000	0.000000	0.000000	0.000000	0.000000	1660178566.428130	0.000000
102.000000	-196.460685	-127.797991	-128.127103	-326.136106	0.000000	0.000000	0.000000	0.000000	0.000000	0.000000	0.000000	0.000000	1660178566.432545	0.000000
102.000000	-245.524432	-177.531181	-164.243316	-349.645117	0.000000	0.000000	0.000000	0.000000	0.000000	0.000000	0.000000	0.000000	1660178566.432545	0.000000
103.000000	-275.484771	-197.962254	-179.158037	-345.751881	0.000000	0.000000	0.000000	0.000000	0.000000	0.000000	0.000000	0.000000	1660178566.456461	0.000000
103.000000	-205.933851	-139.066310	-130.034452	-321.147079	0.000000	0.000000	0.000000	0.000000	0.000000	0.000000	0.000000	0.000000	1660178566.456461	0.000000
104.000000	-222.774621	-158.525009	-141.250411	-344.259661	0.000000	0.000000	0.000000	0.000000	0.000000	0.000000	0.000000	0.000000	1660178566.461851	0.000000
104.000000	-272.541469	-209.088457	-184.494875	-349.450642	0.000000	0.000000	0.000000	0.000000	0.000000	0.000000	0.000000	0.000000	1660178566.461851	0.000000
105.000000	-231.013620	-162.994190	-152.485071	-324.838360	0.000000	0.000000	0.000000	0.000000	0.000000	0.000000	0.000000	0.000000	1660178566.468056	0.000000
105.000000	-199.172112	-141.848795	-133.146048	-337.666217	0.000000	0.000000	0.000000	0.000000	0.000000	0.000000	0.000000	0.000000	1660178566.468056	0.000000
106.000000	-260.633628	-200.613843	-178.772828	-357.035159	0.000000	0.000000	0.000000	0.000000	0.000000	0.000000	0.000000	0.000000	1660178566.472254	0.000000
106.000000	-248.142362	-187.404517	-166.846287	-328.514682	0.000000	0.000000	0.000000	0.000000	0.000000	0.000000	0.000000	0.000000	1660178566.472254	0.000000
107.000000	-193.969911	-134.294198	-132.491566	-327.920038	0.000000	0.000000	0.000000	0.000000	0.000000	0.000000	0.000000	0.000000	1660178566.476646	0.000000
107.000000	-234.974174	-170.862939	-154.291443	-341.997021	0.000000	0.000000	0.000000	0.000000	0.000000	0.000000	0.000000	0.000000	1660178566.476646	0.000000
108.000000	-267.937653	-199.293659	-178.548434	-339.150958	0.000000	0.000000	0.000000	0.000000	0.000000	0.000000	0.000000	0.000000	1660178566.499416	0.000000
108.000000	-196.636460	-141.560823	-135.498445	-316.685378	0.000000	0.000000	0.000000	0.000000	0.000000	0.000000	0.000000	0.000000	1660178566.499416	0.000000
109.000000	-215.156444	-156.296029	-147.784017	-341.914744	0.000000	0.000000	0.000000	0.000000	0.000000	0.000000	0.000000	0.000000	1660178566.506064	0.000000
109.000000	-272.380654	-209.671881	-181.712389	-344.487795	0.000000	0.000000	0.000000	0.000000	0.000000	0.000000	0.000000	0.000000	1660178566.506064	0.000000
110.000000	-220.467102	-165.720577	-153.326548	-322.676698	0.000000	0.000000	0.000000	0.000000	0.000000	0.000000	0.000000	0.000000	1660178566.510188	0.000000
110.000000	-190.921893	-134.989819	-133.333043	-326.143585	0.000000	0.000000	0.000000	0.000000	0.000000	0.000000	0.000000	0.000000	1660178566.510188	0.000000
111.000000	-268.233105	-206.881916	-184.636991	-357.218414	0.000000	0.000000	0.000000	0.000000	0.000000	0.000000	0.000000	0.000000	1660178566.515429	0.000000
111.000000	-250.143209	-194.439269	-169.314621	-331.256029	0.000000	0.000000	0.000000	0.000000	0.000000	0.000000	0.000000	0.000000	1660178566.515429	0.000000
112.000000	-190.716198	-135.932274	-131.130242	-328.944771	0.000000	0.000000	0.000000	0.000000	0.000000	0.000000	0.000000	0.000000	1660178566.529082	0.000000
112.000000	-233.149103	-180.994328	-161.524409	-348.747541	0.000000	0.000000	0.000000	0.000000	0.000000	0.000000	0.000000	0.000000	1660178566.529082	0.000000
113.000000	-260.035244	-204.851150	-177.546141	-332.733289	0.000000	0.000000	0.000000	0.000000	0.000000	0.000000	0.000000	0.000000	1660178566.533668	0.000000
113.000000	-190.289850	-135.378769	-129.757699	-315.832681	0.000000	0.000000	0.000000	0.000000	0.000000	0.000000	0.000000	0.000000	1660178566.533668	0.000000
114.000000	-210.346933	-154.927226	-143.453213	-338.833066	0.000000	0.000000	0.000000	0.000000	0.000000	0.000000	0.000000	0.000000	1660178566.559904	0.000000
114.000000	-266.494051	-210.367503	-184.607072	-341.364978	0.000000	0.000000	0.000000	0.000000	0.000000	0.000000	0.000000	0.000000	1660178566.559904	0.000000
115.000000	-216.981516	-161.030742	-143.580369	-320.051288	0.000000	0.000000	0.000000	0.000000	0.000000	0.000000	0.000000	0.000000	1660178566.563166	0.000000
115.000000	-193.124694	-131.911881	-130.408442	-331.027895	0.000000	0.000000	0.000000	0.000000	0.000000	0.000000	0.000000	0.000000	1660178566.563166	0.000000
116.000000	-255.801677	-197.491027	-173.686564	-346.739215	0.000000	0.000000	0.000000	0.000000	0.000000	0.000000	0.000000	0.000000	1660178566.567404	0.000000
116.000000	-249.017499	-187.658830	-171.715637	-333.428911	0.000000	0.000000	0.000000	0.000000	0.000000	0.000000	0.000000	0.000000	1660178566.567404	0.000000
117.000000	-197.687372	-140.360315	-134.428834	-336.271235	0.000000	0.000000	0.000000	0.000000	0.000000	0.000000	0.000000	0.000000	1660178566.573545	0.000000
117.000000	-237.083478	-178.488595	-157.313282	-356.754667	0.000000	0.000000	0.000000	0.000000	0.000000	0.000000	0.000000	0.000000	1660178566.573545	0.000000
118.000000	-265.390781	-209.496106	-185.235375	-349.031773	0.000000	0.000000	0.000000	0.000000	0.000000	0.000000	0.000000	0.000000	1660178566.606177	0.000000
118.000000	-206.038568	-146.041223	-139.810550	-325.234790	0.000000	0.000000	0.000000	0.000000	0.000000	0.000000	0.000000	0.000000	1660178566.606177	0.000000
119.000000	-210.369373	-159.029896	-149.552989	-341.817506	0.000000	0.000000	0.000000	0.000000	0.000000	0.000000	0.000000	0.000000	1660178566.611973	0.000000
119.000000	-265.843309	-210.116929	-184.666910	-344.813166	0.000000	0.000000	0.000000	0.000000	0.000000	0.000000	0.000000	0.000000	1660178566.611973	0.000000
120.000000	-210.309534	-161.640346	-150.286010	-318.940538	0.000000	0.000000	0.000000	0.000000	0.000000	0.000000	0.000000	0.000000	1660178566.617204	0.000000
120.000000	-185.289603	-132.600023	-125.984140	-328.911111	0.000000	0.000000	0.000000	0.000000	0.000000	0.000000	0.000000	0.000000	1660178566.617204	0.000000
121.000000	-252.263732	-189.038853	-172.385079	-348.912096	0.000000	0.000000	0.000000	0.000000	0.000000	0.000000	0.000000	0.000000	1660178566.623402	0.000000
121.000000	-243.325371	-183.529980	-163.936645	-323.215244	0.000000	0.000000	0.000000	0.000000	0.000000	0.000000	0.000000	0.000000	1660178566.623402	0.000000
122.000000	-182.159307	-129.379969	-122.752866	-320.694551	0.000000	0.000000	0.000000	0.000000	0.000000	0.000000	0.000000	0.000000	1660178566.628562	0.000000
122.000000	-235.460361	-177.579800	-159.336568	-346.608318	0.000000	0.000000	0.000000	0.000000	0.000000	0.000000	0.000000	0.000000	1660178566.628562	0.000000
123.000000	-265.600215	-204.338784	-177.231989	-334.749095	0.000000	0.000000	0.000000	0.000000	0.000000	0.000000	0.000000	0.000000	1660178566.651117	0.000000
123.000000	-195.540669	-137.043024	-133.976306	-317.227664	0.000000	0.000000	0.000000	0.000000	0.000000	0.000000	0.000000	0.000000	1660178566.651117	0.000000
124.000000	-206.741670	-155.592928	-142.435960	-335.665371	0.000000	0.000000	0.000000	0.000000	0.000000	0.000000	0.000000	0.000000	1660178566.658084	0.000000
124.000000	-263.805063	-206.436868	-175.784648	-345.658383	0.000000	0.000000	0.000000	0.000000	0.000000	0.000000	0.000000	0.000000	1660178566.658084	0.000000
125.000000	-209.471797	-157.683532	-144.163794	-317.766210	0.000000	0.000000	0.000000	0.000000	0.000000	0.000000	0.000000	0.000000	1660178566.663267	0.000000
125.000000	-172.532805	-125.512912	-121.417722	-323.495736	0.000000	0.000000	0.000000	0.000000	0.000000	0.000000	0.000000	0.000000	1660178566.663267	0.000000
126.000000	-254.242139	-199.678868	-179.251535	-357.207195	0.000000	0.000000	0.000000	0.000000	0.000000	0.000000	0.000000	0.000000	1660178566.668052	0.000000
126.000000	-243.882616	-187.292320	-172.160685	-343.377044	0.000000	0.000000	0.000000	0.000000	0.000000	0.000000	0.000000	0.000000	1660178566.668052	0.000000
127.000000	-178.385748	-129.881116	-123.773859	-333.873959	0.000000	0.000000	0.000000	0.000000	0.000000	0.000000	0.000000	0.000000	1660178566.696151	0.000000
127.000000	-237.479907	-185.852458	-168.076714	-363.280792	0.000000	0.000000	0.000000	0.000000	0.000000	0.000000	0.000000	0.000000	1660178566.696151	0.000000
128.000000	-260.166140	-208.912681	-178.387618	-344.846825	0.000000	0.000000	0.000000	0.000000	0.000000	0.000000	0.000000	0.000000	1660178566.701054	0.000000
128.000000	-189.852281	-140.296737	-128.321577	-322.007256	0.000000	0.000000	0.000000	0.000000	0.000000	0.000000	0.000000	0.000000	1660178566.701054	0.000000
129.000000	-204.262116	-151.067649	-138.912974	-340.579599	0.000000	0.000000	0.000000	0.000000	0.000000	0.000000	0.000000	0.000000	1660178566.706082	0.000000
129.000000	-266.853082	-216.672974	-182.624925	-351.021400	0.000000	0.000000	0.000000	0.000000	0.000000	0.000000	0.000000	0.000000	1660178566.706082	0.000000
130.000000	-214.838553	-161.745063	-148.696552	-323.615413	0.000000	0.000000	0.000000	0.000000	0.000000	0.000000	0.000000	0.000000	1660178566.712216	0.000000
130.000000	-188.023470	-137.271158	-124.069311	-334.569580	0.000000	0.000000	0.000000	0.000000	0.000000	0.000000	0.000000	0.000000	1660178566.712216	0.000000
131.000000	-252.974313	-200.643763	-177.837853	-355.412043	0.000000	0.000000	0.000000	0.000000	0.000000	0.000000	0.000000	0.000000	1660178566.718405	0.000000
131.000000	-236.017606	-185.859938	-166.184324	-328.492243	0.000000	0.000000	0.000000	0.000000	0.000000	0.000000	0.000000	0.000000	1660178566.718405	0.000000
132.000000	-178.318430	-128.373936	-123.605563	-330.238776	0.000000	0.000000	0.000000	0.000000	0.000000	0.000000	0.000000	0.000000	1660178566.741113	0.000000
132.000000	-223.208449	-177.968749	-158.128580	-350.250981	0.000000	0.000000	0.000000	0.000000	0.000000	0.000000	0.000000	0.000000	1660178566.741113	0.000000
133.000000	-252.387149	-197.737860	-173.540708	-339.128518	0.000000	0.000000	0.000000	0.000000	0.000000	0.000000	0.000000	0.000000	1660178566.746367	0.000000
133.000000	-186.733205	-133.318084	-125.090304	-313.521423	0.000000	0.000000	0.000000	0.000000	0.000000	0.000000	0.000000	0.000000	1660178566.746367	0.000000
134.000000	-205.533682	-154.792589	-145.020231	-346.989788	0.000000	0.000000	0.000000	0.000000	0.000000	0.000000	0.000000	0.000000	1660178566.751295	0.000000
134.000000	-262.716752	-208.340477	-179.733982	-351.601084	0.000000	0.000000	0.000000	0.000000	0.000000	0.000000	0.000000	0.000000	1660178566.751295	0.000000
135.000000	-220.081893	-160.993343	-151.823109	-328.619399	0.000000	0.000000	0.000000	0.000000	0.000000	0.000000	0.000000	0.000000	1660178566.755399	0.000000
135.000000	-186.871581	-137.185140	-131.953020	-333.840300	0.000000	0.000000	0.000000	0.000000	0.000000	0.000000	0.000000	0.000000	1660178566.755399	0.000000
136.000000	-254.141162	-201.948988	-179.666664	-361.115390	0.000000	0.000000	0.000000	0.000000	0.000000	0.000000	0.000000	0.000000	1660178566.788120	0.000000
136.000000	-239.922062	-184.786587	-167.216537	-335.014628	0.000000	0.000000	0.000000	0.000000	0.000000	0.000000	0.000000	0.000000	1660178566.788120	0.000000
137.000000	-177.274998	-129.312651	-128.007426	-326.831727	0.000000	0.000000	0.000000	0.000000	0.000000	0.000000	0.000000	0.000000	1660178566.793552	0.000000
137.000000	-225.209296	-172.549634	-156.565302	-349.304786	0.000000	0.000000	0.000000	0.000000	0.000000	0.000000	0.000000	0.000000	1660178566.793552	0.000000
138.000000	-257.832443	-202.685748	-180.870912	-347.303939	0.000000	0.000000	0.000000	0.000000	0.000000	0.000000	0.000000	0.000000	1660178566.797808	0.000000
138.000000	-192.574929	-134.425094	-130.797391	-320.526256	0.000000	0.000000	0.000000	0.000000	0.000000	0.000000	0.000000	0.000000	1660178566.797808	0.000000
139.000000	-211.278168	-156.561562	-142.480839	-341.174243	0.000000	0.000000	0.000000	0.000000	0.000000	0.000000	0.000000	0.000000	1660178566.803790	0.000000
139.000000	-273.012697	-215.270511	-187.262401	-351.746941	0.000000	0.000000	0.000000	0.000000	0.000000	0.000000	0.000000	0.000000	1660178566.803790	0.000000
140.000000	-219.999615	-164.437791	-150.080315	-329.285101	0.000000	0.000000	0.000000	0.000000	0.000000	0.000000	0.000000	0.000000	1660178566.807928	0.000000
140.000000	-188.150627	-130.797391	-129.327610	-334.939830	0.000000	0.000000	0.000000	0.000000	0.000000	0.000000	0.000000	0.000000	1660178566.807928	0.000000
141.000000	-259.717352	-194.207395	-170.144879	-347.341338	0.000000	0.000000	0.000000	0.000000	0.000000	0.000000	0.000000	0.000000	1660178566.831051	0.000000
141.000000	-248.291958	-190.882624	-169.935444	-336.001962	0.000000	0.000000	0.000000	0.000000	0.000000	0.000000	0.000000	0.000000	1660178566.831051	0.000000
142.000000	-182.551997	-125.741046	-122.218061	-323.682731	0.000000	0.000000	0.000000	0.000000	0.000000	0.000000	0.000000	0.000000	1660178566.846077	0.000000
142.000000	-239.245140	-176.229696	-161.460831	-348.358591	0.000000	0.000000	0.000000	0.000000	0.000000	0.000000	0.000000	0.000000	1660178566.846077	0.000000
143.000000	-268.233105	-208.998699	-183.219569	-348.022000	0.000000	0.000000	0.000000	0.000000	0.000000	0.000000	0.000000	0.000000	1660178566.853044	0.000000
143.000000	-210.877999	-147.705479	-142.447179	-331.368226	0.000000	0.000000	0.000000	0.000000	0.000000	0.000000	0.000000	0.000000	1660178566.853044	0.000000
144.000000	-224.106025	-159.680638	-148.247764	-349.177629	0.000000	0.000000	0.000000	0.000000	0.000000	0.000000	0.000000	0.000000	1660178566.858165	0.000000
144.000000	-284.400692	-214.705787	-190.407656	-354.761300	0.000000	0.000000	0.000000	0.000000	0.000000	0.000000	0.000000	0.000000	1660178566.858165	0.000000
145.000000	-228.530327	-162.702478	-150.805856	-321.307895	0.000000	0.000000	0.000000	0.000000	0.000000	0.000000	0.000000	0.000000	1660178566.862718	0.000000
145.000000	-205.387826	-140.655767	-131.784725	-332.363039	0.000000	0.000000	0.000000	0.000000	0.000000	0.000000	0.000000	0.000000	1660178566.862718	0.000000
146.000000	-271.389580	-198.912189	-177.355406	-349.065432	0.000000	0.000000	0.000000	0.000000	0.000000	0.000000	0.000000	0.000000	1660178566.892206	0.000000
146.000000	-254.253359	-183.754374	-166.401239	-326.779368	0.000000	0.000000	0.000000	0.000000	0.000000	0.000000	0.000000	0.000000	1660178566.892206	0.000000
147.000000	-199.145933	-128.448734	-127.738153	-323.316221	0.000000	0.000000	0.000000	0.000000	0.000000	0.000000	0.000000	0.000000	1660178566.897046	0.000000
147.000000	-242.023886	-174.269988	-160.215444	-343.163870	0.000000	0.000000	0.000000	0.000000	0.000000	0.000000	0.000000	0.000000	1660178566.897046	0.000000
148.000000	-276.221531	-202.147202	-177.314267	-336.562947	0.000000	0.000000	0.000000	0.000000	0.000000	0.000000	0.000000	0.000000	1660178566.902048	0.000000
148.000000	-215.541654	-145.528857	-137.158961	-317.803609	0.000000	0.000000	0.000000	0.000000	0.000000	0.000000	0.000000	0.000000	1660178566.902048	0.000000
149.000000	-235.849311	-163.514036	-149.912020	-343.825832	0.000000	0.000000	0.000000	0.000000	0.000000	0.000000	0.000000	0.000000	1660178566.906921	0.000000
149.000000	-298.350519	-217.847302	-189.854151	-350.097645	0.000000	0.000000	0.000000	0.000000	0.000000	0.000000	0.000000	0.000000	1660178566.906921	0.000000
150.000000	-238.882370	-161.213997	-151.213505	-320.111127	0.000000	0.000000	0.000000	0.000000	0.000000	0.000000	0.000000	0.000000	1660178566.920302	0.000000
150.000000	-207.519569	-138.856876	-136.691473	-325.283408	0.000000	0.000000	0.000000	0.000000	0.000000	0.000000	0.000000	0.000000	1660178566.920302	0.000000
151.000000	-277.268703	-199.544232	-179.318853	-347.782647	0.000000	0.000000	0.000000	0.000000	0.000000	0.000000	0.000000	0.000000	1660178566.925389	0.000000
151.000000	-260.091342	-185.422370	-164.060061	-328.884932	0.000000	0.000000	0.000000	0.000000	0.000000	0.000000	0.000000	0.000000	1660178566.925389	0.000000
152.000000	-197.227364	-130.572997	-124.577937	-314.875267	0.000000	0.000000	0.000000	0.000000	0.000000	0.000000	0.000000	0.000000	1660178566.931089	0.000000
152.000000	-247.072751	-178.529734	-160.514636	-345.624724	0.000000	0.000000	0.000000	0.000000	0.000000	0.000000	0.000000	0.000000	1660178566.931089	0.000000
153.000000	-282.437245	-203.725440	-182.752081	-341.211642	0.000000	0.000000	0.000000	0.000000	0.000000	0.000000	0.000000	0.000000	1660178566.935666	0.000000
153.000000	-215.193843	-145.891627	-138.793297	-320.814228	0.000000	0.000000	0.000000	0.000000	0.000000	0.000000	0.000000	0.000000	1660178566.935666	0.000000
154.000000	-230.871504	-164.101200	-147.327749	-341.634251	0.000000	0.000000	0.000000	0.000000	0.000000	0.000000	0.000000	0.000000	1660178566.967101	0.000000
154.000000	-287.987256	-218.501785	-189.663416	-347.767687	0.000000	0.000000	0.000000	0.000000	0.000000	0.000000	0.000000	0.000000	1660178566.967101	0.000000
155.000000	-233.440815	-165.428865	-159.198191	-328.929811	0.000000	0.000000	0.000000	0.000000	0.000000	0.000000	0.000000	0.000000	1660178566.973326	0.000000
155.000000	-215.014328	-141.721639	-141.433667	-335.231542	0.000000	0.000000	0.000000	0.000000	0.000000	0.000000	0.000000	0.000000	1660178566.973326	0.000000
156.000000	-274.482477	-202.379076	-180.418384	-351.526286	0.000000	0.000000	0.000000	0.000000	0.000000	0.000000	0.000000	0.000000	1660178566.980058	0.000000
156.000000	-258.389688	-189.035113	-166.285302	-328.608180	0.000000	0.000000	0.000000	0.000000	0.000000	0.000000	0.000000	0.000000	1660178566.980058	0.000000
157.000000	-201.154259	-129.847457	-126.926595	-323.959484	0.000000	0.000000	0.000000	0.000000	0.000000	0.000000	0.000000	0.000000	1660178566.983541	0.000000
157.000000	-256.602016	-188.765840	-164.097460	-352.977368	0.000000	0.000000	0.000000	0.000000	0.000000	0.000000	0.000000	0.000000	1660178566.983541	0.000000
158.000000	-283.828487	-209.679361	-183.926410	-339.700723	0.000000	0.000000	0.000000	0.000000	0.000000	0.000000	0.000000	0.000000	1660178566.988161	0.000000
158.000000	-212.411358	-142.297583	-129.421108	-318.667525	0.000000	0.000000	0.000000	0.000000	0.000000	0.000000	0.000000	0.000000	1660178566.988161	0.000000
159.000000	-228.343332	-155.331135	-142.020831	-336.720023	0.000000	0.000000	0.000000	0.000000	0.000000	0.000000	0.000000	0.000000	1660178567.010470	0.000000
159.000000	-285.604940	-210.532058	-177.325486	-340.082193	0.000000	0.000000	0.000000	0.000000	0.000000	0.000000	0.000000	0.000000	1660178567.010470	0.000000
160.000000	-239.200261	-162.837114	-150.502924	-319.254690	0.000000	0.000000	0.000000	0.000000	0.000000	0.000000	0.000000	0.000000	1660178567.015187	0.000000
160.000000	-212.785348	-142.200346	-130.591697	-329.588033	0.000000	0.000000	0.000000	0.000000	0.000000	0.000000	0.000000	0.000000	1660178567.015187	0.000000
161.000000	-272.720985	-199.222601	-174.494382	-342.277514	0.000000	0.000000	0.000000	0.000000	0.000000	0.000000	0.000000	0.000000	1660178567.019178	0.000000
161.000000	-265.312243	-188.818199	-170.698384	-334.707956	0.000000	0.000000	0.000000	0.000000	0.000000	0.000000	0.000000	0.000000	1660178567.019178	0.000000
162.000000	-208.951950	-134.541031	-132.341970	-322.037175	0.000000	0.000000	0.000000	0.000000	0.000000	0.000000	0.000000	0.000000	1660178567.023513	0.000000
162.000000	-253.546517	-181.143924	-158.446471	-339.667064	0.000000	0.000000	0.000000	0.000000	0.000000	0.000000	0.000000	0.000000	1660178567.023513	0.000000
163.000000	-285.791935	-219.410581	-187.527934	-340.314066	0.000000	0.000000	0.000000	0.000000	0.000000	0.000000	0.000000	0.000000	1660178567.055109	0.000000
163.000000	-212.643232	-142.593036	-135.603163	-321.068541	0.000000	0.000000	0.000000	0.000000	0.000000	0.000000	0.000000	0.000000	1660178567.055109	0.000000
164.000000	-232.206648	-160.638053	-153.016137	-347.442316	0.000000	0.000000	0.000000	0.000000	0.000000	0.000000	0.000000	0.000000	1660178567.060464	0.000000
164.000000	-285.055175	-213.359423	-186.634097	-349.446902	0.000000	0.000000	0.000000	0.000000	0.000000	0.000000	0.000000	0.000000	1660178567.060464	0.000000
165.000000	-228.429349	-160.024709	-150.764717	-319.927872	0.000000	0.000000	0.000000	0.000000	0.000000	0.000000	0.000000	0.000000	1660178567.065191	0.000000
165.000000	-202.538022	-137.585310	-127.951327	-329.176644	0.000000	0.000000	0.000000	0.000000	0.000000	0.000000	0.000000	0.000000	1660178567.065191	0.000000
166.000000	-264.276290	-195.927749	-168.293628	-349.828372	0.000000	0.000000	0.000000	0.000000	0.000000	0.000000	0.000000	0.000000	1660178567.069482	0.000000
166.000000	-245.617930	-184.708049	-164.639746	-328.911111	0.000000	0.000000	0.000000	0.000000	0.000000	0.000000	0.000000	0.000000	1660178567.069482	0.000000
167.000000	-190.809696	-122.016106	-123.762639	-323.450858	0.000000	0.000000	0.000000	0.000000	0.000000	0.000000	0.000000	0.000000	1660178567.073414	0.000000
167.000000	-240.415729	-174.314867	-158.779323	-351.862877	0.000000	0.000000	0.000000	0.000000	0.000000	0.000000	0.000000	0.000000	1660178567.073414	0.000000
168.000000	-263.270257	-196.754267	-174.442024	-338.245902	0.000000	0.000000	0.000000	0.000000	0.000000	0.000000	0.000000	0.000000	1660178567.083874	0.000000
168.000000	-195.955798	-134.204440	-129.084517	-320.066248	0.000000	0.000000	0.000000	0.000000	0.000000	0.000000	0.000000	0.000000	1660178567.083874	0.000000
169.000000	-209.019269	-147.540923	-138.729719	-342.101739	0.000000	0.000000	0.000000	0.000000	0.000000	0.000000	0.000000	0.000000	1660178567.117062	0.000000
169.000000	-272.982778	-204.133089	-179.064540	-347.173043	0.000000	0.000000	0.000000	0.000000	0.000000	0.000000	0.000000	0.000000	1660178567.117062	0.000000
170.000000	-217.078753	-154.156806	-144.275991	-318.847041	0.000000	0.000000	0.000000	0.000000	0.000000	0.000000	0.000000	0.000000	1660178567.120731	0.000000
170.000000	-192.986318	-137.162701	-132.327010	-334.158191	0.000000	0.000000	0.000000	0.000000	0.000000	0.000000	0.000000	0.000000	1660178567.120731	0.000000
171.000000	-254.649788	-191.136937	-174.969349	-354.080638	0.000000	0.000000	0.000000	0.000000	0.000000	0.000000	0.000000	0.000000	1660178567.125291	0.000000
171.000000	-240.707441	-182.213536	-160.780169	-334.835113	0.000000	0.000000	0.000000	0.000000	0.000000	0.000000	0.000000	0.000000	1660178567.125291	0.000000
172.000000	-184.455606	-132.117576	-119.188742	-325.152512	0.000000	0.000000	0.000000	0.000000	0.000000	0.000000	0.000000	0.000000	1660178567.131065	0.000000
172.000000	-238.755213	-169.516575	-155.589188	-343.036714	0.000000	0.000000	0.000000	0.000000	0.000000	0.000000	0.000000	0.000000	1660178567.131065	0.000000
173.000000	-266.523970	-202.438915	-177.160931	-334.390065	0.000000	0.000000	0.000000	0.000000	0.000000	0.000000	0.000000	0.000000	1660178567.136440	0.000000
173.000000	-201.086941	-134.597129	-129.667941	-322.093274	0.000000	0.000000	0.000000	0.000000	0.000000	0.000000	0.000000	0.000000	1660178567.136440	0.000000
174.000000	-219.214236	-155.510650	-147.316529	-346.971088	0.000000	0.000000	0.000000	0.000000	0.000000	0.000000	0.000000	0.000000	1660178567.160860	0.000000
174.000000	-280.084848	-211.586710	-188.904217	-355.172689	0.000000	0.000000	0.000000	0.000000	0.000000	0.000000	0.000000	0.000000	1660178567.160860	0.000000
175.000000	-223.447803	-158.165979	-148.434759	-330.848380	0.000000	0.000000	0.000000	0.000000	0.000000	0.000000	0.000000	0.000000	1660178567.166195	0.000000
175.000000	-195.574328	-136.085610	-132.327010	-336.783601	0.000000	0.000000	0.000000	0.000000	0.000000	0.000000	0.000000	0.000000	1660178567.166195	0.000000
176.000000	-262.630734	-201.904109	-173.563147	-354.245194	0.000000	0.000000	0.000000	0.000000	0.000000	0.000000	0.000000	0.000000	1660178567.169424	0.000000
176.000000	-241.223547	-187.337199	-156.995390	-341.783847	0.000000	0.000000	0.000000	0.000000	0.000000	0.000000	0.000000	0.000000	1660178567.169424	0.000000
177.000000	-195.005863	-132.622462	-124.361023	-335.291381	0.000000	0.000000	0.000000	0.000000	0.000000	0.000000	0.000000	0.000000	1660178567.173533	0.000000
177.000000	-240.232474	-180.336106	-162.137753	-355.131550	0.000000	0.000000	0.000000	0.000000	0.000000	0.000000	0.000000	0.000000	1660178567.173533	0.000000
178.000000	-272.006664	-204.682855	-181.764748	-340.714236	0.000000	0.000000	0.000000	0.000000	0.000000	0.000000	0.000000	0.000000	1660178567.205337	0.000000
178.000000	-202.231350	-140.379015	-138.550204	-321.580908	0.000000	0.000000	0.000000	0.000000	0.000000	0.000000	0.000000	0.000000	1660178567.205337	0.000000
179.000000	-216.499069	-155.536829	-142.813690	-342.296213	0.000000	0.000000	0.000000	0.000000	0.000000	0.000000	0.000000	0.000000	1660178567.209438	0.000000
179.000000	-273.454005	-207.024032	-185.216675	-346.226848	0.000000	0.000000	0.000000	0.000000	0.000000	0.000000	0.000000	0.000000	1660178567.209438	0.000000
180.000000	-223.350565	-165.245610	-154.455998	-323.697691	0.000000	0.000000	0.000000	0.000000	0.000000	0.000000	0.000000	0.000000	1660178567.215056	0.000000
180.000000	-192.627287	-134.926241	-130.673974	-334.446163	0.000000	0.000000	0.000000	0.000000	0.000000	0.000000	0.000000	0.000000	1660178567.215056	0.000000
181.000000	-252.286171	-192.490781	-166.128226	-346.017414	0.000000	0.000000	0.000000	0.000000	0.000000	0.000000	0.000000	0.000000	1660178567.218292	0.000000
181.000000	-239.200261	-182.774521	-163.196144	-328.062154	0.000000	0.000000	0.000000	0.000000	0.000000	0.000000	0.000000	0.000000	1660178567.218292	0.000000
182.000000	-182.600615	-125.849503	-126.855537	-328.409965	0.000000	0.000000	0.000000	0.000000	0.000000	0.000000	0.000000	0.000000	1660178567.222521	0.000000
182.000000	-224.016267	-172.515975	-157.073928	-352.233128	0.000000	0.000000	0.000000	0.000000	0.000000	0.000000	0.000000	0.000000	1660178567.222521	0.000000
183.000000	-257.518291	-199.058045	-179.195436	-343.915590	0.000000	0.000000	0.000000	0.000000	0.000000	0.000000	0.000000	0.000000	1660178567.250356	0.000000
183.000000	-193.461285	-141.205533	-128.934921	-322.987110	0.000000	0.000000	0.000000	0.000000	0.000000	0.000000	0.000000	0.000000	1660178567.250356	0.000000
184.000000	-204.550088	-152.601008	-141.164394	-340.729195	0.000000	0.000000	0.000000	0.000000	0.000000	0.000000	0.000000	0.000000	1660178567.254909	0.000000
184.000000	-268.663193	-209.993513	-183.425263	-351.896537	0.000000	0.000000	0.000000	0.000000	0.000000	0.000000	0.000000	0.000000	1660178567.254909	0.000000
185.000000	-225.474828	-165.036175	-153.995991	-335.859846	0.000000	0.000000	0.000000	0.000000	0.000000	0.000000	0.000000	0.000000	1660178567.260217	0.000000
185.000000	-190.297329	-137.488072	-128.680608	-344.338199	0.000000	0.000000	0.000000	0.000000	0.000000	0.000000	0.000000	0.000000	1660178567.260217	0.000000
186.000000	-262.080969	-197.969734	-180.470742	-358.755513	0.000000	0.000000	0.000000	0.000000	0.000000	0.000000	0.000000	0.000000	1660178567.266432	0.000000
186.000000	-245.300038	-183.926410	-167.194097	-336.432050	0.000000	0.000000	0.000000	0.000000	0.000000	0.000000	0.000000	0.000000	1660178567.266432	0.000000
187.000000	-184.780977	-126.732120	-130.778692	-331.270988	0.000000	0.000000	0.000000	0.000000	0.000000	0.000000	0.000000	0.000000	1660178567.297083	0.000000
187.000000	-234.704902	-176.087580	-158.334274	-349.072912	0.000000	0.000000	0.000000	0.000000	0.000000	0.000000	0.000000	0.000000	1660178567.297083	0.000000
188.000000	-256.616975	-200.677422	-177.527441	-348.549326	0.000000	0.000000	0.000000	0.000000	0.000000	0.000000	0.000000	0.000000	1660178567.301074	0.000000
188.000000	-196.412066	-145.435360	-138.105156	-333.664524	0.000000	0.000000	0.000000	0.000000	0.000000	0.000000	0.000000	0.000000	1660178567.301074	0.000000
189.000000	-205.758076	-157.567595	-147.735398	-352.775413	0.000000	0.000000	0.000000	0.000000	0.000000	0.000000	0.000000	0.000000	1660178567.305419	0.000000
189.000000	-266.030304	-215.378968	-189.783093	-358.344124	0.000000	0.000000	0.000000	0.000000	0.000000	0.000000	0.000000	0.000000	1660178567.305419	0.000000
190.000000	-214.045694	-161.389773	-153.468665	-334.322747	0.000000	0.000000	0.000000	0.000000	0.000000	0.000000	0.000000	0.000000	1660178567.310314	0.000000
190.000000	-188.087049	-138.942893	-131.803424	-344.820646	0.000000	0.000000	0.000000	0.000000	0.000000	0.000000	0.000000	0.000000	1660178567.310314	0.000000
191.000000	-252.230073	-198.508280	-177.561100	-352.479961	0.000000	0.000000	0.000000	0.000000	0.000000	0.000000	0.000000	0.000000	1660178567.316434	0.000000
191.000000	-240.767279	-184.951142	-165.963670	-336.514328	0.000000	0.000000	0.000000	0.000000	0.000000	0.000000	0.000000	0.000000	1660178567.316434	0.000000
192.000000	-182.391181	-132.360669	-126.171135	-332.295721	0.000000	0.000000	0.000000	0.000000	0.000000	0.000000	0.000000	0.000000	1660178567.341115	0.000000
192.000000	-234.761000	-178.911204	-159.519823	-356.208641	0.000000	0.000000	0.000000	0.000000	0.000000	0.000000	0.000000	0.000000	1660178567.341115	0.000000
193.000000	-257.899761	-202.883963	-179.281454	-345.654644	0.000000	0.000000	0.000000	0.000000	0.000000	0.000000	0.000000	0.000000	1660178567.346332	0.000000
193.000000	-199.127233	-145.663493	-138.524024	-331.042854	0.000000	0.000000	0.000000	0.000000	0.000000	0.000000	0.000000	0.000000	1660178567.346332	0.000000
194.000000	-207.953397	-151.886687	-150.787156	-355.071712	0.000000	0.000000	0.000000	0.000000	0.000000	0.000000	0.000000	0.000000	1660178567.351833	0.000000
194.000000	-265.398260	-215.162054	-186.914590	-362.697368	0.000000	0.000000	0.000000	0.000000	0.000000	0.000000	0.000000	0.000000	1660178567.351833	0.000000
195.000000	-214.659038	-164.269496	-148.707772	-333.342893	0.000000	0.000000	0.000000	0.000000	0.000000	0.000000	0.000000	0.000000	1660178567.359167	0.000000
195.000000	-193.479984	-137.738645	-133.104909	-338.144924	0.000000	0.000000	0.000000	0.000000	0.000000	0.000000	0.000000	0.000000	1660178567.359167	0.000000
196.000000	-252.577883	-201.904109	-184.139584	-362.906802	0.000000	0.000000	0.000000	0.000000	0.000000	0.000000	0.000000	0.000000	1660178567.388462	0.000000
196.000000	-233.653990	-182.374351	-166.180585	-337.681177	0.000000	0.000000	0.000000	0.000000	0.000000	0.000000	0.000000	0.000000	1660178567.388462	0.000000
197.000000	-178.748518	-129.032158	-128.119623	-332.564994	0.000000	0.000000	0.000000	0.000000	0.000000	0.000000	0.000000	0.000000	1660178567.393057	0.000000
197.000000	-227.337299	-177.946310	-162.246210	-361.713774	0.000000	0.000000	0.000000	0.000000	0.000000	0.000000	0.000000	0.000000	1660178567.393057	0.000000
198.000000	-254.892881	-204.997006	-179.633005	-346.933689	0.000000	0.000000	0.000000	0.000000	0.000000	0.000000	0.000000	0.000000	1660178567.397172	0.000000
198.000000	-194.213005	-145.203486	-135.775198	-333.612166	0.000000	0.000000	0.000000	0.000000	0.000000	0.000000	0.000000	0.000000	1660178567.397172	0.000000
199.000000	-210.466610	-154.583155	-147.279130	-356.519053	0.000000	0.000000	0.000000	0.000000	0.000000	0.000000	0.000000	0.000000	1660178567.402069	0.000000
199.000000	-266.385594	-213.411781	-182.740862	-354.544386	0.000000	0.000000	0.000000	0.000000	0.000000	0.000000	0.000000	0.000000	1660178567.402069	0.000000
200.000000	-216.233536	-162.321008	-150.600161	-339.678283	0.000000	0.000000	0.000000	0.000000	0.000000	0.000000	0.000000	0.000000	1660178567.407166	0.000000
200.000000	-190.080415	-139.227126	-131.780985	-346.267987	0.000000	0.000000	0.000000	0.000000	0.000000	0.000000	0.000000	0.000000	1660178567.407166	0.000000
0.000000	-254.638568	-195.972628	-172.721670	-368.065994	0.000000	0.000000	0.000000	0.000000	0.000000	0.000000	0.000000	0.000000	1660178567.446408	0.000000
101.000000	-240.153936	-178.739169	-165.855213	-343.633228	0.000000	0.000000	0.000000	0.000000	0.000000	0.000000	0.000000	0.000000	1660178567.451053	0.000000
101.000000	-187.959892	-124.671435	-123.437268	-337.092143	0.000000	0.000000	0.000000	0.000000	0.000000	0.000000	0.000000	0.000000	1660178567.451053	0.000000
102.000000	-234.282293	-175.399438	-163.989003	-360.593674	0.000000	0.000000	0.000000	0.000000	0.000000	0.000000	0.000000	0.000000	1660178567.456044	0.000000
102.000000	-258.681400	-202.689488	-180.496922	-350.451065	0.000000	0.000000	0.000000	0.000000	0.000000	0.000000	0.000000	0.000000	1660178567.456044	0.000000
103.000000	-185.371881	-137.072943	-131.945540	-327.978006	0.000000	0.000000	0.000000	0.000000	0.000000	0.000000	0.000000	0.000000	1660178567.462047	0.000000
103.000000	-199.265610	-155.364794	-142.050750	-348.483878	0.000000	0.000000	0.000000	0.000000	0.000000	0.000000	0.000000	0.000000	1660178567.462047	0.000000
104.000000	-255.483786	-207.353143	-179.614305	-357.541916	0.000000	0.000000	0.000000	0.000000	0.000000	0.000000	0.000000	0.000000	1660178567.476211	0.000000
104.000000	-214.090573	-162.968011	-144.608842	-334.178761	0.000000	0.000000	0.000000	0.000000	0.000000	0.000000	0.000000	0.000000	1660178567.476211	0.000000
105.000000	-187.817776	-139.040131	-134.196960	-346.516690	0.000000	0.000000	0.000000	0.000000	0.000000	0.000000	0.000000	0.000000	1660178567.480702	0.000000
105.000000	-253.131389	-199.233820	-175.130165	-367.725663	0.000000	0.000000	0.000000	0.000000	0.000000	0.000000	0.000000	0.000000	1660178567.480702	0.000000
106.000000	-239.948241	-186.738815	-167.078161	-347.361908	0.000000	0.000000	0.000000	0.000000	0.000000	0.000000	0.000000	0.000000	1660178567.485051	0.000000
106.000000	-189.444632	-131.040485	-128.213120	-340.615128	0.000000	0.000000	0.000000	0.000000	0.000000	0.000000	0.000000	0.000000	1660178567.485051	0.000000
107.000000	-239.660269	-186.510681	-166.520915	-362.725417	0.000000	0.000000	0.000000	0.000000	0.000000	0.000000	0.000000	0.000000	1660178567.489055	0.000000
107.000000	-254.096283	-201.391743	-178.750388	-347.795736	0.000000	0.000000	0.000000	0.000000	0.000000	0.000000	0.000000	0.000000	1660178567.489055	0.000000
108.000000	-184.866995	-132.046518	-126.848057	-327.009372	0.000000	0.000000	0.000000	0.000000	0.000000	0.000000	0.000000	0.000000	1660178567.494397	0.000000
108.000000	-200.110827	-152.866541	-142.851089	-348.925186	0.000000	0.000000	0.000000	0.000000	0.000000	0.000000	0.000000	0.000000	1660178567.494397	0.000000
109.000000	-263.924740	-210.087010	-178.772828	-349.890080	0.000000	0.000000	0.000000	0.000000	0.000000	0.000000	0.000000	0.000000	1660178567.521220	0.000000
109.000000	-202.470704	-152.013844	-143.554190	-324.713074	0.000000	0.000000	0.000000	0.000000	0.000000	0.000000	0.000000	0.000000	1660178567.521220	0.000000
110.000000	-184.365848	-138.082716	-133.396622	-341.662300	0.000000	0.000000	0.000000	0.000000	0.000000	0.000000	0.000000	0.000000	1660178567.525389	0.000000
110.000000	-247.884309	-196.492474	-178.417537	-356.700438	0.000000	0.000000	0.000000	0.000000	0.000000	0.000000	0.000000	0.000000	1660178567.525389	0.000000
111.000000	-234.327172	-183.215829	-165.167072	-337.481092	0.000000	0.000000	0.000000	0.000000	0.000000	0.000000	0.000000	0.000000	1660178567.529554	0.000000
111.000000	-175.509765	-124.383463	-124.241346	-330.865209	0.000000	0.000000	0.000000	0.000000	0.000000	0.000000	0.000000	0.000000	1660178567.529554	0.000000
112.000000	-222.711042	-173.043301	-154.250304	-343.827702	0.000000	0.000000	0.000000	0.000000	0.000000	0.000000	0.000000	0.000000	1660178567.533318	0.000000
112.000000	-244.911088	-192.599238	-166.625633	-336.669534	0.000000	0.000000	0.000000	0.000000	0.000000	0.000000	0.000000	0.000000	1660178567.533318	0.000000
113.000000	-179.870488	-130.745033	-129.952174	-315.557799	0.000000	0.000000	0.000000	0.000000	0.000000	0.000000	0.000000	0.000000	1660178567.538388	0.000000
113.000000	-207.897299	-155.372274	-144.002978	-341.108795	0.000000	0.000000	0.000000	0.000000	0.000000	0.000000	0.000000	0.000000	1660178567.538388	0.000000
114.000000	-261.680800	-207.502739	-184.221862	-350.383747	0.000000	0.000000	0.000000	0.000000	0.000000	0.000000	0.000000	0.000000	1660178567.565206	0.000000
114.000000	-201.460931	-151.968965	-144.014198	-325.595690	0.000000	0.000000	0.000000	0.000000	0.000000	0.000000	0.000000	0.000000	1660178567.565206	0.000000
115.000000	-181.833936	-128.243039	-127.629696	-338.707779	0.000000	0.000000	0.000000	0.000000	0.000000	0.000000	0.000000	0.000000	1660178567.569542	0.000000
115.000000	-238.089511	-184.412597	-171.827834	-356.247910	0.000000	0.000000	0.000000	0.000000	0.000000	0.000000	0.000000	0.000000	1660178567.569542	0.000000
116.000000	-217.377945	-174.531781	-164.037622	-335.480246	0.000000	0.000000	0.000000	0.000000	0.000000	0.000000	0.000000	0.000000	1660178567.575074	0.000000
116.000000	-163.399969	-119.121423	-122.730427	-328.965340	0.000000	0.000000	0.000000	0.000000	0.000000	0.000000	0.000000	0.000000	1660178567.575074	0.000000
117.000000	-220.358645	-168.241269	-151.430419	-349.377714	0.000000	0.000000	0.000000	0.000000	0.000000	0.000000	0.000000	0.000000	1660178567.581053	0.000000
117.000000	-246.904455	-190.710588	-171.775475	-344.740238	0.000000	0.000000	0.000000	0.000000	0.000000	0.000000	0.000000	0.000000	1660178567.581053	0.000000
118.000000	-180.618468	-132.068957	-128.344017	-330.999846	0.000000	0.000000	0.000000	0.000000	0.000000	0.000000	0.000000	0.000000	1660178567.612082	0.000000
118.000000	-196.471904	-149.508111	-137.271158	-348.865348	0.000000	0.000000	0.000000	0.000000	0.000000	0.000000	0.000000	0.000000	1660178567.612082	0.000000
119.000000	-252.693820	-202.782985	-180.493182	-353.764617	0.000000	0.000000	0.000000	0.000000	0.000000	0.000000	0.000000	0.000000	1660178567.616199	0.000000
119.000000	-197.047849	-143.494351	-139.365502	-326.119276	0.000000	0.000000	0.000000	0.000000	0.000000	0.000000	0.000000	0.000000	1660178567.616199	0.000000
120.000000	-175.262932	-130.935767	-122.341477	-339.422100	0.000000	0.000000	0.000000	0.000000	0.000000	0.000000	0.000000	0.000000	1660178567.619957	0.000000
120.000000	-246.713720	-190.718068	-166.760269	-354.654713	0.000000	0.000000	0.000000	0.000000	0.000000	0.000000	0.000000	0.000000	1660178567.619957	0.000000
121.000000	-226.477122	-165.552281	-153.188172	-326.018299	0.000000	0.000000	0.000000	0.000000	0.000000	0.000000	0.000000	0.000000	1660178567.625540	0.000000
121.000000	-167.738253	-111.899677	-116.226741	-320.965694	0.000000	0.000000	0.000000	0.000000	0.000000	0.000000	0.000000	0.000000	1660178567.625540	0.000000
122.000000	-218.731789	-165.028695	-146.385294	-344.785117	0.000000	0.000000	0.000000	0.000000	0.000000	0.000000	0.000000	0.000000	1660178567.629548	0.000000
122.000000	-258.756198	-196.342878	-173.174197	-335.207233	0.000000	0.000000	0.000000	0.000000	0.000000	0.000000	0.000000	0.000000	1660178567.629548	0.000000
123.000000	-188.879907	-125.516652	-123.078238	-309.551519	0.000000	0.000000	0.000000	0.000000	0.000000	0.000000	0.000000	0.000000	1660178567.670889	0.000000
123.000000	-207.556968	-150.054136	-144.092735	-335.166094	0.000000	0.000000	0.000000	0.000000	0.000000	0.000000	0.000000	0.000000	1660178567.670889	0.000000
124.000000	-267.844155	-203.295352	-183.836652	-348.921446	0.000000	0.000000	0.000000	0.000000	0.000000	0.000000	0.000000	0.000000	1660178567.676207	0.000000
124.000000	-209.019269	-154.844948	-144.470465	-324.522339	0.000000	0.000000	0.000000	0.000000	0.000000	0.000000	0.000000	0.000000	1660178567.676207	0.000000
125.000000	-188.842508	-136.766271	-130.872189	-333.464440	0.000000	0.000000	0.000000	0.000000	0.000000	0.000000	0.000000	0.000000	1660178567.681174	0.000000
125.000000	-254.204740	-197.524686	-176.506448	-356.184332	0.000000	0.000000	0.000000	0.000000	0.000000	0.000000	0.000000	0.000000	1660178567.681174	0.000000
126.000000	-244.443601	-186.361085	-167.093120	-337.555890	0.000000	0.000000	0.000000	0.000000	0.000000	0.000000	0.000000	0.000000	1660178567.686556	0.000000
126.000000	-189.949519	-133.572397	-125.191281	-332.241492	0.000000	0.000000	0.000000	0.000000	0.000000	0.000000	0.000000	0.000000	1660178567.686556	0.000000
127.000000	-242.379176	-185.815059	-164.523809	-357.366140	0.000000	0.000000	0.000000	0.000000	0.000000	0.000000	0.000000	0.000000	1660178567.716200	0.000000
127.000000	-270.323709	-210.244086	-184.427556	-344.119415	0.000000	0.000000	0.000000	0.000000	0.000000	0.000000	0.000000	0.000000	1660178567.716200	0.000000
128.000000	-209.314721	-141.766518	-136.691473	-326.897175	0.000000	0.000000	0.000000	0.000000	0.000000	0.000000	0.000000	0.000000	1660178567.720423	0.000000
128.000000	-240.023039	-169.471697	-158.038822	-357.960784	0.000000	0.000000	0.000000	0.000000	0.000000	0.000000	0.000000	0.000000	1660178567.720423	0.000000
129.000000	-295.564293	-218.314790	-195.568718	-359.606340	0.000000	0.000000	0.000000	0.000000	0.000000	0.000000	0.000000	0.000000	1660178567.726172	0.000000
129.000000	-239.304978	-159.875113	-153.423786	-335.734559	0.000000	0.000000	0.000000	0.000000	0.000000	0.000000	0.000000	0.000000	1660178567.726172	0.000000
130.000000	-214.883432	-144.765917	-142.862308	-345.013251	0.000000	0.000000	0.000000	0.000000	0.000000	0.000000	0.000000	0.000000	1660178567.731041	0.000000
130.000000	-277.422039	-207.700954	-186.630358	-363.492096	0.000000	0.000000	0.000000	0.000000	0.000000	0.000000	0.000000	0.000000	1660178567.731041	0.000000
131.000000	-260.098822	-190.280500	-176.521408	-346.352135	0.000000	0.000000	0.000000	0.000000	0.000000	0.000000	0.000000	0.000000	1660178567.735536	0.000000
131.000000	-207.373713	-135.932274	-133.905248	-338.322570	0.000000	0.000000	0.000000	0.000000	0.000000	0.000000	0.000000	0.000000	1660178567.735536	0.000000
132.000000	-256.721693	-189.431543	-169.194944	-364.419592	0.000000	0.000000	0.000000	0.000000	0.000000	0.000000	0.000000	0.000000	1660178567.740061	0.000000
132.000000	-277.732451	-202.678268	-187.056706	-353.285909	0.000000	0.000000	0.000000	0.000000	0.000000	0.000000	0.000000	0.000000	1660178567.740061	0.000000
133.000000	-222.438030	-153.820215	-147.540923	-344.108195	0.000000	0.000000	0.000000	0.000000	0.000000	0.000000	0.000000	0.000000	1660178567.744717	0.000000
133.000000	-238.250327	-168.323547	-154.500877	-362.968510	0.000000	0.000000	0.000000	0.000000	0.000000	0.000000	0.000000	0.000000	1660178567.744717	0.000000
134.000000	-293.694344	-223.386094	-198.239007	-363.899745	0.000000	0.000000	0.000000	0.000000	0.000000	0.000000	0.000000	0.000000	1660178567.761202	0.000000
134.000000	-239.525633	-168.095413	-156.509203	-341.048957	0.000000	0.000000	0.000000	0.000000	0.000000	0.000000	0.000000	0.000000	1660178567.761202	0.000000
135.000000	-219.790180	-149.481931	-145.843009	-351.797429	0.000000	0.000000	0.000000	0.000000	0.000000	0.000000	0.000000	0.000000	1660178567.766271	0.000000
135.000000	-283.581654	-212.416968	-189.540000	-368.312827	0.000000	0.000000	0.000000	0.000000	0.000000	0.000000	0.000000	0.000000	1660178567.766271	0.000000
136.000000	-263.849942	-190.280500	-175.919284	-349.512350	0.000000	0.000000	0.000000	0.000000	0.000000	0.000000	0.000000	0.000000	1660178567.774534	0.000000
136.000000	-216.405571	-138.202393	-140.558530	-350.772697	0.000000	0.000000	0.000000	0.000000	0.000000	0.000000	0.000000	0.000000	1660178567.774534	0.000000
137.000000	-267.690819	-198.455921	-177.938830	-373.619745	0.000000	0.000000	0.000000	0.000000	0.000000	0.000000	0.000000	0.000000	1660178567.805589	0.000000
137.000000	-292.333020	-218.198853	-193.268680	-361.988657	0.000000	0.000000	0.000000	0.000000	0.000000	0.000000	0.000000	0.000000	1660178567.805589	0.000000
138.000000	-220.100592	-147.155714	-144.896814	-334.904301	0.000000	0.000000	0.000000	0.000000	0.000000	0.000000	0.000000	0.000000	1660178567.810472	0.000000
138.000000	-235.587518	-168.910712	-153.704278	-359.318368	0.000000	0.000000	0.000000	0.000000	0.000000	0.000000	0.000000	0.000000	1660178567.810472	0.000000
139.000000	-294.202970	-224.717499	-197.988434	-370.111719	0.000000	0.000000	0.000000	0.000000	0.000000	0.000000	0.000000	0.000000	1660178567.815052	0.000000
139.000000	-234.944255	-170.586187	-156.026756	-342.298083	0.000000	0.000000	0.000000	0.000000	0.000000	0.000000	0.000000	0.000000	1660178567.815052	0.000000
140.000000	-215.829626	-152.249457	-148.472158	-356.345148	0.000000	0.000000	0.000000	0.000000	0.000000	0.000000	0.000000	0.000000	1660178567.820421	0.000000
140.000000	-277.309842	-205.528072	-188.253474	-371.577760	0.000000	0.000000	0.000000	0.000000	0.000000	0.000000	0.000000	0.000000	1660178567.820421	0.000000
141.000000	-255.255652	-189.180969	-172.272882	-352.564109	0.000000	0.000000	0.000000	0.000000	0.000000	0.000000	0.000000	0.000000	1660178567.826047	0.000000
141.000000	-194.456098	-132.308311	-131.803424	-338.685340	0.000000	0.000000	0.000000	0.000000	0.000000	0.000000	0.000000	0.000000	1660178567.826047	0.000000
142.000000	-245.875983	-181.484255	-168.016875	-360.589934	0.000000	0.000000	0.000000	0.000000	0.000000	0.000000	0.000000	0.000000	1660178567.852082	0.000000
142.000000	-272.279676	-213.662354	-188.859338	-352.388333	0.000000	0.000000	0.000000	0.000000	0.000000	0.000000	0.000000	0.000000	1660178567.852082	0.000000
143.000000	-199.617160	-144.193713	-139.339323	-333.165248	0.000000	0.000000	0.000000	0.000000	0.000000	0.000000	0.000000	0.000000	1660178567.856047	0.000000
143.000000	-224.012528	-161.270096	-154.635513	-353.009157	0.000000	0.000000	0.000000	0.000000	0.000000	0.000000	0.000000	0.000000	1660178567.856047	0.000000
144.000000	-279.785656	-213.535198	-186.877191	-358.940638	0.000000	0.000000	0.000000	0.000000	0.000000	0.000000	0.000000	0.000000	1660178567.862080	0.000000
144.000000	-217.026394	-160.664232	-143.797283	-326.216514	0.000000	0.000000	0.000000	0.000000	0.000000	0.000000	0.000000	0.000000	1660178567.862080	0.000000
145.000000	-204.980177	-145.756991	-132.558884	-351.677752	0.000000	0.000000	0.000000	0.000000	0.000000	0.000000	0.000000	0.000000	1660178567.866694	0.000000
145.000000	-262.492358	-206.092797	-176.379292	-362.912412	0.000000	0.000000	0.000000	0.000000	0.000000	0.000000	0.000000	0.000000	1660178567.866694	0.000000
146.000000	-240.120277	-186.529380	-163.850627	-338.857375	0.000000	0.000000	0.000000	0.000000	0.000000	0.000000	0.000000	0.000000	1660178567.873557	0.000000
146.000000	-192.335575	-131.967980	-125.479253	-333.692574	0.000000	0.000000	0.000000	0.000000	0.000000	0.000000	0.000000	0.000000	1660178567.873557	0.000000
147.000000	-245.027025	-183.084932	-163.611273	-365.380746	0.000000	0.000000	0.000000	0.000000	0.000000	0.000000	0.000000	0.000000	1660178567.894670	0.000000
147.000000	-266.138761	-202.465094	-178.301600	-347.777037	0.000000	0.000000	0.000000	0.000000	0.000000	0.000000	0.000000	0.000000	1660178567.894670	0.000000
148.000000	-191.875567	-135.472266	-126.470327	-322.293358	0.000000	0.000000	0.000000	0.000000	0.000000	0.000000	0.000000	0.000000	1660178567.899824	0.000000
148.000000	-222.812020	-156.352127	-144.152574	-347.646140	0.000000	0.000000	0.000000	0.000000	0.000000	0.000000	0.000000	0.000000	1660178567.899824	0.000000
149.000000	-274.407679	-212.402008	-180.171550	-349.325355	0.000000	0.000000	0.000000	0.000000	0.000000	0.000000	0.000000	0.000000	1660178567.905203	0.000000
149.000000	-217.018915	-153.326548	-141.366348	-330.984886	0.000000	0.000000	0.000000	0.000000	0.000000	0.000000	0.000000	0.000000	1660178567.905203	0.000000
150.000000	-194.392520	-139.993805	-130.692674	-348.094928	0.000000	0.000000	0.000000	0.000000	0.000000	0.000000	0.000000	0.000000	1660178567.909193	0.000000
150.000000	-262.312843	-198.033313	-172.336460	-366.532635	0.000000	0.000000	0.000000	0.000000	0.000000	0.000000	0.000000	0.000000	1660178567.909193	0.000000
151.000000	-241.047772	-186.649057	-161.386033	-338.270211	0.000000	0.000000	0.000000	0.000000	0.000000	0.000000	0.000000	0.000000	1660178567.959097	0.000000
151.000000	-185.345702	-123.519546	-123.646702	-332.484586	0.000000	0.000000	0.000000	0.000000	0.000000	0.000000	0.000000	0.000000	1660178567.959097	0.000000
152.000000	-238.960908	-176.745802	-162.646379	-356.722877	0.000000	0.000000	0.000000	0.000000	0.000000	0.000000	0.000000	0.000000	1660178567.964787	0.000000
152.000000	-262.144547	-205.079284	-183.354205	-347.029057	0.000000	0.000000	0.000000	0.000000	0.000000	0.000000	0.000000	0.000000	1660178567.964787	0.000000
153.000000	-191.127587	-131.436914	-133.624755	-329.616083	0.000000	0.000000	0.000000	0.000000	0.000000	0.000000	0.000000	0.000000	1660178567.968419	0.000000
153.000000	-208.559261	-157.904186	-143.367195	-350.275290	0.000000	0.000000	0.000000	0.000000	0.000000	0.000000	0.000000	0.000000	1660178567.968419	0.000000
154.000000	-260.674767	-205.015706	-180.496922	-349.385194	0.000000	0.000000	0.000000	0.000000	0.000000	0.000000	0.000000	0.000000	1660178567.974165	0.000000
154.000000	-209.864486	-153.244271	-142.293844	-333.471919	0.000000	0.000000	0.000000	0.000000	0.000000	0.000000	0.000000	0.000000	1660178567.974165	0.000000
155.000000	-189.807403	-138.078976	-131.534151	-348.715752	0.000000	0.000000	0.000000	0.000000	0.000000	0.000000	0.000000	0.000000	1660178568.001278	0.000000
155.000000	-254.877922	-195.826772	-170.545048	-360.440338	0.000000	0.000000	0.000000	0.000000	0.000000	0.000000	0.000000	0.000000	1660178568.001278	0.000000
156.000000	-233.287479	-172.923624	-156.382047	-330.797891	0.000000	0.000000	0.000000	0.000000	0.000000	0.000000	0.000000	0.000000	1660178568.006076	0.000000
156.000000	-180.966279	-122.401316	-122.913682	-338.718999	0.000000	0.000000	0.000000	0.000000	0.000000	0.000000	0.000000	0.000000	1660178568.006076	0.000000
157.000000	-239.559292	-184.259261	-162.691258	-359.322108	0.000000	0.000000	0.000000	0.000000	0.000000	0.000000	0.000000	0.000000	1660178568.011179	0.000000
157.000000	-255.027518	-194.087718	-174.494382	-345.690173	0.000000	0.000000	0.000000	0.000000	0.000000	0.000000	0.000000	0.000000	1660178568.011179	0.000000
158.000000	-193.128434	-136.833590	-130.146649	-327.357183	0.000000	0.000000	0.000000	0.000000	0.000000	0.000000	0.000000	0.000000	1660178568.017053	0.000000
158.000000	-212.863886	-157.892966	-142.091889	-349.617068	0.000000	0.000000	0.000000	0.000000	0.000000	0.000000	0.000000	0.000000	1660178568.017053	0.000000
159.000000	-261.792997	-212.626402	-182.120038	-351.457098	0.000000	0.000000	0.000000	0.000000	0.000000	0.000000	0.000000	0.000000	1660178568.032083	0.000000
159.000000	-211.360446	-158.741924	-138.740939	-323.482647	0.000000	0.000000	0.000000	0.000000	0.000000	0.000000	0.000000	0.000000	1660178568.032083	0.000000
160.000000	-194.889927	-133.864109	-129.282732	-336.691973	0.000000	0.000000	0.000000	0.000000	0.000000	0.000000	0.000000	0.000000	1660178568.037545	0.000000
160.000000	-261.108595	-203.085917	-184.188203	-366.199784	0.000000	0.000000	0.000000	0.000000	0.000000	0.000000	0.000000	0.000000	1660178568.037545	0.000000
161.000000	-234.704902	-177.890211	-160.342601	-337.832643	0.000000	0.000000	0.000000	0.000000	0.000000	0.000000	0.000000	0.000000	1660178568.042502	0.000000
161.000000	-184.986672	-131.365856	-127.240746	-330.053651	0.000000	0.000000	0.000000	0.000000	0.000000	0.000000	0.000000	0.000000	1660178568.042502	0.000000
162.000000	-233.751227	-183.357945	-163.528996	-356.304009	0.000000	0.000000	0.000000	0.000000	0.000000	0.000000	0.000000	0.000000	1660178568.046065	0.000000
162.000000	-252.233813	-199.656429	-173.376152	-345.764971	0.000000	0.000000	0.000000	0.000000	0.000000	0.000000	0.000000	0.000000	1660178568.046065	0.000000
163.000000	-184.571543	-136.781231	-127.270665	-327.405802	0.000000	0.000000	0.000000	0.000000	0.000000	0.000000	0.000000	0.000000	1660178568.051409	0.000000
163.000000	-213.353813	-153.801516	-146.430173	-347.130034	0.000000	0.000000	0.000000	0.000000	0.000000	0.000000	0.000000	0.000000	1660178568.051409	0.000000
164.000000	-267.346748	-209.727980	-184.053566	-354.995044	0.000000	0.000000	0.000000	0.000000	0.000000	0.000000	0.000000	0.000000	1660178568.057163	0.000000
164.000000	-212.848926	-158.958838	-144.593882	-329.369249	0.000000	0.000000	0.000000	0.000000	0.000000	0.000000	0.000000	0.000000	1660178568.057163	0.000000
165.000000	-196.801015	-140.805363	-133.303124	-347.092635	0.000000	0.000000	0.000000	0.000000	0.000000	0.000000	0.000000	0.000000	1660178568.076193	0.000000
165.000000	-246.321031	-199.181462	-172.471096	-359.251050	0.000000	0.000000	0.000000	0.000000	0.000000	0.000000	0.000000	0.000000	1660178568.076193	0.000000
166.000000	-238.560738	-175.848226	-165.724317	-345.858468	0.000000	0.000000	0.000000	0.000000	0.000000	0.000000	0.000000	0.000000	1660178568.080048	0.000000
166.000000	-183.337376	-133.377922	-126.720900	-340.416914	0.000000	0.000000	0.000000	0.000000	0.000000	0.000000	0.000000	0.000000	1660178568.080048	0.000000
167.000000	-236.773066	-184.233082	-170.765702	-362.908672	0.000000	0.000000	0.000000	0.000000	0.000000	0.000000	0.000000	0.000000	1660178568.086058	0.000000
167.000000	-256.216806	-205.000746	-184.143324	-351.539376	0.000000	0.000000	0.000000	0.000000	0.000000	0.000000	0.000000	0.000000	1660178568.086058	0.000000
168.000000	-192.163540	-138.684840	-138.138815	-330.304224	0.000000	0.000000	0.000000	0.000000	0.000000	0.000000	0.000000	0.000000	1660178568.090829	0.000000
168.000000	-213.675444	-155.742524	-155.480731	-358.809742	0.000000	0.000000	0.000000	0.000000	0.000000	0.000000	0.000000	0.000000	1660178568.090829	0.000000
169.000000	-269.512150	-214.070004	-196.032466	-362.680538	0.000000	0.000000	0.000000	0.000000	0.000000	0.000000	0.000000	0.000000	1660178568.122230	0.000000
169.000000	-208.783655	-163.147526	-153.191912	-336.220746	0.000000	0.000000	0.000000	0.000000	0.000000	0.000000	0.000000	0.000000	1660178568.122230	0.000000
170.000000	-199.205771	-145.727072	-144.676160	-353.323308	0.000000	0.000000	0.000000	0.000000	0.000000	0.000000	0.000000	0.000000	1660178568.128073	0.000000
170.000000	-259.059130	-204.959607	-181.431897	-368.574620	0.000000	0.000000	0.000000	0.000000	0.000000	0.000000	0.000000	0.000000	1660178568.128073	0.000000
171.000000	-239.039446	-187.221262	-168.181431	-342.331742	0.000000	0.000000	0.000000	0.000000	0.000000	0.000000	0.000000	0.000000	1660178568.132556	0.000000
171.000000	-185.678553	-127.506279	-127.584817	-341.535144	0.000000	0.000000	0.000000	0.000000	0.000000	0.000000	0.000000	0.000000	1660178568.132556	0.000000
172.000000	-241.597537	-190.441316	-172.557114	-363.645432	0.000000	0.000000	0.000000	0.000000	0.000000	0.000000	0.000000	0.000000	1660178568.137094	0.000000
172.000000	-257.241539	-206.851997	-179.004702	-353.540223	0.000000	0.000000	0.000000	0.000000	0.000000	0.000000	0.000000	0.000000	1660178568.137094	0.000000
173.000000	-194.385040	-147.424986	-140.824063	-333.718753	0.000000	0.000000	0.000000	0.000000	0.000000	0.000000	0.000000	0.000000	1660178568.144087	0.000000
173.000000	-213.671704	-163.024109	-151.613674	-356.689218	0.000000	0.000000	0.000000	0.000000	0.000000	0.000000	0.000000	0.000000	1660178568.144087	0.000000
174.000000	-265.660053	-213.000392	-190.168303	-365.463024	0.000000	0.000000	0.000000	0.000000	0.000000	0.000000	0.000000	0.000000	1660178568.165206	0.000000
174.000000	-206.674351	-163.843147	-153.334028	-338.561923	0.000000	0.000000	0.000000	0.000000	0.000000	0.000000	0.000000	0.000000	1660178568.165206	0.000000
175.000000	-184.212512	-145.289503	-134.432574	-350.148133	0.000000	0.000000	0.000000	0.000000	0.000000	0.000000	0.000000	0.000000	1660178568.169736	0.000000
175.000000	-257.630488	-205.673928	-180.818553	-369.057068	0.000000	0.000000	0.000000	0.000000	0.000000	0.000000	0.000000	0.000000	1660178568.169736	0.000000
176.000000	-243.789119	-185.306433	-172.041008	-351.786210	0.000000	0.000000	0.000000	0.000000	0.000000	0.000000	0.000000	0.000000	1660178568.174521	0.000000
176.000000	-185.405540	-133.688334	-127.753113	-347.945332	0.000000	0.000000	0.000000	0.000000	0.000000	0.000000	0.000000	0.000000	1660178568.174521	0.000000
177.000000	-241.896729	-183.638438	-170.186017	-368.862593	0.000000	0.000000	0.000000	0.000000	0.000000	0.000000	0.000000	0.000000	1660178568.179396	0.000000
177.000000	-259.249865	-203.433728	-180.126672	-351.580515	0.000000	0.000000	0.000000	0.000000	0.000000	0.000000	0.000000	0.000000	1660178568.179396	0.000000
178.000000	-199.523663	-144.713559	-135.060877	-339.635275	0.000000	0.000000	0.000000	0.000000	0.000000	0.000000	0.000000	0.000000	1660178568.194861	0.000000
178.000000	-215.455636	-157.575075	-144.317129	-351.266363	0.000000	0.000000	0.000000	0.000000	0.000000	0.000000	0.000000	0.000000	1660178568.194861	0.000000
179.000000	-272.384394	-215.577183	-187.094105	-362.919892	0.000000	0.000000	0.000000	0.000000	0.000000	0.000000	0.000000	0.000000	1660178568.200181	0.000000
179.000000	-212.243062	-158.121100	-144.055336	-342.028811	0.000000	0.000000	0.000000	0.000000	0.000000	0.000000	0.000000	0.000000	1660178568.200181	0.000000
180.000000	-195.226518	-133.415321	-135.977153	-352.799722	0.000000	0.000000	0.000000	0.000000	0.000000	0.000000	0.000000	0.000000	1660178568.225439	0.000000
180.000000	-255.842816	-198.407302	-177.044994	-367.546148	0.000000	0.000000	0.000000	0.000000	0.000000	0.000000	0.000000	0.000000	1660178568.225439	0.000000
181.000000	-236.428995	-175.055367	-160.013490	-334.545271	0.000000	0.000000	0.000000	0.000000	0.000000	0.000000	0.000000	0.000000	1660178568.229526	0.000000
181.000000	-175.894975	-123.452228	-123.871096	-333.318584	0.000000	0.000000	0.000000	0.000000	0.000000	0.000000	0.000000	0.000000	1660178568.229526	0.000000
182.000000	-238.957168	-182.804440	-166.124486	-356.752797	0.000000	0.000000	0.000000	0.000000	0.000000	0.000000	0.000000	0.000000	1660178568.234432	0.000000
182.000000	-255.700700	-197.479807	-180.541800	-353.080215	0.000000	0.000000	0.000000	0.000000	0.000000	0.000000	0.000000	0.000000	1660178568.234432	0.000000
183.000000	-190.177653	-134.152081	-132.405548	-332.963293	0.000000	0.000000	0.000000	0.000000	0.000000	0.000000	0.000000	0.000000	1660178568.271214	0.000000
183.000000	-208.409665	-154.863647	-148.225325	-350.215452	0.000000	0.000000	0.000000	0.000000	0.000000	0.000000	0.000000	0.000000	1660178568.271214	0.000000
184.000000	-256.545917	-208.415275	-185.426110	-356.102054	0.000000	0.000000	0.000000	0.000000	0.000000	0.000000	0.000000	0.000000	1660178568.277180	0.000000
184.000000	-206.722970	-160.772689	-144.765917	-334.818283	0.000000	0.000000	0.000000	0.000000	0.000000	0.000000	0.000000	0.000000	1660178568.277180	0.000000
185.000000	-187.122154	-140.195760	-132.282131	-344.078276	0.000000	0.000000	0.000000	0.000000	0.000000	0.000000	0.000000	0.000000	1660178568.281760	0.000000
185.000000	-252.817237	-194.996514	-170.926518	-358.409572	0.000000	0.000000	0.000000	0.000000	0.000000	0.000000	0.000000	0.000000	1660178568.281760	0.000000
186.000000	-234.906856	-177.276868	-168.607780	-340.686186	0.000000	0.000000	0.000000	0.000000	0.000000	0.000000	0.000000	0.000000	1660178568.288547	0.000000
186.000000	-178.774698	-129.795098	-125.292258	-337.772804	0.000000	0.000000	0.000000	0.000000	0.000000	0.000000	0.000000	0.000000	1660178568.288547	0.000000
187.000000	-235.598738	-190.564732	-169.583894	-369.872366	0.000000	0.000000	0.000000	0.000000	0.000000	0.000000	0.000000	0.000000	1660178568.293683	0.000000
187.000000	-251.485833	-195.800592	-177.908911	-355.305455	0.000000	0.000000	0.000000	0.000000	0.000000	0.000000	0.000000	0.000000	1660178568.293683	0.000000
188.000000	-191.209865	-137.843363	-137.162701	-338.745178	0.000000	0.000000	0.000000	0.000000	0.000000	0.000000	0.000000	0.000000	1660178568.300075	0.000000
188.000000	-211.798014	-156.677499	-150.054136	-358.555428	0.000000	0.000000	0.000000	0.000000	0.000000	0.000000	0.000000	0.000000	1660178568.300075	0.000000
189.000000	-269.377514	-210.341323	-181.106525	-358.271196	0.000000	0.000000	0.000000	0.000000	0.000000	0.000000	0.000000	0.000000	1660178568.315217	0.000000
189.000000	-214.109272	-166.180585	-148.199146	-335.491465	0.000000	0.000000	0.000000	0.000000	0.000000	0.000000	0.000000	0.000000	1660178568.315217	0.000000
190.000000	-191.711012	-143.172720	-134.604609	-351.064409	0.000000	0.000000	0.000000	0.000000	0.000000	0.000000	0.000000	0.000000	1660178568.322073	0.000000
190.000000	-253.957906	-201.103770	-177.086133	-360.163585	0.000000	0.000000	0.000000	0.000000	0.000000	0.000000	0.000000	0.000000	1660178568.322073	0.000000
191.000000	-240.849557	-184.786587	-171.240669	-350.469765	0.000000	0.000000	0.000000	0.000000	0.000000	0.000000	0.000000	0.000000	1660178568.326182	0.000000
191.000000	-183.692666	-131.556591	-129.241593	-345.865948	0.000000	0.000000	0.000000	0.000000	0.000000	0.000000	0.000000	0.000000	1660178568.326182	0.000000
192.000000	-227.946902	-180.078053	-162.350927	-365.889372	0.000000	0.000000	0.000000	0.000000	0.000000	0.000000	0.000000	0.000000	1660178568.329695	0.000000
192.000000	-254.631088	-202.255660	-181.903124	-358.473151	0.000000	0.000000	0.000000	0.000000	0.000000	0.000000	0.000000	0.000000	1660178568.329695	0.000000
193.000000	-190.413266	-133.213366	-131.249919	-335.543824	0.000000	0.000000	0.000000	0.000000	0.000000	0.000000	0.000000	0.000000	1660178568.363081	0.000000
193.000000	-207.497129	-158.977537	-150.431866	-356.924832	0.000000	0.000000	0.000000	0.000000	0.000000	0.000000	0.000000	0.000000	1660178568.363081	0.000000
194.000000	-257.383655	-206.406949	-183.204609	-355.649526	0.000000	0.000000	0.000000	0.000000	0.000000	0.000000	0.000000	0.000000	1660178568.369168	0.000000
194.000000	-203.962924	-152.335475	-138.022878	-328.374436	0.000000	0.000000	0.000000	0.000000	0.000000	0.000000	0.000000	0.000000	1660178568.369168	0.000000
195.000000	-185.925386	-133.669634	-126.485286	-343.674367	0.000000	0.000000	0.000000	0.000000	0.000000	0.000000	0.000000	0.000000	1660178568.375052	0.000000
195.000000	-249.197014	-192.415983	-169.722270	-365.436844	0.000000	0.000000	0.000000	0.000000	0.000000	0.000000	0.000000	0.000000	1660178568.375052	0.000000
196.000000	-235.060192	-174.722516	-158.801762	-344.886094	0.000000	0.000000	0.000000	0.000000	0.000000	0.000000	0.000000	0.000000	1660178568.379537	0.000000
196.000000	-187.253051	-128.777845	-121.159669	-346.299776	0.000000	0.000000	0.000000	0.000000	0.000000	0.000000	0.000000	0.000000	1660178568.379537	0.000000
197.000000	-244.215467	-187.438176	-165.821554	-373.915198	0.000000	0.000000	0.000000	0.000000	0.000000	0.000000	0.000000	0.000000	1660178568.383432	0.000000
197.000000	-273.270750	-206.455567	-177.576060	-359.052835	0.000000	0.000000	0.000000	0.000000	0.000000	0.000000	0.000000	0.000000	1660178568.383432	0.000000
198.000000	-202.582901	-138.849396	-129.394929	-336.710673	0.000000	0.000000	0.000000	0.000000	0.000000	0.000000	0.000000	0.000000	1660178568.405354	0.000000
198.000000	-229.491481	-162.650119	-149.500631	-361.506210	0.000000	0.000000	0.000000	0.000000	0.000000	0.000000	0.000000	0.000000	1660178568.405354	0.000000
199.000000	-284.284755	-210.958407	-185.306433	-361.012543	0.000000	0.000000	0.000000	0.000000	0.000000	0.000000	0.000000	0.000000	1660178568.411184	0.000000
199.000000	-229.629857	-159.362747	-147.903693	-337.095883	0.000000	0.000000	0.000000	0.000000	0.000000	0.000000	0.000000	0.000000	1660178568.411184	0.000000
200.000000	-219.591966	-143.771104	-138.157514	-349.897560	0.000000	0.000000	0.000000	0.000000	0.000000	0.000000	0.000000	0.000000	1660178568.416080	0.000000
200.000000	-283.327341	-200.333351	-181.854505	-361.461331	0.000000	0.000000	0.000000	0.000000	0.000000	0.000000	0.000000	0.000000	1660178568.416080	0.000000
0.000000	-264.964432	-182.914767	-169.116406	-342.913297	0.000000	0.000000	0.000000	0.000000	0.000000	0.000000	0.000000	0.000000	1660178568.420546	0.000000
101.000000	-206.876306	-132.332620	-136.306264	-347.535813	0.000000	0.000000	0.000000	0.000000	0.000000	0.000000	0.000000	0.000000	1660178568.424783	0.000000
101.000000	-262.660654	-178.438107	-167.968257	-365.094644	0.000000	0.000000	0.000000	0.000000	0.000000	0.000000	0.000000	0.000000	1660178568.424783	0.000000
102.000000	-279.191011	-203.192504	-184.397637	-351.900276	0.000000	0.000000	0.000000	0.000000	0.000000	0.000000	0.000000	0.000000	1660178568.450560	0.000000
102.000000	-207.474690	-138.035967	-128.897522	-331.282208	0.000000	0.000000	0.000000	0.000000	0.000000	0.000000	0.000000	0.000000	1660178568.450560	0.000000
103.000000	-225.362631	-156.410096	-144.418107	-349.390804	0.000000	0.000000	0.000000	0.000000	0.000000	0.000000	0.000000	0.000000	1660178568.457189	0.000000
103.000000	-287.717983	-209.800908	-175.029188	-345.830419	0.000000	0.000000	0.000000	0.000000	0.000000	0.000000	0.000000	0.000000	1660178568.457189	0.000000
104.000000	-240.124017	-157.943455	-142.349942	-329.700230	0.000000	0.000000	0.000000	0.000000	0.000000	0.000000	0.000000	0.000000	1660178568.460049	0.000000
104.000000	-217.923970	-140.493082	-134.081023	-351.877837	0.000000	0.000000	0.000000	0.000000	0.000000	0.000000	0.000000	0.000000	1660178568.460049	0.000000
105.000000	-287.228056	-204.325694	-178.073466	-366.983293	0.000000	0.000000	0.000000	0.000000	0.000000	0.000000	0.000000	0.000000	1660178568.465526	0.000000
105.000000	-261.078676	-183.782424	-166.823847	-343.298507	0.000000	0.000000	0.000000	0.000000	0.000000	0.000000	0.000000	0.000000	1660178568.465526	0.000000
106.000000	-207.736483	-132.665471	-128.093443	-329.782508	0.000000	0.000000	0.000000	0.000000	0.000000	0.000000	0.000000	0.000000	1660178568.496534	0.000000
106.000000	-262.559676	-183.961939	-167.541908	-355.778553	0.000000	0.000000	0.000000	0.000000	0.000000	0.000000	0.000000	0.000000	1660178568.496534	0.000000
107.000000	-281.438691	-200.567095	-176.368072	-342.445809	0.000000	0.000000	0.000000	0.000000	0.000000	0.000000	0.000000	0.000000	1660178568.501826	0.000000
107.000000	-213.151858	-137.258068	-133.920208	-330.048041	0.000000	0.000000	0.000000	0.000000	0.000000	0.000000	0.000000	0.000000	1660178568.501826	0.000000
108.000000	-241.115090	-162.315398	-157.676052	-350.883024	0.000000	0.000000	0.000000	0.000000	0.000000	0.000000	0.000000	0.000000	1660178568.507177	0.000000
108.000000	-292.030088	-216.289634	-194.472928	-352.891350	0.000000	0.000000	0.000000	0.000000	0.000000	0.000000	0.000000	0.000000	1660178568.507177	0.000000
109.000000	-233.339838	-160.250973	-152.417753	-330.493089	0.000000	0.000000	0.000000	0.000000	0.000000	0.000000	0.000000	0.000000	1660178568.511811	0.000000
109.000000	-220.096852	-141.117645	-140.169580	-341.866125	0.000000	0.000000	0.000000	0.000000	0.000000	0.000000	0.000000	0.000000	1660178568.511811	0.000000
110.000000	-287.482370	-212.890065	-189.121131	-365.565871	0.000000	0.000000	0.000000	0.000000	0.000000	0.000000	0.000000	0.000000	1660178568.515503	0.000000
110.000000	-259.032951	-193.842755	-170.436591	-339.285594	0.000000	0.000000	0.000000	0.000000	0.000000	0.000000	0.000000	0.000000	1660178568.515503	0.000000
111.000000	-201.296375	-133.454590	-132.240992	-335.530734	0.000000	0.000000	0.000000	0.000000	0.000000	0.000000	0.000000	0.000000	1660178568.538726	0.000000
111.000000	-254.986379	-185.543917	-169.157545	-355.408303	0.000000	0.000000	0.000000	0.000000	0.000000	0.000000	0.000000	0.000000	1660178568.538726	0.000000
112.000000	-268.580915	-201.685325	-176.570027	-345.441469	0.000000	0.000000	0.000000	0.000000	0.000000	0.000000	0.000000	0.000000	1660178568.556712	0.000000
112.000000	-211.225810	-140.706256	-136.545617	-337.868172	0.000000	0.000000	0.000000	0.000000	0.000000	0.000000	0.000000	0.000000	1660178568.556712	0.000000
113.000000	-235.430442	-167.794351	-155.544309	-360.255213	0.000000	0.000000	0.000000	0.000000	0.000000	0.000000	0.000000	0.000000	1660178568.561241	0.000000
113.000000	-287.620746	-221.469396	-192.172889	-365.726687	0.000000	0.000000	0.000000	0.000000	0.000000	0.000000	0.000000	0.000000	1660178568.561241	0.000000
114.000000	-236.821685	-165.711227	-156.064155	-341.522054	0.000000	0.000000	0.000000	0.000000	0.000000	0.000000	0.000000	0.000000	1660178568.564791	0.000000
114.000000	-214.621639	-147.643770	-143.980538	-346.036113	0.000000	0.000000	0.000000	0.000000	0.000000	0.000000	0.000000	0.000000	1660178568.564791	0.000000
115.000000	-289.270042	-214.707656	-192.041993	-371.744186	0.000000	0.000000	0.000000	0.000000	0.000000	0.000000	0.000000	0.000000	1660178568.569776	0.000000
115.000000	-264.754998	-196.374667	-177.303047	-350.075205	0.000000	0.000000	0.000000	0.000000	0.000000	0.000000	0.000000	0.000000	1660178568.569776	0.000000
116.000000	-216.207356	-147.064086	-138.654921	-350.512774	0.000000	0.000000	0.000000	0.000000	0.000000	0.000000	0.000000	0.000000	1660178568.584114	0.000000
116.000000	-265.532897	-196.677599	-176.771981	-374.033004	0.000000	0.000000	0.000000	0.000000	0.000000	0.000000	0.000000	0.000000	1660178568.584114	0.000000
117.000000	-283.944424	-217.161031	-193.205102	-356.006687	0.000000	0.000000	0.000000	0.000000	0.000000	0.000000	0.000000	0.000000	1660178568.589072	0.000000
117.000000	-215.362139	-152.124171	-144.679900	-342.640284	0.000000	0.000000	0.000000	0.000000	0.000000	0.000000	0.000000	0.000000	1660178568.589072	0.000000
118.000000	-232.595598	-171.119122	-158.438992	-360.509526	0.000000	0.000000	0.000000	0.000000	0.000000	0.000000	0.000000	0.000000	1660178568.599086	0.000000
118.000000	-285.705917	-223.470242	-195.583678	-361.609057	0.000000	0.000000	0.000000	0.000000	0.000000	0.000000	0.000000	0.000000	1660178568.599086	0.000000
119.000000	-223.589919	-156.832705	-153.483624	-335.979522	0.000000	0.000000	0.000000	0.000000	0.000000	0.000000	0.000000	0.000000	1660178568.604298	0.000000
119.000000	-213.566987	-144.767787	-145.543817	-356.429295	0.000000	0.000000	0.000000	0.000000	0.000000	0.000000	0.000000	0.000000	1660178568.604298	0.000000
120.000000	-273.098714	-210.934097	-190.403917	-364.473820	0.000000	0.000000	0.000000	0.000000	0.000000	0.000000	0.000000	0.000000	1660178568.632085	0.000000
120.000000	-241.676075	-183.737545	-166.505956	-336.013181	0.000000	0.000000	0.000000	0.000000	0.000000	0.000000	0.000000	0.000000	1660178568.632085	0.000000
121.000000	-189.728865	-135.649911	-129.039638	-334.562100	0.000000	0.000000	0.000000	0.000000	0.000000	0.000000	0.000000	0.000000	1660178568.637043	0.000000
121.000000	-249.197014	-191.082708	-171.236929	-362.229880	0.000000	0.000000	0.000000	0.000000	0.000000	0.000000	0.000000	0.000000	1660178568.637043	0.000000
122.000000	-263.722785	-204.609927	-182.314513	-348.261354	0.000000	0.000000	0.000000	0.000000	0.000000	0.000000	0.000000	0.000000	1660178568.643461	0.000000
122.000000	-194.444878	-133.140438	-132.327010	-330.822200	0.000000	0.000000	0.000000	0.000000	0.000000	0.000000	0.000000	0.000000	1660178568.643461	0.000000
123.000000	-216.678584	-160.490327	-147.271650	-346.174490	0.000000	0.000000	0.000000	0.000000	0.000000	0.000000	0.000000	0.000000	1660178568.648182	0.000000
123.000000	-272.537729	-216.615005	-186.978168	-361.145309	0.000000	0.000000	0.000000	0.000000	0.000000	0.000000	0.000000	0.000000	1660178568.648182	0.000000
124.000000	-217.520061	-158.773713	-145.095029	-332.018968	0.000000	0.000000	0.000000	0.000000	0.000000	0.000000	0.000000	0.000000	1660178568.676221	0.000000
124.000000	-204.654805	-140.440723	-139.171027	-344.715929	0.000000	0.000000	0.000000	0.000000	0.000000	0.000000	0.000000	0.000000	1660178568.676221	0.000000
125.000000	-266.490311	-204.815621	-183.817953	-365.375136	0.000000	0.000000	0.000000	0.000000	0.000000	0.000000	0.000000	0.000000	1660178568.682072	0.000000
125.000000	-238.953428	-183.662747	-165.084794	-342.786140	0.000000	0.000000	0.000000	0.000000	0.000000	0.000000	0.000000	0.000000	1660178568.682072	0.000000
126.000000	-177.764925	-129.314521	-130.397222	-332.090026	0.000000	0.000000	0.000000	0.000000	0.000000	0.000000	0.000000	0.000000	1660178568.688073	0.000000
126.000000	-246.130296	-190.805956	-171.311727	-359.634390	0.000000	0.000000	0.000000	0.000000	0.000000	0.000000	0.000000	0.000000	1660178568.688073	0.000000
127.000000	-265.446879	-200.795229	-179.857399	-344.667310	0.000000	0.000000	0.000000	0.000000	0.000000	0.000000	0.000000	0.000000	1660178568.693471	0.000000
127.000000	-195.892220	-132.489696	-133.482639	-327.542308	0.000000	0.000000	0.000000	0.000000	0.000000	0.000000	0.000000	0.000000	1660178568.693471	0.000000
128.000000	-222.602585	-160.610004	-156.251150	-350.423016	0.000000	0.000000	0.000000	0.000000	0.000000	0.000000	0.000000	0.000000	1660178568.697171	0.000000
128.000000	-275.323955	-212.403878	-185.736521	-352.674436	0.000000	0.000000	0.000000	0.000000	0.000000	0.000000	0.000000	0.000000	1660178568.697171	0.000000
129.000000	-216.285894	-153.163863	-146.355375	-328.522162	0.000000	0.000000	0.000000	0.000000	0.000000	0.000000	0.000000	0.000000	1660178568.720114	0.000000
129.000000	-198.715844	-140.855852	-136.310004	-335.654151	0.000000	0.000000	0.000000	0.000000	0.000000	0.000000	0.000000	0.000000	1660178568.720114	0.000000
130.000000	-265.517937	-204.172358	-176.618645	-351.892797	0.000000	0.000000	0.000000	0.000000	0.000000	0.000000	0.000000	0.000000	1660178568.725498	0.000000
130.000000	-246.422008	-182.727772	-161.928318	-330.324794	0.000000	0.000000	0.000000	0.000000	0.000000	0.000000	0.000000	0.000000	1660178568.725498	0.000000
131.000000	-189.018284	-137.194490	-124.981847	-330.990496	0.000000	0.000000	0.000000	0.000000	0.000000	0.000000	0.000000	0.000000	1660178568.730048	0.000000
131.000000	-243.504886	-182.361262	-160.230404	-348.384771	0.000000	0.000000	0.000000	0.000000	0.000000	0.000000	0.000000	0.000000	1660178568.730048	0.000000
132.000000	-256.762831	-199.744317	-173.712743	-338.833066	0.000000	0.000000	0.000000	0.000000	0.000000	0.000000	0.000000	0.000000	1660178568.736394	0.000000
132.000000	-192.960138	-129.393059	-125.333397	-318.461831	0.000000	0.000000	0.000000	0.000000	0.000000	0.000000	0.000000	0.000000	1660178568.736394	0.000000
133.000000	-218.122185	-153.433136	-143.232558	-340.852612	0.000000	0.000000	0.000000	0.000000	0.000000	0.000000	0.000000	0.000000	1660178568.751337	0.000000
133.000000	-271.804709	-207.844940	-183.488842	-349.865771	0.000000	0.000000	0.000000	0.000000	0.000000	0.000000	0.000000	0.000000	1660178568.751337	0.000000
134.000000	-219.221716	-155.819192	-140.992358	-326.091227	0.000000	0.000000	0.000000	0.000000	0.000000	0.000000	0.000000	0.000000	1660178568.780206	0.000000
134.000000	-201.292635	-144.326479	-135.277791	-342.400931	0.000000	0.000000	0.000000	0.000000	0.000000	0.000000	0.000000	0.000000	1660178568.780206	0.000000
135.000000	-269.751504	-201.868580	-179.595606	-355.516760	0.000000	0.000000	0.000000	0.000000	0.000000	0.000000	0.000000	0.000000	1660178568.783556	0.000000
135.000000	-237.281693	-176.583116	-164.609827	-330.702524	0.000000	0.000000	0.000000	0.000000	0.000000	0.000000	0.000000	0.000000	1660178568.783556	0.000000
136.000000	-185.203586	-118.244417	-120.475267	-324.744863	0.000000	0.000000	0.000000	0.000000	0.000000	0.000000	0.000000	0.000000	1660178568.787452	0.000000
136.000000	-239.720107	-181.557183	-161.909619	-353.848764	0.000000	0.000000	0.000000	0.000000	0.000000	0.000000	0.000000	0.000000	1660178568.787452	0.000000
137.000000	-263.520831	-206.924925	-180.706356	-344.667310	0.000000	0.000000	0.000000	0.000000	0.000000	0.000000	0.000000	0.000000	1660178568.793133	0.000000
137.000000	-195.316275	-137.280508	-132.966533	-328.806394	0.000000	0.000000	0.000000	0.000000	0.000000	0.000000	0.000000	0.000000	1660178568.793133	0.000000
138.000000	-220.538160	-162.824024	-147.488565	-355.804732	0.000000	0.000000	0.000000	0.000000	0.000000	0.000000	0.000000	0.000000	1660178568.797168	0.000000
138.000000	-271.699992	-207.773882	-185.145617	-351.597345	0.000000	0.000000	0.000000	0.000000	0.000000	0.000000	0.000000	0.000000	1660178568.797168	0.000000
139.000000	-214.905871	-152.879630	-144.010458	-320.642193	0.000000	0.000000	0.000000	0.000000	0.000000	0.000000	0.000000	0.000000	1660178568.825278	0.000000
139.000000	-192.907780	-140.201370	-127.726933	-334.752835	0.000000	0.000000	0.000000	0.000000	0.000000	0.000000	0.000000	0.000000	1660178568.825278	0.000000
140.000000	-257.462193	-200.309042	-175.305940	-350.333258	0.000000	0.000000	0.000000	0.000000	0.000000	0.000000	0.000000	0.000000	1660178568.830065	0.000000
140.000000	-243.284232	-183.995598	-165.754236	-334.988449	0.000000	0.000000	0.000000	0.000000	0.000000	0.000000	0.000000	0.000000	1660178568.830065	0.000000
141.000000	-185.869288	-130.219577	-125.135183	-332.826787	0.000000	0.000000	0.000000	0.000000	0.000000	0.000000	0.000000	0.000000	1660178568.836065	0.000000
141.000000	-240.778499	-179.754551	-158.098661	-352.824032	0.000000	0.000000	0.000000	0.000000	0.000000	0.000000	0.000000	0.000000	1660178568.836065	0.000000
142.000000	-262.567156	-194.126987	-170.331874	-339.023801	0.000000	0.000000	0.000000	0.000000	0.000000	0.000000	0.000000	0.000000	1660178568.840851	0.000000
142.000000	-191.778330	-136.592366	-129.424848	-324.101600	0.000000	0.000000	0.000000	0.000000	0.000000	0.000000	0.000000	0.000000	1660178568.840851	0.000000
143.000000	-217.837953	-160.456668	-146.448872	-347.543293	0.000000	0.000000	0.000000	0.000000	0.000000	0.000000	0.000000	0.000000	1660178568.846189	0.000000
143.000000	-266.643647	-207.646725	-179.539507	-345.101138	0.000000	0.000000	0.000000	0.000000	0.000000	0.000000	0.000000	0.000000	1660178568.846189	0.000000
144.000000	-215.448157	-159.465594	-143.419553	-329.801208	0.000000	0.000000	0.000000	0.000000	0.000000	0.000000	0.000000	0.000000	1660178568.870217	0.000000
144.000000	-202.934451	-143.249388	-135.584463	-344.858045	0.000000	0.000000	0.000000	0.000000	0.000000	0.000000	0.000000	0.000000	1660178568.870217	0.000000
145.000000	-262.757891	-201.098161	-171.876452	-359.720407	0.000000	0.000000	0.000000	0.000000	0.000000	0.000000	0.000000	0.000000	1660178568.875583	0.000000
145.000000	-244.458561	-180.820423	-158.281916	-337.565240	0.000000	0.000000	0.000000	0.000000	0.000000	0.000000	0.000000	0.000000	1660178568.875583	0.000000
146.000000	-185.427980	-127.661485	-122.064725	-332.677191	0.000000	0.000000	0.000000	0.000000	0.000000	0.000000	0.000000	0.000000	1660178568.880059	0.000000
146.000000	-234.132697	-180.816683	-160.077068	-350.849365	0.000000	0.000000	0.000000	0.000000	0.000000	0.000000	0.000000	0.000000	1660178568.880059	0.000000
147.000000	-255.386548	-196.404586	-170.309434	-339.644624	0.000000	0.000000	0.000000	0.000000	0.000000	0.000000	0.000000	0.000000	1660178568.885057	0.000000
147.000000	-185.368141	-133.361093	-126.833097	-324.662585	0.000000	0.000000	0.000000	0.000000	0.000000	0.000000	0.000000	0.000000	1660178568.885057	0.000000
148.000000	-210.298314	-161.369203	-142.798730	-347.176783	0.000000	0.000000	0.000000	0.000000	0.000000	0.000000	0.000000	0.000000	1660178568.915490	0.000000
148.000000	-263.603108	-209.307241	-179.947156	-356.328318	0.000000	0.000000	0.000000	0.000000	0.000000	0.000000	0.000000	0.000000	1660178568.915490	0.000000
149.000000	-207.919738	-150.916183	-137.690027	-334.300307	0.000000	0.000000	0.000000	0.000000	0.000000	0.000000	0.000000	0.000000	1660178568.921186	0.000000
149.000000	-195.361154	-136.913997	-132.749619	-347.928503	0.000000	0.000000	0.000000	0.000000	0.000000	0.000000	0.000000	0.000000	1660178568.921186	0.000000
150.000000	-262.342762	-200.675552	-178.425017	-361.642716	0.000000	0.000000	0.000000	0.000000	0.000000	0.000000	0.000000	0.000000	1660178568.925898	0.000000
150.000000	-241.997706	-178.389488	-158.128580	-343.855752	0.000000	0.000000	0.000000	0.000000	0.000000	0.000000	0.000000	0.000000	1660178568.925898	0.000000
151.000000	-185.652374	-129.639892	-126.485286	-335.040807	0.000000	0.000000	0.000000	0.000000	0.000000	0.000000	0.000000	0.000000	1660178568.930032	0.000000
151.000000	-240.483047	-183.894621	-161.105540	-360.172935	0.000000	0.000000	0.000000	0.000000	0.000000	0.000000	0.000000	0.000000	1660178568.930032	0.000000
152.000000	-257.177960	-200.971004	-179.528288	-347.520854	0.000000	0.000000	0.000000	0.000000	0.000000	0.000000	0.000000	0.000000	1660178568.936451	0.000000
152.000000	-188.356321	-132.856206	-133.923947	-333.642085	0.000000	0.000000	0.000000	0.000000	0.000000	0.000000	0.000000	0.000000	1660178568.936451	0.000000
153.000000	-210.481570	-156.488634	-143.187680	-355.011873	0.000000	0.000000	0.000000	0.000000	0.000000	0.000000	0.000000	0.000000	1660178568.961239	0.000000
153.000000	-268.633274	-207.822501	-185.661723	-358.448841	0.000000	0.000000	0.000000	0.000000	0.000000	0.000000	0.000000	0.000000	1660178568.961239	0.000000
154.000000	-207.545748	-154.663563	-143.307356	-336.110419	0.000000	0.000000	0.000000	0.000000	0.000000	0.000000	0.000000	0.000000	1660178568.965403	0.000000
154.000000	-191.744671	-141.914244	-130.273805	-342.423370	0.000000	0.000000	0.000000	0.000000	0.000000	0.000000	0.000000	0.000000	1660178568.965403	0.000000
155.000000	-255.857776	-203.199984	-179.494628	-358.946248	0.000000	0.000000	0.000000	0.000000	0.000000	0.000000	0.000000	0.000000	1660178568.971075	0.000000
155.000000	-228.814559	-181.605802	-161.079361	-343.006794	0.000000	0.000000	0.000000	0.000000	0.000000	0.000000	0.000000	0.000000	1660178568.971075	0.000000
156.000000	-180.719446	-130.025102	-128.482393	-342.827279	0.000000	0.000000	0.000000	0.000000	0.000000	0.000000	0.000000	0.000000	1660178568.976416	0.000000
156.000000	-239.398476	-182.017191	-168.065494	-366.396129	0.000000	0.000000	0.000000	0.000000	0.000000	0.000000	0.000000	0.000000	1660178568.976416	0.000000
157.000000	-251.526972	-196.348488	-173.982016	-355.471881	0.000000	0.000000	0.000000	0.000000	0.000000	0.000000	0.000000	0.000000	1660178569.006833	0.000000
157.000000	-181.444986	-135.339500	-130.774952	-334.565840	0.000000	0.000000	0.000000	0.000000	0.000000	0.000000	0.000000	0.000000	1660178569.006833	0.000000
158.000000	-206.281662	-155.045032	-145.184786	-354.955775	0.000000	0.000000	0.000000	0.000000	0.000000	0.000000	0.000000	0.000000	1660178569.012226	0.000000
158.000000	-261.284371	-205.376606	-178.649411	-353.553312	0.000000	0.000000	0.000000	0.000000	0.000000	0.000000	0.000000	0.000000	1660178569.012226	0.000000
159.000000	-197.418099	-145.482108	-138.628742	-328.518422	0.000000	0.000000	0.000000	0.000000	0.000000	0.000000	0.000000	0.000000	1660178569.018096	0.000000
159.000000	-183.442093	-135.496575	-131.332197	-343.844532	0.000000	0.000000	0.000000	0.000000	0.000000	0.000000	0.000000	0.000000	1660178569.018096	0.000000
160.000000	-245.535652	-190.794736	-168.731196	-349.413243	0.000000	0.000000	0.000000	0.000000	0.000000	0.000000	0.000000	0.000000	1660178569.023064	0.000000
160.000000	-228.201215	-173.138668	-162.530442	-330.485609	0.000000	0.000000	0.000000	0.000000	0.000000	0.000000	0.000000	0.000000	1660178569.023064	0.000000
161.000000	-179.503978	-126.629273	-131.126502	-330.167718	0.000000	0.000000	0.000000	0.000000	0.000000	0.000000	0.000000	0.000000	1660178569.026733	0.000000
161.000000	-236.526233	-182.544517	-168.734936	-358.362824	0.000000	0.000000	0.000000	0.000000	0.000000	0.000000	0.000000	0.000000	1660178569.026733	0.000000
162.000000	-255.106056	-203.921785	-187.883224	-347.752727	0.000000	0.000000	0.000000	0.000000	0.000000	0.000000	0.000000	0.000000	1660178569.052090	0.000000
162.000000	-187.365248	-138.099546	-140.472512	-332.624832	0.000000	0.000000	0.000000	0.000000	0.000000	0.000000	0.000000	0.000000	1660178569.052090	0.000000
163.000000	-213.159338	-157.909796	-153.266710	-358.792912	0.000000	0.000000	0.000000	0.000000	0.000000	0.000000	0.000000	0.000000	1660178569.056433	0.000000
163.000000	-259.025471	-209.142685	-184.405117	-356.889303	0.000000	0.000000	0.000000	0.000000	0.000000	0.000000	0.000000	0.000000	1660178569.056433	0.000000
164.000000	-203.177545	-157.251573	-149.238838	-332.957683	0.000000	0.000000	0.000000	0.000000	0.000000	0.000000	0.000000	0.000000	1660178569.059726	0.000000
164.000000	-185.499038	-139.715183	-131.130242	-341.174243	0.000000	0.000000	0.000000	0.000000	0.000000	0.000000	0.000000	0.000000	1660178569.059726	0.000000
165.000000	-253.987826	-199.935052	-174.169011	-360.905956	0.000000	0.000000	0.000000	0.000000	0.000000	0.000000	0.000000	0.000000	1660178569.064529	0.000000
165.000000	-228.563986	-179.212266	-154.979584	-334.520961	0.000000	0.000000	0.000000	0.000000	0.000000	0.000000	0.000000	0.000000	1660178569.064529	0.000000
166.000000	-175.805217	-127.354813	-123.882316	-343.575259	0.000000	0.000000	0.000000	0.000000	0.000000	0.000000	0.000000	0.000000	1660178569.094110	0.000000
166.000000	-236.447695	-180.057483	-165.032435	-361.788572	0.000000	0.000000	0.000000	0.000000	0.000000	0.000000	0.000000	0.000000	1660178569.094110	0.000000
167.000000	-257.424794	-203.117706	-175.631312	-354.192835	0.000000	0.000000	0.000000	0.000000	0.000000	0.000000	0.000000	0.000000	1660178569.111290	0.000000
167.000000	-187.739238	-134.456883	-126.982693	-338.182323	0.000000	0.000000	0.000000	0.000000	0.000000	0.000000	0.000000	0.000000	1660178569.111290	0.000000
168.000000	-213.151858	-166.616283	-150.570242	-360.027079	0.000000	0.000000	0.000000	0.000000	0.000000	0.000000	0.000000	0.000000	1660178569.115156	0.000000
168.000000	-269.123201	-216.876798	-189.962608	-361.870850	0.000000	0.000000	0.000000	0.000000	0.000000	0.000000	0.000000	0.000000	1660178569.115156	0.000000
169.000000	-202.493143	-154.760800	-142.922147	-343.283547	0.000000	0.000000	0.000000	0.000000	0.000000	0.000000	0.000000	0.000000	1660178569.119166	0.000000
169.000000	-191.811989	-143.660777	-137.110342	-352.517360	0.000000	0.000000	0.000000	0.000000	0.000000	0.000000	0.000000	0.000000	1660178569.119166	0.000000
170.000000	-256.882508	-206.509796	-177.908911	-371.037345	0.000000	0.000000	0.000000	0.000000	0.000000	0.000000	0.000000	0.000000	1660178569.123073	0.000000
170.000000	-227.172743	-179.945286	-161.640346	-348.631604	0.000000	0.000000	0.000000	0.000000	0.000000	0.000000	0.000000	0.000000	1660178569.123073	0.000000
171.000000	-173.082570	-129.408018	-123.508326	-341.559453	0.000000	0.000000	0.000000	0.000000	0.000000	0.000000	0.000000	0.000000	1660178569.157216	0.000000
171.000000	-232.797553	-183.468272	-162.156452	-363.329411	0.000000	0.000000	0.000000	0.000000	0.000000	0.000000	0.000000	0.000000	1660178569.157216	0.000000
172.000000	-250.117029	-193.996091	-173.525748	-351.713281	0.000000	0.000000	0.000000	0.000000	0.000000	0.000000	0.000000	0.000000	1660178569.161459	0.000000
172.000000	-192.331835	-141.057807	-133.830450	-343.451842	0.000000	0.000000	0.000000	0.000000	0.000000	0.000000	0.000000	0.000000	1660178569.161459	0.000000
173.000000	-216.861839	-168.276799	-153.042316	-364.739353	0.000000	0.000000	0.000000	0.000000	0.000000	0.000000	0.000000	0.000000	1660178569.165049	0.000000
173.000000	-267.608541	-216.543947	-192.098091	-366.100677	0.000000	0.000000	0.000000	0.000000	0.000000	0.000000	0.000000	0.000000	1660178569.165049	0.000000
174.000000	-210.006602	-155.198368	-152.885240	-344.499014	0.000000	0.000000	0.000000	0.000000	0.000000	0.000000	0.000000	0.000000	1660178569.171430	0.000000
174.000000	-199.748057	-146.633997	-143.599069	-354.114297	0.000000	0.000000	0.000000	0.000000	0.000000	0.000000	0.000000	0.000000	1660178569.171430	0.000000
175.000000	-261.706979	-200.073428	-179.068280	-371.512312	0.000000	0.000000	0.000000	0.000000	0.000000	0.000000	0.000000	0.000000	1660178569.185482	0.000000
175.000000	-241.182408	-185.110088	-171.087333	-353.583231	0.000000	0.000000	0.000000	0.000000	0.000000	0.000000	0.000000	0.000000	1660178569.185482	0.000000
176.000000	-187.855175	-130.885279	-127.566118	-348.556806	0.000000	0.000000	0.000000	0.000000	0.000000	0.000000	0.000000	0.000000	1660178569.192073	0.000000
176.000000	-253.004232	-190.577822	-172.867526	-374.062924	0.000000	0.000000	0.000000	0.000000	0.000000	0.000000	0.000000	0.000000	1660178569.192073	0.000000
177.000000	-261.546164	-198.177299	-178.413797	-358.512420	0.000000	0.000000	0.000000	0.000000	0.000000	0.000000	0.000000	0.000000	1660178569.199400	0.000000
177.000000	-200.320261	-139.932097	-138.666141	-339.068680	0.000000	0.000000	0.000000	0.000000	0.000000	0.000000	0.000000	0.000000	1660178569.199400	0.000000
178.000000	-232.427302	-162.693128	-157.900446	-360.161715	0.000000	0.000000	0.000000	0.000000	0.000000	0.000000	0.000000	0.000000	1660178569.205211	0.000000
178.000000	-288.372466	-219.879938	-188.305833	-367.974366	0.000000	0.000000	0.000000	0.000000	0.000000	0.000000	0.000000	0.000000	1660178569.205211	0.000000
179.000000	-231.058499	-163.658022	-151.273343	-334.483562	0.000000	0.000000	0.000000	0.000000	0.000000	0.000000	0.000000	0.000000	1660178569.209412	0.000000
179.000000	-213.316414	-145.261454	-140.117222	-346.608318	0.000000	0.000000	0.000000	0.000000	0.000000	0.000000	0.000000	0.000000	1660178569.209412	0.000000
180.000000	-281.951058	-212.688110	-185.747741	-362.697368	0.000000	0.000000	0.000000	0.000000	0.000000	0.000000	0.000000	0.000000	1660178569.229525	0.000000
180.000000	-257.522031	-179.705933	-165.526102	-337.591419	0.000000	0.000000	0.000000	0.000000	0.000000	0.000000	0.000000	0.000000	1660178569.229525	0.000000
181.000000	-210.840600	-138.634351	-130.400962	-339.506248	0.000000	0.000000	0.000000	0.000000	0.000000	0.000000	0.000000	0.000000	1660178569.234593	0.000000
181.000000	-273.289449	-190.394567	-171.177091	-365.307818	0.000000	0.000000	0.000000	0.000000	0.000000	0.000000	0.000000	0.000000	1660178569.234593	0.000000
182.000000	-289.382239	-207.867379	-181.970442	-347.711589	0.000000	0.000000	0.000000	0.000000	0.000000	0.000000	0.000000	0.000000	1660178569.238847	0.000000
182.000000	-227.606571	-151.821239	-142.376121	-340.654397	0.000000	0.000000	0.000000	0.000000	0.000000	0.000000	0.000000	0.000000	1660178569.238847	0.000000
183.000000	-244.193028	-170.079430	-156.296029	-354.005840	0.000000	0.000000	0.000000	0.000000	0.000000	0.000000	0.000000	0.000000	1660178569.244216	0.000000
183.000000	-296.304794	-217.336806	-190.946202	-357.614844	0.000000	0.000000	0.000000	0.000000	0.000000	0.000000	0.000000	0.000000	1660178569.244216	0.000000
184.000000	-239.170342	-160.621223	-151.209765	-332.602393	0.000000	0.000000	0.000000	0.000000	0.000000	0.000000	0.000000	0.000000	1660178569.276441	0.000000
184.000000	-226.836152	-151.963355	-146.721885	-351.937675	0.000000	0.000000	0.000000	0.000000	0.000000	0.000000	0.000000	0.000000	1660178569.276441	0.000000
185.000000	-279.478984	-206.150765	-184.431296	-351.814259	0.000000	0.000000	0.000000	0.000000	0.000000	0.000000	0.000000	0.000000	1660178569.282581	0.000000
185.000000	-258.782377	-178.711119	-170.466510	-337.640038	0.000000	0.000000	0.000000	0.000000	0.000000	0.000000	0.000000	0.000000	1660178569.282581	0.000000
186.000000	-210.343193	-139.741362	-133.258245	-340.044794	0.000000	0.000000	0.000000	0.000000	0.000000	0.000000	0.000000	0.000000	1660178569.287077	0.000000
186.000000	-270.248911	-190.723678	-175.118945	-368.935521	0.000000	0.000000	0.000000	0.000000	0.000000	0.000000	0.000000	0.000000	1660178569.287077	0.000000
187.000000	-284.370773	-207.796321	-180.564240	-349.439422	0.000000	0.000000	0.000000	0.000000	0.000000	0.000000	0.000000	0.000000	1660178569.292391	0.000000
187.000000	-220.384825	-146.544240	-137.080423	-330.519268	0.000000	0.000000	0.000000	0.000000	0.000000	0.000000	0.000000	0.000000	1660178569.292391	0.000000
188.000000	-249.728080	-177.701346	-159.085994	-358.733074	0.000000	0.000000	0.000000	0.000000	0.000000	0.000000	0.000000	0.000000	1660178569.297168	0.000000
188.000000	-295.515675	-221.753628	-189.798053	-365.068464	0.000000	0.000000	0.000000	0.000000	0.000000	0.000000	0.000000	0.000000	1660178569.297168	0.000000
189.000000	-227.135344	-158.912089	-150.031697	-337.056614	0.000000	0.000000	0.000000	0.000000	0.000000	0.000000	0.000000	0.000000	1660178569.304178	0.000000
189.000000	-215.021808	-150.553413	-141.134475	-344.083886	0.000000	0.000000	0.000000	0.000000	0.000000	0.000000	0.000000	0.000000	1660178569.304178	0.000000
190.000000	-279.665979	-211.296868	-184.375198	-361.227587	0.000000	0.000000	0.000000	0.000000	0.000000	0.000000	0.000000	0.000000	1660178569.336137	0.000000
190.000000	-251.074444	-181.224332	-167.900939	-337.176290	0.000000	0.000000	0.000000	0.000000	0.000000	0.000000	0.000000	0.000000	1660178569.336137	0.000000
191.000000	-201.468411	-136.495129	-131.444394	-339.394051	0.000000	0.000000	0.000000	0.000000	0.000000	0.000000	0.000000	0.000000	1660178569.339684	0.000000
191.000000	-259.182547	-183.423393	-169.464217	-353.411196	0.000000	0.000000	0.000000	0.000000	0.000000	0.000000	0.000000	0.000000	1660178569.339684	0.000000
192.000000	-275.424932	-201.060762	-185.096999	-346.982308	0.000000	0.000000	0.000000	0.000000	0.000000	0.000000	0.000000	0.000000	1660178569.345329	0.000000
192.000000	-209.494236	-138.623132	-135.767718	-329.056968	0.000000	0.000000	0.000000	0.000000	0.000000	0.000000	0.000000	0.000000	1660178569.345329	0.000000
193.000000	-242.143563	-166.937914	-158.173459	-352.678176	0.000000	0.000000	0.000000	0.000000	0.000000	0.000000	0.000000	0.000000	1660178569.353175	0.000000
193.000000	-290.694944	-216.009142	-191.567025	-351.683362	0.000000	0.000000	0.000000	0.000000	0.000000	0.000000	0.000000	0.000000	1660178569.353175	0.000000
194.000000	-229.285786	-164.211527	-152.885240	-327.882639	0.000000	0.000000	0.000000	0.000000	0.000000	0.000000	0.000000	0.000000	1660178569.357185	0.000000
194.000000	-209.041708	-144.146964	-136.321223	-344.932843	0.000000	0.000000	0.000000	0.000000	0.000000	0.000000	0.000000	0.000000	1660178569.357185	0.000000
195.000000	-283.518076	-209.554074	-187.266141	-358.295505	0.000000	0.000000	0.000000	0.000000	0.000000	0.000000	0.000000	0.000000	1660178569.382066	0.000000
195.000000	-255.289311	-184.653820	-166.584494	-331.798314	0.000000	0.000000	0.000000	0.000000	0.000000	0.000000	0.000000	0.000000	1660178569.382066	0.000000
196.000000	-200.821408	-129.221023	-122.554652	-328.671758	0.000000	0.000000	0.000000	0.000000	0.000000	0.000000	0.000000	0.000000	1660178569.387077	0.000000
196.000000	-263.707826	-188.621854	-169.026648	-353.351358	0.000000	0.000000	0.000000	0.000000	0.000000	0.000000	0.000000	0.000000	1660178569.387077	0.000000
197.000000	-280.567295	-205.690758	-186.951989	-345.890257	0.000000	0.000000	0.000000	0.000000	0.000000	0.000000	0.000000	0.000000	1660178569.392848	0.000000
197.000000	-207.721523	-138.372558	-135.416168	-325.096413	0.000000	0.000000	0.000000	0.000000	0.000000	0.000000	0.000000	0.000000	1660178569.392848	0.000000
198.000000	-231.787780	-164.454621	-153.210612	-343.193789	0.000000	0.000000	0.000000	0.000000	0.000000	0.000000	0.000000	0.000000	1660178569.397160	0.000000
198.000000	-278.738484	-211.008895	-180.571720	-344.162423	0.000000	0.000000	0.000000	0.000000	0.000000	0.000000	0.000000	0.000000	1660178569.397160	0.000000
199.000000	-222.307133	-156.727987	-145.940246	-318.862000	0.000000	0.000000	0.000000	0.000000	0.000000	0.000000	0.000000	0.000000	1660178569.427126	0.000000
199.000000	-211.674598	-145.339992	-140.143401	-337.692397	0.000000	0.000000	0.000000	0.000000	0.000000	0.000000	0.000000	0.000000	1660178569.427126	0.000000
200.000000	-267.212112	-204.475290	-181.244902	-345.849118	0.000000	0.000000	0.000000	0.000000	0.000000	0.000000	0.000000	0.000000	1660178569.431517	0.000000
200.000000	-244.136929	-177.031904	-159.366487	-324.516729	0.000000	0.000000	0.000000	0.000000	0.000000	0.000000	0.000000	0.000000	1660178569.431517	0.000000
0.000000	-197.934205	-132.138145	-129.660462	-323.621023	0.000000	0.000000	0.000000	0.000000	0.000000	0.000000	0.000000	0.000000	1660178569.436437	0.000000
101.000000	-248.572451	-182.211666	-170.369273	-345.940746	0.000000	0.000000	0.000000	0.000000	0.000000	0.000000	0.000000	0.000000	1660178569.442042	0.000000
101.000000	-265.226225	-201.135560	-178.881285	-334.216160	0.000000	0.000000	0.000000	0.000000	0.000000	0.000000	0.000000	0.000000	1660178569.442042	0.000000
102.000000	-202.048095	-138.997122	-132.562624	-324.081031	0.000000	0.000000	0.000000	0.000000	0.000000	0.000000	0.000000	0.000000	1660178569.448179	0.000000
102.000000	-234.858237	-159.136483	-157.814428	-351.655313	0.000000	0.000000	0.000000	0.000000	0.000000	0.000000	0.000000	0.000000	1660178569.448179	0.000000
103.000000	-277.691312	-209.325940	-187.561593	-354.781869	0.000000	0.000000	0.000000	0.000000	0.000000	0.000000	0.000000	0.000000	1660178569.471228	0.000000
103.000000	-221.402077	-152.513120	-154.134367	-334.373235	0.000000	0.000000	0.000000	0.000000	0.000000	0.000000	0.000000	0.000000	1660178569.471228	0.000000
104.000000	-209.815867	-144.696729	-144.470465	-345.682693	0.000000	0.000000	0.000000	0.000000	0.000000	0.000000	0.000000	0.000000	1660178569.476566	0.000000
104.000000	-273.401646	-207.426071	-183.810473	-365.807094	0.000000	0.000000	0.000000	0.000000	0.000000	0.000000	0.000000	0.000000	1660178569.476566	0.000000
105.000000	-243.968634	-180.274398	-166.711650	-343.809003	0.000000	0.000000	0.000000	0.000000	0.000000	0.000000	0.000000	0.000000	1660178569.479431	0.000000
105.000000	-186.957599	-129.752089	-127.835390	-339.672674	0.000000	0.000000	0.000000	0.000000	0.000000	0.000000	0.000000	0.000000	1660178569.479431	0.000000
106.000000	-250.988426	-188.464778	-169.785848	-367.131019	0.000000	0.000000	0.000000	0.000000	0.000000	0.000000	0.000000	0.000000	1660178569.484935	0.000000
106.000000	-258.913274	-200.353920	-177.792974	-347.705979	0.000000	0.000000	0.000000	0.000000	0.000000	0.000000	0.000000	0.000000	1660178569.484935	0.000000
107.000000	-192.948919	-138.406218	-132.061477	-339.279984	0.000000	0.000000	0.000000	0.000000	0.000000	0.000000	0.000000	0.000000	1660178569.489202	0.000000
107.000000	-227.060546	-168.044925	-157.878007	-363.996983	0.000000	0.000000	0.000000	0.000000	0.000000	0.000000	0.000000	0.000000	1660178569.489202	0.000000
108.000000	-280.099807	-217.280708	-192.359884	-367.553628	0.000000	0.000000	0.000000	0.000000	0.000000	0.000000	0.000000	0.000000	1660178569.515217	0.000000
108.000000	-212.661931	-149.682016	-142.353682	-338.565663	0.000000	0.000000	0.000000	0.000000	0.000000	0.000000	0.000000	0.000000	1660178569.515217	0.000000
109.000000	-206.390119	-142.957676	-139.705833	-352.134020	0.000000	0.000000	0.000000	0.000000	0.000000	0.000000	0.000000	0.000000	1660178569.520519	0.000000
109.000000	-269.635567	-204.849280	-184.461216	-368.357706	0.000000	0.000000	0.000000	0.000000	0.000000	0.000000	0.000000	0.000000	1660178569.520519	0.000000
110.000000	-246.291112	-180.887741	-167.650365	-345.050650	0.000000	0.000000	0.000000	0.000000	0.000000	0.000000	0.000000	0.000000	1660178569.523711	0.000000
110.000000	-186.871581	-128.099053	-126.077637	-338.726479	0.000000	0.000000	0.000000	0.000000	0.000000	0.000000	0.000000	0.000000	1660178569.523711	0.000000
111.000000	-249.361569	-187.537283	-170.986356	-362.489803	0.000000	0.000000	0.000000	0.000000	0.000000	0.000000	0.000000	0.000000	1660178569.529854	0.000000
111.000000	-255.891435	-197.414359	-177.389065	-340.368295	0.000000	0.000000	0.000000	0.000000	0.000000	0.000000	0.000000	0.000000	1660178569.529854	0.000000
112.000000	-190.465625	-133.230196	-131.990419	-326.616683	0.000000	0.000000	0.000000	0.000000	0.000000	0.000000	0.000000	0.000000	1660178569.562229	0.000000
112.000000	-218.047387	-161.032612	-153.820215	-351.681492	0.000000	0.000000	0.000000	0.000000	0.000000	0.000000	0.000000	0.000000	1660178569.562229	0.000000
113.000000	-272.343255	-215.810927	-190.957422	-364.086740	0.000000	0.000000	0.000000	0.000000	0.000000	0.000000	0.000000	0.000000	1660178569.566065	0.000000
113.000000	-218.073566	-155.508780	-150.443086	-338.023378	0.000000	0.000000	0.000000	0.000000	0.000000	0.000000	0.000000	0.000000	1660178569.566065	0.000000
114.000000	-203.147626	-148.156137	-139.975106	-348.461438	0.000000	0.000000	0.000000	0.000000	0.000000	0.000000	0.000000	0.000000	1660178569.571561	0.000000
114.000000	-260.805663	-207.953397	-182.112558	-364.011942	0.000000	0.000000	0.000000	0.000000	0.000000	0.000000	0.000000	0.000000	1660178569.571561	0.000000
115.000000	-240.812158	-183.528111	-166.251643	-345.091789	0.000000	0.000000	0.000000	0.000000	0.000000	0.000000	0.000000	0.000000	1660178569.576458	0.000000
115.000000	-183.771204	-132.310181	-127.790512	-339.833489	0.000000	0.000000	0.000000	0.000000	0.000000	0.000000	0.000000	0.000000	1660178569.576458	0.000000
116.000000	-238.695375	-184.706179	-169.494136	-362.841354	0.000000	0.000000	0.000000	0.000000	0.000000	0.000000	0.000000	0.000000	1660178569.581849	0.000000
116.000000	-253.127649	-196.341008	-171.708157	-342.488818	0.000000	0.000000	0.000000	0.000000	0.000000	0.000000	0.000000	0.000000	1660178569.581849	0.000000
117.000000	-188.801369	-136.027641	-130.400962	-330.539838	0.000000	0.000000	0.000000	0.000000	0.000000	0.000000	0.000000	0.000000	1660178569.605225	0.000000
117.000000	-217.291927	-163.392489	-151.774490	-348.106148	0.000000	0.000000	0.000000	0.000000	0.000000	0.000000	0.000000	0.000000	1660178569.605225	0.000000
118.000000	-270.103055	-208.028195	-184.341539	-356.423685	0.000000	0.000000	0.000000	0.000000	0.000000	0.000000	0.000000	0.000000	1660178569.611227	0.000000
118.000000	-203.630073	-144.150704	-139.769411	-325.116983	0.000000	0.000000	0.000000	0.000000	0.000000	0.000000	0.000000	0.000000	1660178569.611227	0.000000
119.000000	-191.965325	-134.527941	-134.765425	-338.154274	0.000000	0.000000	0.000000	0.000000	0.000000	0.000000	0.000000	0.000000	1660178569.615950	0.000000
119.000000	-253.909288	-199.546102	-173.301354	-354.729511	0.000000	0.000000	0.000000	0.000000	0.000000	0.000000	0.000000	0.000000	1660178569.615950	0.000000
120.000000	-226.155490	-172.536545	-153.969811	-330.255605	0.000000	0.000000	0.000000	0.000000	0.000000	0.000000	0.000000	0.000000	1660178569.620036	0.000000
120.000000	-178.288511	-126.184225	-122.330258	-329.335590	0.000000	0.000000	0.000000	0.000000	0.000000	0.000000	0.000000	0.000000	1660178569.620036	0.000000
121.000000	-244.585717	-183.700146	-162.680038	-352.025563	0.000000	0.000000	0.000000	0.000000	0.000000	0.000000	0.000000	0.000000	1660178569.667089	0.000000
121.000000	-252.379669	-191.998984	-172.332720	-340.921800	0.000000	0.000000	0.000000	0.000000	0.000000	0.000000	0.000000	0.000000	1660178569.667089	0.000000
122.000000	-192.391673	-140.040554	-134.529811	-330.446340	0.000000	0.000000	0.000000	0.000000	0.000000	0.000000	0.000000	0.000000	1660178569.671196	0.000000
122.000000	-216.289634	-161.556198	-151.105048	-350.578222	0.000000	0.000000	0.000000	0.000000	0.000000	0.000000	0.000000	0.000000	1660178569.671196	0.000000
123.000000	-274.418899	-211.169711	-186.854752	-359.423085	0.000000	0.000000	0.000000	0.000000	0.000000	0.000000	0.000000	0.000000	1660178569.676571	0.000000
123.000000	-206.397599	-153.246141	-144.567703	-333.666394	0.000000	0.000000	0.000000	0.000000	0.000000	0.000000	0.000000	0.000000	1660178569.676571	0.000000
124.000000	-196.984271	-144.057206	-139.571196	-344.534544	0.000000	0.000000	0.000000	0.000000	0.000000	0.000000	0.000000	0.000000	1660178569.681530	0.000000
124.000000	-250.326464	-196.845894	-182.968995	-356.857514	0.000000	0.000000	0.000000	0.000000	0.000000	0.000000	0.000000	0.000000	1660178569.681530	0.000000
125.000000	-225.979715	-170.565617	-162.590281	-337.537191	0.000000	0.000000	0.000000	0.000000	0.000000	0.000000	0.000000	0.000000	1660178569.697113	0.000000
125.000000	-181.751658	-128.671258	-127.917668	-345.922046	0.000000	0.000000	0.000000	0.000000	0.000000	0.000000	0.000000	0.000000	1660178569.697113	0.000000
126.000000	-236.485094	-186.508811	-166.390019	-363.222824	0.000000	0.000000	0.000000	0.000000	0.000000	0.000000	0.000000	0.000000	1660178569.701844	0.000000
126.000000	-242.431535	-186.864101	-163.626233	-344.523324	0.000000	0.000000	0.000000	0.000000	0.000000	0.000000	0.000000	0.000000	1660178569.701844	0.000000
127.000000	-197.578915	-143.567279	-137.794744	-341.688480	0.000000	0.000000	0.000000	0.000000	0.000000	0.000000	0.000000	0.000000	1660178569.708222	0.000000
127.000000	-217.751935	-157.345071	-146.553590	-359.157552	0.000000	0.000000	0.000000	0.000000	0.000000	0.000000	0.000000	0.000000	1660178569.708222	0.000000
128.000000	-268.913766	-210.380592	-181.327179	-351.943285	0.000000	0.000000	0.000000	0.000000	0.000000	0.000000	0.000000	0.000000	1660178569.713400	0.000000
128.000000	-210.040261	-153.272320	-138.815737	-328.538991	0.000000	0.000000	0.000000	0.000000	0.000000	0.000000	0.000000	0.000000	1660178569.713400	0.000000
129.000000	-193.711858	-145.631704	-129.918515	-345.230165	0.000000	0.000000	0.000000	0.000000	0.000000	0.000000	0.000000	0.000000	1660178569.717054	0.000000
129.000000	-264.702639	-209.984163	-180.979369	-362.291589	0.000000	0.000000	0.000000	0.000000	0.000000	0.000000	0.000000	0.000000	1660178569.717054	0.000000
130.000000	-232.449742	-176.613036	-154.029650	-333.165248	0.000000	0.000000	0.000000	0.000000	0.000000	0.000000	0.000000	0.000000	1660178569.740493	0.000000
130.000000	-184.567803	-131.386425	-121.776752	-337.608249	0.000000	0.000000	0.000000	0.000000	0.000000	0.000000	0.000000	0.000000	1660178569.740493	0.000000
131.000000	-243.160815	-193.173313	-167.111820	-366.917845	0.000000	0.000000	0.000000	0.000000	0.000000	0.000000	0.000000	0.000000	1660178569.746406	0.000000
131.000000	-253.812050	-190.734898	-178.948603	-350.686679	0.000000	0.000000	0.000000	0.000000	0.000000	0.000000	0.000000	0.000000	1660178569.746406	0.000000
132.000000	-194.078368	-136.592366	-131.451874	-333.614036	0.000000	0.000000	0.000000	0.000000	0.000000	0.000000	0.000000	0.000000	1660178569.752189	0.000000
132.000000	-220.788734	-167.431581	-152.395313	-357.998183	0.000000	0.000000	0.000000	0.000000	0.000000	0.000000	0.000000	0.000000	1660178569.752189	0.000000
133.000000	-269.830042	-213.316414	-183.960069	-355.526109	0.000000	0.000000	0.000000	0.000000	0.000000	0.000000	0.000000	0.000000	1660178569.757060	0.000000
133.000000	-204.486510	-153.126464	-145.050150	-334.036644	0.000000	0.000000	0.000000	0.000000	0.000000	0.000000	0.000000	0.000000	1660178569.757060	0.000000
134.000000	-200.155706	-146.933189	-140.925040	-356.322708	0.000000	0.000000	0.000000	0.000000	0.000000	0.000000	0.000000	0.000000	1660178569.761553	0.000000
134.000000	-255.513705	-194.777730	-177.826633	-359.864393	0.000000	0.000000	0.000000	0.000000	0.000000	0.000000	0.000000	0.000000	1660178569.761553	0.000000
135.000000	-233.736267	-177.978099	-165.615860	-346.714905	0.000000	0.000000	0.000000	0.000000	0.000000	0.000000	0.000000	0.000000	1660178569.784728	0.000000
135.000000	-181.441246	-127.096760	-124.364763	-334.653728	0.000000	0.000000	0.000000	0.000000	0.000000	0.000000	0.000000	0.000000	1660178569.784728	0.000000
136.000000	-242.513813	-188.472258	-171.296768	-357.482077	0.000000	0.000000	0.000000	0.000000	0.000000	0.000000	0.000000	0.000000	1660178569.788450	0.000000
136.000000	-251.799984	-190.155213	-172.123286	-340.723585	0.000000	0.000000	0.000000	0.000000	0.000000	0.000000	0.000000	0.000000	1660178569.788450	0.000000
137.000000	-186.452712	-127.769942	-125.206241	-328.404355	0.000000	0.000000	0.000000	0.000000	0.000000	0.000000	0.000000	0.000000	1660178569.794248	0.000000
137.000000	-218.529834	-161.002693	-147.795236	-347.784517	0.000000	0.000000	0.000000	0.000000	0.000000	0.000000	0.000000	0.000000	1660178569.794248	0.000000
138.000000	-269.011004	-211.996229	-181.499215	-347.578822	0.000000	0.000000	0.000000	0.000000	0.000000	0.000000	0.000000	0.000000	1660178569.801080	0.000000
138.000000	-205.144732	-148.215975	-140.416414	-325.588210	0.000000	0.000000	0.000000	0.000000	0.000000	0.000000	0.000000	0.000000	1660178569.801080	0.000000
139.000000	-199.695698	-137.258068	-130.374782	-338.266471	0.000000	0.000000	0.000000	0.000000	0.000000	0.000000	0.000000	0.000000	1660178569.832071	0.000000
139.000000	-265.248664	-208.970650	-177.617199	-351.199045	0.000000	0.000000	0.000000	0.000000	0.000000	0.000000	0.000000	0.000000	1660178569.832071	0.000000
140.000000	-236.683309	-181.800277	-159.071035	-335.880415	0.000000	0.000000	0.000000	0.000000	0.000000	0.000000	0.000000	0.000000	1660178569.838061	0.000000
140.000000	-185.697252	-132.313921	-126.911635	-327.951827	0.000000	0.000000	0.000000	0.000000	0.000000	0.000000	0.000000	0.000000	1660178569.838061	0.000000
141.000000	-243.800338	-191.755890	-165.249349	-349.617068	0.000000	0.000000	0.000000	0.000000	0.000000	0.000000	0.000000	0.000000	1660178569.842857	0.000000
141.000000	-254.189780	-200.892466	-176.727102	-341.419207	0.000000	0.000000	0.000000	0.000000	0.000000	0.000000	0.000000	0.000000	1660178569.842857	0.000000
142.000000	-188.655513	-132.583193	-130.199007	-325.879923	0.000000	0.000000	0.000000	0.000000	0.000000	0.000000	0.000000	0.000000	1660178569.848152	0.000000
142.000000	-217.998768	-161.675875	-148.962085	-348.132327	0.000000	0.000000	0.000000	0.000000	0.000000	0.000000	0.000000	0.000000	1660178569.848152	0.000000
143.000000	-266.366895	-206.666872	-179.561947	-346.318476	0.000000	0.000000	0.000000	0.000000	0.000000	0.000000	0.000000	0.000000	1660178569.854069	0.000000
143.000000	-211.345486	-157.068318	-145.506418	-330.221946	0.000000	0.000000	0.000000	0.000000	0.000000	0.000000	0.000000	0.000000	1660178569.854069	0.000000
144.000000	-202.343547	-147.898084	-140.356575	-343.191919	0.000000	0.000000	0.000000	0.000000	0.000000	0.000000	0.000000	0.000000	1660178569.859063	0.000000
144.000000	-265.596475	-210.477830	-182.015321	-357.362400	0.000000	0.000000	0.000000	0.000000	0.000000	0.000000	0.000000	0.000000	1660178569.859063	0.000000
145.000000	-237.423809	-176.141808	-162.736137	-334.029165	0.000000	0.000000	0.000000	0.000000	0.000000	0.000000	0.000000	0.000000	1660178569.892080	0.000000
145.000000	-186.299376	-127.799861	-125.135183	-329.672181	0.000000	0.000000	0.000000	0.000000	0.000000	0.000000	0.000000	0.000000	1660178569.892080	0.000000
146.000000	-252.559184	-188.109488	-170.679684	-355.578468	0.000000	0.000000	0.000000	0.000000	0.000000	0.000000	0.000000	0.000000	1660178569.896853	0.000000
146.000000	-257.312597	-192.294436	-173.533228	-334.814544	0.000000	0.000000	0.000000	0.000000	0.000000	0.000000	0.000000	0.000000	1660178569.896853	0.000000
147.000000	-196.916952	-139.644124	-136.085610	-329.047618	0.000000	0.000000	0.000000	0.000000	0.000000	0.000000	0.000000	0.000000	1660178569.903178	0.000000
147.000000	-224.906364	-169.107056	-153.262970	-345.563016	0.000000	0.000000	0.000000	0.000000	0.000000	0.000000	0.000000	0.000000	1660178569.903178	0.000000
148.000000	-268.177006	-210.171158	-183.324286	-343.393874	0.000000	0.000000	0.000000	0.000000	0.000000	0.000000	0.000000	0.000000	1660178569.908055	0.000000
148.000000	-208.454544	-156.253020	-144.750958	-331.037245	0.000000	0.000000	0.000000	0.000000	0.000000	0.000000	0.000000	0.000000	1660178569.908055	0.000000
149.000000	-199.482524	-147.583932	-139.638515	-337.331496	0.000000	0.000000	0.000000	0.000000	0.000000	0.000000	0.000000	0.000000	1660178569.913518	0.000000
149.000000	-261.030057	-205.077414	-182.179877	-356.446125	0.000000	0.000000	0.000000	0.000000	0.000000	0.000000	0.000000	0.000000	1660178569.913518	0.000000
150.000000	-225.474828	-173.763232	-156.277329	-327.278645	0.000000	0.000000	0.000000	0.000000	0.000000	0.000000	0.000000	0.000000	1660178569.936487	0.000000
150.000000	-182.286464	-129.609973	-121.541139	-322.487833	0.000000	0.000000	0.000000	0.000000	0.000000	0.000000	0.000000	0.000000	1660178569.936487	0.000000
151.000000	-235.602478	-180.416514	-162.788495	-351.632874	0.000000	0.000000	0.000000	0.000000	0.000000	0.000000	0.000000	0.000000	1660178569.941395	0.000000
151.000000	-253.445540	-196.819715	-173.357453	-338.210373	0.000000	0.000000	0.000000	0.000000	0.000000	0.000000	0.000000	0.000000	1660178569.941395	0.000000
152.000000	-183.707626	-133.245156	-125.688688	-323.796798	0.000000	0.000000	0.000000	0.000000	0.000000	0.000000	0.000000	0.000000	1660178569.946187	0.000000
152.000000	-214.090573	-162.554752	-147.926133	-347.836875	0.000000	0.000000	0.000000	0.000000	0.000000	0.000000	0.000000	0.000000	1660178569.946187	0.000000
153.000000	-265.016791	-208.903332	-186.477022	-352.500530	0.000000	0.000000	0.000000	0.000000	0.000000	0.000000	0.000000	0.000000	1660178569.951067	0.000000
153.000000	-202.485663	-145.115598	-141.179353	-327.906948	0.000000	0.000000	0.000000	0.000000	0.000000	0.000000	0.000000	0.000000	1660178569.951067	0.000000
154.000000	-196.045556	-143.406464	-136.807410	-341.830596	0.000000	0.000000	0.000000	0.000000	0.000000	0.000000	0.000000	0.000000	1660178569.982092	0.000000
154.000000	-262.694313	-202.844694	-179.490889	-354.632273	0.000000	0.000000	0.000000	0.000000	0.000000	0.000000	0.000000	0.000000	1660178569.982092	0.000000
155.000000	-234.312212	-177.944440	-159.280469	-335.637322	0.000000	0.000000	0.000000	0.000000	0.000000	0.000000	0.000000	0.000000	1660178569.987452	0.000000
155.000000	-180.764324	-122.683678	-123.336291	-331.332697	0.000000	0.000000	0.000000	0.000000	0.000000	0.000000	0.000000	0.000000	1660178569.987452	0.000000
156.000000	-243.228134	-188.090788	-166.240423	-358.540469	0.000000	0.000000	0.000000	0.000000	0.000000	0.000000	0.000000	0.000000	1660178569.993073	0.000000
156.000000	-251.455913	-194.687972	-171.274328	-341.209772	0.000000	0.000000	0.000000	0.000000	0.000000	0.000000	0.000000	0.000000	1660178569.993073	0.000000
157.000000	-182.417360	-129.553874	-129.409888	-332.331250	0.000000	0.000000	0.000000	0.000000	0.000000	0.000000	0.000000	0.000000	1660178569.998167	0.000000
157.000000	-211.453943	-163.126956	-152.234498	-355.903839	0.000000	0.000000	0.000000	0.000000	0.000000	0.000000	0.000000	0.000000	1660178569.998167	0.000000
158.000000	-264.586702	-212.534775	-183.286887	-360.328141	0.000000	0.000000	0.000000	0.000000	0.000000	0.000000	0.000000	0.000000	1660178570.002063	0.000000
158.000000	-206.924925	-147.946702	-140.005025	-336.546117	0.000000	0.000000	0.000000	0.000000	0.000000	0.000000	0.000000	0.000000	1660178570.002063	0.000000
159.000000	-198.828041	-146.065533	-139.713313	-346.943039	0.000000	0.000000	0.000000	0.000000	0.000000	0.000000	0.000000	0.000000	1660178570.025712	0.000000
159.000000	-265.349642	-210.537668	-183.391604	-368.226810	0.000000	0.000000	0.000000	0.000000	0.000000	0.000000	0.000000	0.000000	1660178570.025712	0.000000
160.000000	-242.798045	-180.783024	-163.128826	-342.268164	0.000000	0.000000	0.000000	0.000000	0.000000	0.000000	0.000000	0.000000	1660178570.030407	0.000000
160.000000	-196.172712	-133.140438	-125.696168	-339.855929	0.000000	0.000000	0.000000	0.000000	0.000000	0.000000	0.000000	0.000000	1660178570.030407	0.000000
161.000000	-254.343116	-191.385640	-172.620692	-365.092774	0.000000	0.000000	0.000000	0.000000	0.000000	0.000000	0.000000	0.000000	1660178570.035061	0.000000
161.000000	-274.770450	-207.478430	-183.552420	-355.260577	0.000000	0.000000	0.000000	0.000000	0.000000	0.000000	0.000000	0.000000	1660178570.035061	0.000000
162.000000	-216.304594	-139.176637	-135.741539	-337.185640	0.000000	0.000000	0.000000	0.000000	0.000000	0.000000	0.000000	0.000000	1660178570.040181	0.000000
162.000000	-244.978407	-169.899915	-154.347541	-353.813235	0.000000	0.000000	0.000000	0.000000	0.000000	0.000000	0.000000	0.000000	1660178570.040181	0.000000
163.000000	-292.751889	-212.673151	-188.440469	-352.511750	0.000000	0.000000	0.000000	0.000000	0.000000	0.000000	0.000000	0.000000	1660178570.070501	0.000000
163.000000	-228.126417	-156.484894	-148.711512	-332.155475	0.000000	0.000000	0.000000	0.000000	0.000000	0.000000	0.000000	0.000000	1660178570.070501	0.000000
164.000000	-224.640831	-154.154936	-143.266218	-351.902146	0.000000	0.000000	0.000000	0.000000	0.000000	0.000000	0.000000	0.000000	1660178570.076518	0.000000
164.000000	-290.152658	-211.726956	-187.225002	-364.763662	0.000000	0.000000	0.000000	0.000000	0.000000	0.000000	0.000000	0.000000	1660178570.076518	0.000000
165.000000	-259.403201	-180.420254	-169.071527	-339.021931	0.000000	0.000000	0.000000	0.000000	0.000000	0.000000	0.000000	0.000000	1660178570.083084	0.000000
165.000000	-213.006002	-135.208603	-132.484086	-337.099622	0.000000	0.000000	0.000000	0.000000	0.000000	0.000000	0.000000	0.000000	1660178570.083084	0.000000
166.000000	-270.458345	-191.677353	-170.780662	-357.721431	0.000000	0.000000	0.000000	0.000000	0.000000	0.000000	0.000000	0.000000	1660178570.088428	0.000000
166.000000	-277.698791	-206.506056	-182.052720	-345.450819	0.000000	0.000000	0.000000	0.000000	0.000000	0.000000	0.000000	0.000000	1660178570.088428	0.000000
167.000000	-210.526448	-135.182424	-135.393728	-328.800784	0.000000	0.000000	0.000000	0.000000	0.000000	0.000000	0.000000	0.000000	1660178570.095216	0.000000
167.000000	-244.727833	-165.150242	-153.221831	-350.249111	0.000000	0.000000	0.000000	0.000000	0.000000	0.000000	0.000000	0.000000	1660178570.095216	0.000000
168.000000	-299.438830	-213.817560	-190.201962	-355.840261	0.000000	0.000000	0.000000	0.000000	0.000000	0.000000	0.000000	0.000000	1660178570.116219	0.000000
168.000000	-235.258407	-152.314905	-146.807903	-327.177668	0.000000	0.000000	0.000000	0.000000	0.000000	0.000000	0.000000	0.000000	1660178570.116219	0.000000
169.000000	-234.514167	-152.004494	-143.438253	-347.395567	0.000000	0.000000	0.000000	0.000000	0.000000	0.000000	0.000000	0.000000	1660178570.120056	0.000000
169.000000	-288.080754	-206.393859	-183.167210	-358.532989	0.000000	0.000000	0.000000	0.000000	0.000000	0.000000	0.000000	0.000000	1660178570.120056	0.000000
170.000000	-263.296437	-182.544517	-168.024355	-338.206633	0.000000	0.000000	0.000000	0.000000	0.000000	0.000000	0.000000	0.000000	1660178570.126109	0.000000
170.000000	-216.091419	-135.260962	-137.039284	-343.535990	0.000000	0.000000	0.000000	0.000000	0.000000	0.000000	0.000000	0.000000	1660178570.126109	0.000000
171.000000	-275.335175	-196.931912	-175.021708	-355.971158	0.000000	0.000000	0.000000	0.000000	0.000000	0.000000	0.000000	0.000000	1660178570.129821	0.000000
171.000000	-288.798814	-204.262116	-180.538061	-350.215452	0.000000	0.000000	0.000000	0.000000	0.000000	0.000000	0.000000	0.000000	1660178570.129821	0.000000
172.000000	-216.154998	-138.417437	-133.576137	-330.977406	0.000000	0.000000	0.000000	0.000000	0.000000	0.000000	0.000000	0.000000	1660178570.161226	0.000000
172.000000	-249.537345	-170.640415	-158.431512	-357.766310	0.000000	0.000000	0.000000	0.000000	0.000000	0.000000	0.000000	0.000000	1660178570.161226	0.000000
173.000000	-289.225163	-220.900931	-193.377137	-355.858961	0.000000	0.000000	0.000000	0.000000	0.000000	0.000000	0.000000	0.000000	1660178570.167225	0.000000
173.000000	-235.105071	-156.148303	-150.199992	-331.070904	0.000000	0.000000	0.000000	0.000000	0.000000	0.000000	0.000000	0.000000	1660178570.167225	0.000000
174.000000	-220.130511	-151.350011	-137.656368	-340.723585	0.000000	0.000000	0.000000	0.000000	0.000000	0.000000	0.000000	0.000000	1660178570.173092	0.000000
174.000000	-278.544009	-214.442124	-185.672943	-363.263962	0.000000	0.000000	0.000000	0.000000	0.000000	0.000000	0.000000	0.000000	1660178570.173092	0.000000
175.000000	-259.055390	-185.801970	-166.509696	-342.215806	0.000000	0.000000	0.000000	0.000000	0.000000	0.000000	0.000000	0.000000	1660178570.178444	0.000000
175.000000	-207.755182	-133.566787	-130.258846	-339.309903	0.000000	0.000000	0.000000	0.000000	0.000000	0.000000	0.000000	0.000000	1660178570.178444	0.000000
176.000000	-265.446879	-190.764817	-172.934844	-360.051388	0.000000	0.000000	0.000000	0.000000	0.000000	0.000000	0.000000	0.000000	1660178570.184050	0.000000
176.000000	-280.357860	-205.268149	-183.541200	-351.468318	0.000000	0.000000	0.000000	0.000000	0.000000	0.000000	0.000000	0.000000	1660178570.184050	0.000000
177.000000	-212.852666	-140.508041	-131.721146	-327.278645	0.000000	0.000000	0.000000	0.000000	0.000000	0.000000	0.000000	0.000000	1660178570.222462	0.000000
177.000000	-243.901316	-171.395875	-159.437545	-354.553735	0.000000	0.000000	0.000000	0.000000	0.000000	0.000000	0.000000	0.000000	1660178570.222462	0.000000
178.000000	-292.422778	-213.881139	-187.165163	-356.857514	0.000000	0.000000	0.000000	0.000000	0.000000	0.000000	0.000000	0.000000	1660178570.226404	0.000000
178.000000	-228.328372	-155.059992	-147.069696	-327.985486	0.000000	0.000000	0.000000	0.000000	0.000000	0.000000	0.000000	0.000000	1660178570.226404	0.000000
179.000000	-219.217976	-150.706749	-140.031204	-347.264670	0.000000	0.000000	0.000000	0.000000	0.000000	0.000000	0.000000	0.000000	1660178570.229505	0.000000
179.000000	-280.787949	-207.938438	-179.864879	-354.976344	0.000000	0.000000	0.000000	0.000000	0.000000	0.000000	0.000000	0.000000	1660178570.229505	0.000000
180.000000	-256.803970	-183.086802	-162.036775	-335.480246	0.000000	0.000000	0.000000	0.000000	0.000000	0.000000	0.000000	0.000000	1660178570.235421	0.000000
180.000000	-202.403386	-135.661131	-137.080423	-338.412327	0.000000	0.000000	0.000000	0.000000	0.000000	0.000000	0.000000	0.000000	1660178570.235421	0.000000
181.000000	-260.813143	-189.003324	-171.820354	-360.646033	0.000000	0.000000	0.000000	0.000000	0.000000	0.000000	0.000000	0.000000	1660178570.252072	0.000000
181.000000	-271.737391	-200.028549	-179.973336	-346.348395	0.000000	0.000000	0.000000	0.000000	0.000000	0.000000	0.000000	0.000000	1660178570.252072	0.000000
182.000000	-205.956291	-134.363386	-134.241839	-322.959061	0.000000	0.000000	0.000000	0.000000	0.000000	0.000000	0.000000	0.000000	1660178570.255599	0.000000
182.000000	-244.510919	-174.866502	-166.120746	-362.572081	0.000000	0.000000	0.000000	0.000000	0.000000	0.000000	0.000000	0.000000	1660178570.255599	0.000000
183.000000	-288.350026	-221.188903	-194.719761	-359.213651	0.000000	0.000000	0.000000	0.000000	0.000000	0.000000	0.000000	0.000000	1660178570.260465	0.000000
183.000000	-218.017468	-148.444109	-146.501231	-326.874736	0.000000	0.000000	0.000000	0.000000	0.000000	0.000000	0.000000	0.000000	1660178570.260465	0.000000
184.000000	-222.307133	-149.412743	-144.549003	-348.065009	0.000000	0.000000	0.000000	0.000000	0.000000	0.000000	0.000000	0.000000	1660178570.266546	0.000000
184.000000	-274.082308	-199.303009	-185.407410	-355.959938	0.000000	0.000000	0.000000	0.000000	0.000000	0.000000	0.000000	0.000000	1660178570.266546	0.000000
185.000000	-250.184347	-180.278137	-166.378799	-333.217606	0.000000	0.000000	0.000000	0.000000	0.000000	0.000000	0.000000	0.000000	1660178570.270779	0.000000
185.000000	-197.421839	-128.095313	-133.553697	-331.631889	0.000000	0.000000	0.000000	0.000000	0.000000	0.000000	0.000000	0.000000	1660178570.270779	0.000000
186.000000	-254.025225	-188.692912	-168.207610	-356.823855	0.000000	0.000000	0.000000	0.000000	0.000000	0.000000	0.000000	0.000000	1660178570.294899	0.000000
186.000000	-269.459792	-200.694251	-180.923270	-340.951719	0.000000	0.000000	0.000000	0.000000	0.000000	0.000000	0.000000	0.000000	1660178570.294899	0.000000
187.000000	-198.727064	-126.543255	-129.346310	-319.727787	0.000000	0.000000	0.000000	0.000000	0.000000	0.000000	0.000000	0.000000	1660178570.300176	0.000000
187.000000	-235.557599	-167.756952	-158.854121	-351.995644	0.000000	0.000000	0.000000	0.000000	0.000000	0.000000	0.000000	0.000000	1660178570.300176	0.000000
188.000000	-283.921985	-218.200723	-193.968041	-361.607187	0.000000	0.000000	0.000000	0.000000	0.000000	0.000000	0.000000	0.000000	1660178570.304440	0.000000
188.000000	-217.561200	-148.560046	-143.213859	-324.069811	0.000000	0.000000	0.000000	0.000000	0.000000	0.000000	0.000000	0.000000	1660178570.304440	0.000000
189.000000	-220.096852	-151.462208	-149.710065	-347.369388	0.000000	0.000000	0.000000	0.000000	0.000000	0.000000	0.000000	0.000000	1660178570.309519	0.000000
189.000000	-279.015236	-206.147025	-187.670050	-357.844847	0.000000	0.000000	0.000000	0.000000	0.000000	0.000000	0.000000	0.000000	1660178570.309519	0.000000
190.000000	-249.342870	-180.958799	-170.343093	-337.899961	0.000000	0.000000	0.000000	0.000000	0.000000	0.000000	0.000000	0.000000	1660178570.340473	0.000000
190.000000	-197.967864	-135.436737	-135.064617	-342.881508	0.000000	0.000000	0.000000	0.000000	0.000000	0.000000	0.000000	0.000000	1660178570.340473	0.000000
191.000000	-259.971666	-192.705825	-174.958130	-365.642539	0.000000	0.000000	0.000000	0.000000	0.000000	0.000000	0.000000	0.000000	1660178570.344433	0.000000
191.000000	-269.579469	-197.317122	-180.672697	-344.182993	0.000000	0.000000	0.000000	0.000000	0.000000	0.000000	0.000000	0.000000	1660178570.344433	0.000000
192.000000	-204.258376	-135.294621	-137.013105	-329.477706	0.000000	0.000000	0.000000	0.000000	0.000000	0.000000	0.000000	0.000000	1660178570.349171	0.000000
192.000000	-235.722154	-171.141562	-160.249103	-355.174559	0.000000	0.000000	0.000000	0.000000	0.000000	0.000000	0.000000	0.000000	1660178570.349171	0.000000
193.000000	-280.686971	-213.271535	-188.444209	-353.151273	0.000000	0.000000	0.000000	0.000000	0.000000	0.000000	0.000000	0.000000	1660178570.353444	0.000000
193.000000	-219.685463	-156.324078	-145.820569	-332.611742	0.000000	0.000000	0.000000	0.000000	0.000000	0.000000	0.000000	0.000000	1660178570.353444	0.000000
194.000000	-212.183224	-151.282693	-142.652874	-337.204340	0.000000	0.000000	0.000000	0.000000	0.000000	0.000000	0.000000	0.000000	1660178570.358186	0.000000
194.000000	-271.958045	-207.265256	-181.626371	-358.701285	0.000000	0.000000	0.000000	0.000000	0.000000	0.000000	0.000000	0.000000	1660178570.358186	0.000000
195.000000	-239.129203	-175.565864	-161.270096	-333.890788	0.000000	0.000000	0.000000	0.000000	0.000000	0.000000	0.000000	0.000000	1660178570.385548	0.000000
195.000000	-191.437999	-132.523355	-130.479500	-331.317737	0.000000	0.000000	0.000000	0.000000	0.000000	0.000000	0.000000	0.000000	1660178570.385548	0.000000
196.000000	-250.876229	-185.274644	-169.696091	-354.781869	0.000000	0.000000	0.000000	0.000000	0.000000	0.000000	0.000000	0.000000	1660178570.389449	0.000000
196.000000	-260.184840	-196.273690	-177.235729	-338.812497	0.000000	0.000000	0.000000	0.000000	0.000000	0.000000	0.000000	0.000000	1660178570.389449	0.000000
197.000000	-199.351627	-140.306087	-134.627049	-319.772666	0.000000	0.000000	0.000000	0.000000	0.000000	0.000000	0.000000	0.000000	1660178570.395203	0.000000
197.000000	-237.176975	-169.234213	-154.796329	-345.697652	0.000000	0.000000	0.000000	0.000000	0.000000	0.000000	0.000000	0.000000	1660178570.395203	0.000000
198.000000	-282.781315	-214.812374	-185.478468	-342.683293	0.000000	0.000000	0.000000	0.000000	0.000000	0.000000	0.000000	0.000000	1660178570.399402	0.000000
198.000000	-215.272381	-154.981454	-143.213859	-320.673982	0.000000	0.000000	0.000000	0.000000	0.000000	0.000000	0.000000	0.000000	1660178570.399402	0.000000
199.000000	-212.620792	-145.152997	-139.384201	-334.410634	0.000000	0.000000	0.000000	0.000000	0.000000	0.000000	0.000000	0.000000	1660178570.418084	0.000000
199.000000	-271.251204	-204.602447	-183.425263	-352.006864	0.000000	0.000000	0.000000	0.000000	0.000000	0.000000	0.000000	0.000000	1660178570.418084	0.000000
200.000000	-243.108457	-177.798584	-162.478084	-327.278645	0.000000	0.000000	0.000000	0.000000	0.000000	0.000000	0.000000	0.000000	1660178570.421944	0.000000
200.000000	-193.102254	-136.940177	-130.285025	-335.390488	0.000000	0.000000	0.000000	0.000000	0.000000	0.000000	0.000000	0.000000	1660178570.421944	0.000000
0.000000	-251.998199	-193.865194	-173.093790	-359.187472	0.000000	0.000000	0.000000	0.000000	0.000000	0.000000	0.000000	0.000000	1660178570.447059	0.000000
101.000000	-253.924247	-192.548749	-172.420608	-340.536590	0.000000	0.000000	0.000000	0.000000	0.000000	0.000000	0.000000	0.000000	1660178570.452215	0.000000
101.000000	-198.779423	-141.256021	-137.647018	-327.458160	0.000000	0.000000	0.000000	0.000000	0.000000	0.000000	0.000000	0.000000	1660178570.452215	0.000000
102.000000	-229.958968	-163.418668	-152.924509	-345.592935	0.000000	0.000000	0.000000	0.000000	0.000000	0.000000	0.000000	0.000000	1660178570.457392	0.000000
102.000000	-280.750550	-212.725509	-188.191766	-345.993105	0.000000	0.000000	0.000000	0.000000	0.000000	0.000000	0.000000	0.000000	1660178570.457392	0.000000
103.000000	-210.047741	-148.425410	-140.279907	-316.926602	0.000000	0.000000	0.000000	0.000000	0.000000	0.000000	0.000000	0.000000	1660178570.463063	0.000000
103.000000	-210.223516	-147.763447	-136.846679	-333.786071	0.000000	0.000000	0.000000	0.000000	0.000000	0.000000	0.000000	0.000000	1660178570.463063	0.000000
104.000000	-270.645340	-209.539115	-184.317229	-353.506564	0.000000	0.000000	0.000000	0.000000	0.000000	0.000000	0.000000	0.000000	1660178570.490438	0.000000
104.000000	-232.763893	-171.021885	-156.671889	-319.144363	0.000000	0.000000	0.000000	0.000000	0.000000	0.000000	0.000000	0.000000	1660178570.490438	0.000000
105.000000	-190.308549	-132.863686	-124.366633	-323.931435	0.000000	0.000000	0.000000	0.000000	0.000000	0.000000	0.000000	0.000000	1660178570.493967	0.000000
105.000000	-248.774405	-186.916460	-163.029719	-341.853035	0.000000	0.000000	0.000000	0.000000	0.000000	0.000000	0.000000	0.000000	1660178570.493967	0.000000
106.000000	-251.186641	-191.307102	-167.214667	-328.920461	0.000000	0.000000	0.000000	0.000000	0.000000	0.000000	0.000000	0.000000	1660178570.500193	0.000000
106.000000	-198.962678	-139.217776	-132.025948	-326.250173	0.000000	0.000000	0.000000	0.000000	0.000000	0.000000	0.000000	0.000000	1660178570.500193	0.000000
107.000000	-220.134251	-162.087264	-146.641477	-343.588349	0.000000	0.000000	0.000000	0.000000	0.000000	0.000000	0.000000	0.000000	1660178570.506186	0.000000
107.000000	-267.320569	-207.437291	-186.602308	-345.899607	0.000000	0.000000	0.000000	0.000000	0.000000	0.000000	0.000000	0.000000	1660178570.506186	0.000000
108.000000	-202.399646	-152.550519	-142.609865	-317.424009	0.000000	0.000000	0.000000	0.000000	0.000000	0.000000	0.000000	0.000000	1660178570.512116	0.000000
108.000000	-199.224471	-145.942116	-135.216083	-336.018791	0.000000	0.000000	0.000000	0.000000	0.000000	0.000000	0.000000	0.000000	1660178570.512116	0.000000
109.000000	-261.475105	-203.274782	-180.427733	-348.057529	0.000000	0.000000	0.000000	0.000000	0.000000	0.000000	0.000000	0.000000	1660178570.535456	0.000000
109.000000	-235.393043	-177.245079	-158.897129	-321.683755	0.000000	0.000000	0.000000	0.000000	0.000000	0.000000	0.000000	0.000000	1660178570.535456	0.000000
110.000000	-187.398907	-132.545794	-127.601647	-325.719107	0.000000	0.000000	0.000000	0.000000	0.000000	0.000000	0.000000	0.000000	1660178570.539931	0.000000
110.000000	-244.286525	-189.496991	-167.861670	-355.952458	0.000000	0.000000	0.000000	0.000000	0.000000	0.000000	0.000000	0.000000	1660178570.539931	0.000000
111.000000	-252.001939	-198.098761	-175.711720	-335.943993	0.000000	0.000000	0.000000	0.000000	0.000000	0.000000	0.000000	0.000000	1660178570.545210	0.000000
111.000000	-194.695452	-134.550381	-130.111119	-321.623916	0.000000	0.000000	0.000000	0.000000	0.000000	0.000000	0.000000	0.000000	1660178570.545210	0.000000
112.000000	-215.889465	-159.753567	-150.183163	-342.556136	0.000000	0.000000	0.000000	0.000000	0.000000	0.000000	0.000000	0.000000	1660178570.551539	0.000000
112.000000	-269.007264	-208.334867	-187.021177	-347.724678	0.000000	0.000000	0.000000	0.000000	0.000000	0.000000	0.000000	0.000000	1660178570.551539	0.000000
113.000000	-210.260915	-152.718815	-145.792520	-332.200353	0.000000	0.000000	0.000000	0.000000	0.000000	0.000000	0.000000	0.000000	1660178570.556058	0.000000
113.000000	-205.578561	-147.583932	-137.056114	-340.244878	0.000000	0.000000	0.000000	0.000000	0.000000	0.000000	0.000000	0.000000	1660178570.556058	0.000000
114.000000	-261.935113	-203.465517	-178.352089	-349.063562	0.000000	0.000000	0.000000	0.000000	0.000000	0.000000	0.000000	0.000000	1660178570.581479	0.000000
114.000000	-233.369757	-171.934421	-161.758153	-329.021439	0.000000	0.000000	0.000000	0.000000	0.000000	0.000000	0.000000	0.000000	1660178570.581479	0.000000
115.000000	-186.318076	-128.933051	-125.896252	-329.129896	0.000000	0.000000	0.000000	0.000000	0.000000	0.000000	0.000000	0.000000	1660178570.586874	0.000000
115.000000	-245.528172	-190.244971	-167.050111	-353.297129	0.000000	0.000000	0.000000	0.000000	0.000000	0.000000	0.000000	0.000000	1660178570.586874	0.000000
116.000000	-249.739299	-195.129280	-171.844663	-331.665548	0.000000	0.000000	0.000000	0.000000	0.000000	0.000000	0.000000	0.000000	1660178570.593211	0.000000
116.000000	-187.054836	-130.997476	-126.416098	-322.020346	0.000000	0.000000	0.000000	0.000000	0.000000	0.000000	0.000000	0.000000	1660178570.593211	0.000000
117.000000	-218.324140	-164.551858	-146.985548	-347.500284	0.000000	0.000000	0.000000	0.000000	0.000000	0.000000	0.000000	0.000000	1660178570.598068	0.000000
117.000000	-263.849942	-206.326541	-181.901254	-343.367695	0.000000	0.000000	0.000000	0.000000	0.000000	0.000000	0.000000	0.000000	1660178570.598068	0.000000
118.000000	-201.819961	-139.711443	-138.391258	-322.899222	0.000000	0.000000	0.000000	0.000000	0.000000	0.000000	0.000000	0.000000	1660178570.624611	0.000000
118.000000	-201.509550	-141.259761	-134.913151	-332.443447	0.000000	0.000000	0.000000	0.000000	0.000000	0.000000	0.000000	0.000000	1660178570.624611	0.000000
119.000000	-265.110288	-208.170311	-185.480338	-358.461931	0.000000	0.000000	0.000000	0.000000	0.000000	0.000000	0.000000	0.000000	1660178570.628511	0.000000
119.000000	-237.569665	-176.467179	-161.832951	-336.377822	0.000000	0.000000	0.000000	0.000000	0.000000	0.000000	0.000000	0.000000	1660178570.628511	0.000000
120.000000	-187.582162	-131.928711	-129.774528	-332.776298	0.000000	0.000000	0.000000	0.000000	0.000000	0.000000	0.000000	0.000000	1660178570.641450	0.000000
120.000000	-241.268426	-186.202139	-166.062778	-352.470611	0.000000	0.000000	0.000000	0.000000	0.000000	0.000000	0.000000	0.000000	1660178570.641450	0.000000
121.000000	-253.445540	-189.526910	-169.039738	-336.273105	0.000000	0.000000	0.000000	0.000000	0.000000	0.000000	0.000000	0.000000	1660178570.646169	0.000000
121.000000	-182.727772	-130.062501	-131.472443	-328.127602	0.000000	0.000000	0.000000	0.000000	0.000000	0.000000	0.000000	0.000000	1660178570.646169	0.000000
122.000000	-224.999861	-171.182701	-159.360877	-355.253097	0.000000	0.000000	0.000000	0.000000	0.000000	0.000000	0.000000	0.000000	1660178570.653079	0.000000
122.000000	-270.750057	-210.575067	-183.999338	-347.025317	0.000000	0.000000	0.000000	0.000000	0.000000	0.000000	0.000000	0.000000	1660178570.653079	0.000000
123.000000	-207.007202	-149.061193	-140.380885	-326.123016	0.000000	0.000000	0.000000	0.000000	0.000000	0.000000	0.000000	0.000000	1660178570.670615	0.000000
123.000000	-207.388672	-148.997614	-144.494775	-344.773897	0.000000	0.000000	0.000000	0.000000	0.000000	0.000000	0.000000	0.000000	1660178570.670615	0.000000
124.000000	-267.129834	-204.961477	-185.068949	-355.096021	0.000000	0.000000	0.000000	0.000000	0.000000	0.000000	0.000000	0.000000	1660178570.675540	0.000000
124.000000	-234.319692	-176.560677	-159.753567	-334.481692	0.000000	0.000000	0.000000	0.000000	0.000000	0.000000	0.000000	0.000000	1660178570.675540	0.000000
125.000000	-189.040723	-131.700577	-128.869473	-337.357676	0.000000	0.000000	0.000000	0.000000	0.000000	0.000000	0.000000	0.000000	1660178570.681101	0.000000
125.000000	-248.329357	-192.279476	-171.287418	-359.273489	0.000000	0.000000	0.000000	0.000000	0.000000	0.000000	0.000000	0.000000	1660178570.681101	0.000000
126.000000	-251.411035	-198.442832	-173.217206	-338.909734	0.000000	0.000000	0.000000	0.000000	0.000000	0.000000	0.000000	0.000000	1660178570.687077	0.000000
126.000000	-189.040723	-131.345286	-129.624932	-330.083570	0.000000	0.000000	0.000000	0.000000	0.000000	0.000000	0.000000	0.000000	1660178570.687077	0.000000
127.000000	-226.462162	-170.281385	-151.787580	-350.353828	0.000000	0.000000	0.000000	0.000000	0.000000	0.000000	0.000000	0.000000	1660178570.716105	0.000000
127.000000	-277.014390	-208.753736	-183.730065	-349.190719	0.000000	0.000000	0.000000	0.000000	0.000000	0.000000	0.000000	0.000000	1660178570.716105	0.000000
128.000000	-206.569634	-151.282693	-135.706010	-317.551165	0.000000	0.000000	0.000000	0.000000	0.000000	0.000000	0.000000	0.000000	1660178570.720569	0.000000
128.000000	-201.887279	-143.997368	-136.390411	-341.565063	0.000000	0.000000	0.000000	0.000000	0.000000	0.000000	0.000000	0.000000	1660178570.720569	0.000000
129.000000	-264.833536	-209.004309	-179.174867	-353.641200	0.000000	0.000000	0.000000	0.000000	0.000000	0.000000	0.000000	0.000000	1660178570.723610	0.000000
129.000000	-233.201462	-174.773005	-155.639677	-327.005632	0.000000	0.000000	0.000000	0.000000	0.000000	0.000000	0.000000	0.000000	1660178570.723610	0.000000
130.000000	-185.783270	-127.556768	-127.766202	-328.486633	0.000000	0.000000	0.000000	0.000000	0.000000	0.000000	0.000000	0.000000	1660178570.728088	0.000000
130.000000	-253.924247	-187.604601	-168.613390	-354.852927	0.000000	0.000000	0.000000	0.000000	0.000000	0.000000	0.000000	0.000000	1660178570.728088	0.000000
131.000000	-257.207880	-195.368634	-173.381762	-331.538391	0.000000	0.000000	0.000000	0.000000	0.000000	0.000000	0.000000	0.000000	1660178570.732220	0.000000
131.000000	-193.951212	-127.122939	-123.177345	-317.842878	0.000000	0.000000	0.000000	0.000000	0.000000	0.000000	0.000000	0.000000	1660178570.732220	0.000000
132.000000	-225.332712	-160.030319	-148.732081	-338.315090	0.000000	0.000000	0.000000	0.000000	0.000000	0.000000	0.000000	0.000000	1660178570.776313	0.000000
132.000000	-279.209711	-210.601246	-191.662393	-354.505117	0.000000	0.000000	0.000000	0.000000	0.000000	0.000000	0.000000	0.000000	1660178570.776313	0.000000
133.000000	-212.108426	-150.115844	-141.914244	-329.941454	0.000000	0.000000	0.000000	0.000000	0.000000	0.000000	0.000000	0.000000	1660178570.781567	0.000000
133.000000	-209.804648	-150.056006	-142.086279	-347.331989	0.000000	0.000000	0.000000	0.000000	0.000000	0.000000	0.000000	0.000000	1660178570.781567	0.000000
134.000000	-270.095575	-211.637199	-184.706179	-356.251650	0.000000	0.000000	0.000000	0.000000	0.000000	0.000000	0.000000	0.000000	1660178570.785848	0.000000
134.000000	-234.132697	-170.685294	-156.114644	-334.448033	0.000000	0.000000	0.000000	0.000000	0.000000	0.000000	0.000000	0.000000	1660178570.785848	0.000000
135.000000	-188.543316	-124.347934	-127.818561	-334.122662	0.000000	0.000000	0.000000	0.000000	0.000000	0.000000	0.000000	0.000000	1660178570.792046	0.000000
135.000000	-245.131743	-193.689419	-167.397922	-358.424532	0.000000	0.000000	0.000000	0.000000	0.000000	0.000000	0.000000	0.000000	1660178570.792046	0.000000
136.000000	-250.397522	-194.968464	-171.620269	-342.428980	0.000000	0.000000	0.000000	0.000000	0.000000	0.000000	0.000000	0.000000	1660178570.806210	0.000000
136.000000	-185.566356	-133.465810	-125.810235	-321.291065	0.000000	0.000000	0.000000	0.000000	0.000000	0.000000	0.000000	0.000000	1660178570.806210	0.000000
137.000000	-222.385671	-162.049865	-153.018007	-357.497037	0.000000	0.000000	0.000000	0.000000	0.000000	0.000000	0.000000	0.000000	1660178570.811100	0.000000
137.000000	-271.120307	-213.436090	-187.114675	-358.559168	0.000000	0.000000	0.000000	0.000000	0.000000	0.000000	0.000000	0.000000	1660178570.811100	0.000000
138.000000	-205.735636	-147.789627	-140.594059	-328.045325	0.000000	0.000000	0.000000	0.000000	0.000000	0.000000	0.000000	0.000000	1660178570.817085	0.000000
138.000000	-198.356814	-141.865625	-132.463517	-346.670026	0.000000	0.000000	0.000000	0.000000	0.000000	0.000000	0.000000	0.000000	1660178570.817085	0.000000
139.000000	-257.099422	-203.704871	-179.810650	-356.962231	0.000000	0.000000	0.000000	0.000000	0.000000	0.000000	0.000000	0.000000	1660178570.820196	0.000000
139.000000	-225.426210	-172.914274	-153.268580	-330.936267	0.000000	0.000000	0.000000	0.000000	0.000000	0.000000	0.000000	0.000000	1660178570.820196	0.000000
140.000000	-180.655867	-132.325140	-131.079754	-336.112289	0.000000	0.000000	0.000000	0.000000	0.000000	0.000000	0.000000	0.000000	1660178570.823871	0.000000
140.000000	-245.988180	-184.436906	-166.541485	-357.635413	0.000000	0.000000	0.000000	0.000000	0.000000	0.000000	0.000000	0.000000	1660178570.823871	0.000000
141.000000	-243.373990	-193.569742	-168.493713	-340.588949	0.000000	0.000000	0.000000	0.000000	0.000000	0.000000	0.000000	0.000000	1660178570.851246	0.000000
141.000000	-188.520877	-130.286895	-124.576068	-331.400015	0.000000	0.000000	0.000000	0.000000	0.000000	0.000000	0.000000	0.000000	1660178570.851246	0.000000
142.000000	-221.499315	-166.436768	-153.739807	-358.039322	0.000000	0.000000	0.000000	0.000000	0.000000	0.000000	0.000000	0.000000	1660178570.856178	0.000000
142.000000	-275.492250	-211.031335	-185.757091	-353.525263	0.000000	0.000000	0.000000	0.000000	0.000000	0.000000	0.000000	0.000000	1660178570.856178	0.000000
143.000000	-202.197691	-143.103532	-137.725556	-329.006479	0.000000	0.000000	0.000000	0.000000	0.000000	0.000000	0.000000	0.000000	1660178570.863081	0.000000
143.000000	-206.722970	-142.714582	-142.680923	-350.323909	0.000000	0.000000	0.000000	0.000000	0.000000	0.000000	0.000000	0.000000	1660178570.863081	0.000000
144.000000	-272.975298	-216.162478	-185.439199	-364.905779	0.000000	0.000000	0.000000	0.000000	0.000000	0.000000	0.000000	0.000000	1660178570.868187	0.000000
144.000000	-238.519599	-176.725233	-162.786625	-341.127495	0.000000	0.000000	0.000000	0.000000	0.000000	0.000000	0.000000	0.000000	1660178570.868187	0.000000
145.000000	-196.486864	-134.052974	-133.028241	-345.495698	0.000000	0.000000	0.000000	0.000000	0.000000	0.000000	0.000000	0.000000	1660178570.897445	0.000000
145.000000	-257.940900	-190.858314	-172.775898	-368.368926	0.000000	0.000000	0.000000	0.000000	0.000000	0.000000	0.000000	0.000000	1660178570.897445	0.000000
146.000000	-268.820269	-198.771943	-179.900408	-349.097221	0.000000	0.000000	0.000000	0.000000	0.000000	0.000000	0.000000	0.000000	1660178570.903271	0.000000
146.000000	-207.815021	-137.953690	-132.254082	-335.985132	0.000000	0.000000	0.000000	0.000000	0.000000	0.000000	0.000000	0.000000	1660178570.903271	0.000000
147.000000	-242.734467	-168.467533	-157.610604	-358.005663	0.000000	0.000000	0.000000	0.000000	0.000000	0.000000	0.000000	0.000000	1660178570.908078	0.000000
147.000000	-288.832474	-218.312920	-188.820069	-352.096621	0.000000	0.000000	0.000000	0.000000	0.000000	0.000000	0.000000	0.000000	1660178570.908078	0.000000
148.000000	-223.470242	-148.881677	-144.857545	-327.192627	0.000000	0.000000	0.000000	0.000000	0.000000	0.000000	0.000000	0.000000	1660178570.913530	0.000000
148.000000	-218.290481	-146.162770	-138.178084	-340.282277	0.000000	0.000000	0.000000	0.000000	0.000000	0.000000	0.000000	0.000000	1660178570.913530	0.000000
149.000000	-288.222870	-206.726710	-184.059176	-351.322462	0.000000	0.000000	0.000000	0.000000	0.000000	0.000000	0.000000	0.000000	1660178570.918055	0.000000
149.000000	-250.296544	-171.339777	-151.256514	-324.219407	0.000000	0.000000	0.000000	0.000000	0.000000	0.000000	0.000000	0.000000	1660178570.918055	0.000000
150.000000	-205.918892	-129.628672	-129.688511	-322.506533	0.000000	0.000000	0.000000	0.000000	0.000000	0.000000	0.000000	0.000000	1660178570.943111	0.000000
150.000000	-273.985071	-194.893666	-173.437860	-350.181792	0.000000	0.000000	0.000000	0.000000	0.000000	0.000000	0.000000	0.000000	1660178570.943111	0.000000
151.000000	-274.639553	-195.671566	-173.654775	-326.986933	0.000000	0.000000	0.000000	0.000000	0.000000	0.000000	0.000000	0.000000	1660178570.948228	0.000000
151.000000	-211.554921	-137.639538	-137.336606	-318.639476	0.000000	0.000000	0.000000	0.000000	0.000000	0.000000	0.000000	0.000000	1660178570.948228	0.000000
152.000000	-244.851250	-173.916568	-158.190288	-343.296637	0.000000	0.000000	0.000000	0.000000	0.000000	0.000000	0.000000	0.000000	1660178570.953070	0.000000
152.000000	-291.020315	-212.912504	-187.361508	-340.903101	0.000000	0.000000	0.000000	0.000000	0.000000	0.000000	0.000000	0.000000	1660178570.953070	0.000000
153.000000	-228.773420	-150.890004	-149.412743	-319.320138	0.000000	0.000000	0.000000	0.000000	0.000000	0.000000	0.000000	0.000000	1660178570.957543	0.000000
153.000000	-229.035213	-153.642570	-145.762601	-341.153674	0.000000	0.000000	0.000000	0.000000	0.000000	0.000000	0.000000	0.000000	1660178570.957543	0.000000
154.000000	-290.291035	-210.612466	-182.847449	-348.102408	0.000000	0.000000	0.000000	0.000000	0.000000	0.000000	0.000000	0.000000	1660178570.970450	0.000000
154.000000	-251.093143	-174.260638	-161.844171	-326.624163	0.000000	0.000000	0.000000	0.000000	0.000000	0.000000	0.000000	0.000000	1660178570.970450	0.000000
155.000000	-206.951104	-130.488849	-127.164078	-322.742146	0.000000	0.000000	0.000000	0.000000	0.000000	0.000000	0.000000	0.000000	1660178571.000885	0.000000
155.000000	-268.708072	-194.759030	-173.161108	-347.960292	0.000000	0.000000	0.000000	0.000000	0.000000	0.000000	0.000000	0.000000	1660178571.000885	0.000000
156.000000	-270.854774	-200.196845	-172.659961	-325.621869	0.000000	0.000000	0.000000	0.000000	0.000000	0.000000	0.000000	0.000000	1660178571.007189	0.000000
156.000000	-211.625979	-143.604678	-131.255529	-315.718614	0.000000	0.000000	0.000000	0.000000	0.000000	0.000000	0.000000	0.000000	1660178571.007189	0.000000
157.000000	-244.065871	-168.736806	-151.585625	-341.572543	0.000000	0.000000	0.000000	0.000000	0.000000	0.000000	0.000000	0.000000	1660178571.012319	0.000000
157.000000	-287.990996	-211.928911	-183.026964	-337.159461	0.000000	0.000000	0.000000	0.000000	0.000000	0.000000	0.000000	0.000000	1660178571.012319	0.000000
158.000000	-226.821192	-152.479461	-145.325032	-316.126263	0.000000	0.000000	0.000000	0.000000	0.000000	0.000000	0.000000	0.000000	1660178571.020034	0.000000
158.000000	-224.906364	-150.115844	-143.582239	-333.195167	0.000000	0.000000	0.000000	0.000000	0.000000	0.000000	0.000000	0.000000	1660178571.020034	0.000000
159.000000	-289.539315	-215.433197	-187.021177	-351.961985	0.000000	0.000000	0.000000	0.000000	0.000000	0.000000	0.000000	0.000000	1660178571.023650	0.000000
159.000000	-251.403555	-181.287910	-162.558491	-324.455021	0.000000	0.000000	0.000000	0.000000	0.000000	0.000000	0.000000	0.000000	1660178571.023650	0.000000
160.000000	-210.836860	-132.863686	-131.472443	-328.669888	0.000000	0.000000	0.000000	0.000000	0.000000	0.000000	0.000000	0.000000	1660178571.045804	0.000000
160.000000	-270.720138	-191.916706	-169.424948	-348.738191	0.000000	0.000000	0.000000	0.000000	0.000000	0.000000	0.000000	0.000000	1660178571.045804	0.000000
161.000000	-278.992797	-201.120600	-179.287064	-335.899115	0.000000	0.000000	0.000000	0.000000	0.000000	0.000000	0.000000	0.000000	1660178571.052081	0.000000
161.000000	-212.448757	-136.080000	-125.252989	-315.920569	0.000000	0.000000	0.000000	0.000000	0.000000	0.000000	0.000000	0.000000	1660178571.052081	0.000000
162.000000	-247.615036	-165.326017	-153.092805	-345.525617	0.000000	0.000000	0.000000	0.000000	0.000000	0.000000	0.000000	0.000000	1660178571.058061	0.000000
162.000000	-285.724617	-208.491943	-181.542224	-335.839276	0.000000	0.000000	0.000000	0.000000	0.000000	0.000000	0.000000	0.000000	1660178571.058061	0.000000
163.000000	-220.616698	-148.773220	-138.855006	-319.136883	0.000000	0.000000	0.000000	0.000000	0.000000	0.000000	0.000000	0.000000	1660178571.064060	0.000000
163.000000	-224.457576	-149.431443	-138.664271	-334.904301	0.000000	0.000000	0.000000	0.000000	0.000000	0.000000	0.000000	0.000000	1660178571.064060	0.000000
164.000000	-282.081954	-210.530188	-187.615821	-354.202185	0.000000	0.000000	0.000000	0.000000	0.000000	0.000000	0.000000	0.000000	1660178571.068064	0.000000
164.000000	-247.349503	-174.462593	-157.079538	-323.822978	0.000000	0.000000	0.000000	0.000000	0.000000	0.000000	0.000000	0.000000	1660178571.068064	0.000000
165.000000	-205.414005	-132.568234	-128.738576	-327.899469	0.000000	0.000000	0.000000	0.000000	0.000000	0.000000	0.000000	0.000000	1660178571.089835	0.000000
165.000000	-265.551596	-194.444878	-175.124555	-352.104101	0.000000	0.000000	0.000000	0.000000	0.000000	0.000000	0.000000	0.000000	1660178571.089835	0.000000
166.000000	-265.286063	-191.437999	-174.245679	-332.421008	0.000000	0.000000	0.000000	0.000000	0.000000	0.000000	0.000000	0.000000	1660178571.094181	0.000000
166.000000	-202.014436	-130.069981	-133.084340	-323.523786	0.000000	0.000000	0.000000	0.000000	0.000000	0.000000	0.000000	0.000000	1660178571.094181	0.000000
167.000000	-242.988780	-176.964586	-163.302732	-354.587395	0.000000	0.000000	0.000000	0.000000	0.000000	0.000000	0.000000	0.000000	1660178571.098054	0.000000
167.000000	-284.322154	-209.804648	-188.161847	-350.724078	0.000000	0.000000	0.000000	0.000000	0.000000	0.000000	0.000000	0.000000	1660178571.098054	0.000000
168.000000	-214.524401	-152.296206	-140.059253	-323.239553	0.000000	0.000000	0.000000	0.000000	0.000000	0.000000	0.000000	0.000000	1660178571.105039	0.000000
168.000000	-210.777022	-146.435783	-138.193043	-340.847002	0.000000	0.000000	0.000000	0.000000	0.000000	0.000000	0.000000	0.000000	1660178571.105039	0.000000
169.000000	-276.610481	-210.118799	-183.498191	-353.813235	0.000000	0.000000	0.000000	0.000000	0.000000	0.000000	0.000000	0.000000	1660178571.135781	0.000000
169.000000	-235.056452	-168.157122	-154.850558	-325.326417	0.000000	0.000000	0.000000	0.000000	0.000000	0.000000	0.000000	0.000000	1660178571.135781	0.000000
170.000000	-194.489757	-128.469303	-127.609126	-327.738653	0.000000	0.000000	0.000000	0.000000	0.000000	0.000000	0.000000	0.000000	1660178571.140850	0.000000
170.000000	-256.800230	-187.559723	-169.301531	-350.922293	0.000000	0.000000	0.000000	0.000000	0.000000	0.000000	0.000000	0.000000	1660178571.140850	0.000000
171.000000	-259.186287	-185.570096	-173.905348	-332.054497	0.000000	0.000000	0.000000	0.000000	0.000000	0.000000	0.000000	0.000000	1660178571.148202	0.000000
171.000000	-201.550688	-134.733636	-131.558461	-326.597983	0.000000	0.000000	0.000000	0.000000	0.000000	0.000000	0.000000	0.000000	1660178571.148202	0.000000
172.000000	-237.251773	-170.599276	-157.098238	-351.621654	0.000000	0.000000	0.000000	0.000000	0.000000	0.000000	0.000000	0.000000	1660178571.153328	0.000000
172.000000	-277.261223	-211.165971	-185.764571	-351.606694	0.000000	0.000000	0.000000	0.000000	0.000000	0.000000	0.000000	0.000000	1660178571.153328	0.000000
173.000000	-220.007095	-159.147703	-145.642924	-326.975713	0.000000	0.000000	0.000000	0.000000	0.000000	0.000000	0.000000	0.000000	1660178571.158502	0.000000
173.000000	-215.466856	-153.590211	-141.824486	-344.414867	0.000000	0.000000	0.000000	0.000000	0.000000	0.000000	0.000000	0.000000	1660178571.158502	0.000000
174.000000	-282.096914	-210.788241	-186.396614	-358.230057	0.000000	0.000000	0.000000	0.000000	0.000000	0.000000	0.000000	0.000000	1660178571.179851	0.000000
174.000000	-242.910242	-175.012358	-159.951781	-332.151735	0.000000	0.000000	0.000000	0.000000	0.000000	0.000000	0.000000	0.000000	1660178571.179851	0.000000
175.000000	-202.736237	-135.979022	-129.909165	-330.977406	0.000000	0.000000	0.000000	0.000000	0.000000	0.000000	0.000000	0.000000	1660178571.184681	0.000000
175.000000	-268.711812	-195.656606	-175.603263	-355.836521	0.000000	0.000000	0.000000	0.000000	0.000000	0.000000	0.000000	0.000000	1660178571.184681	0.000000
176.000000	-268.764170	-200.178145	-180.674567	-338.913474	0.000000	0.000000	0.000000	0.000000	0.000000	0.000000	0.000000	0.000000	1660178571.190170	0.000000
176.000000	-203.173805	-136.061300	-131.528542	-327.125309	0.000000	0.000000	0.000000	0.000000	0.000000	0.000000	0.000000	0.000000	1660178571.190170	0.000000
177.000000	-233.560492	-174.346656	-152.041893	-348.779330	0.000000	0.000000	0.000000	0.000000	0.000000	0.000000	0.000000	0.000000	1660178571.195263	0.000000
177.000000	-276.232751	-207.497129	-180.861562	-350.103255	0.000000	0.000000	0.000000	0.000000	0.000000	0.000000	0.000000	0.000000	1660178571.195263	0.000000
178.000000	-216.095159	-150.848865	-142.755721	-329.088757	0.000000	0.000000	0.000000	0.000000	0.000000	0.000000	0.000000	0.000000	1660178571.225573	0.000000
178.000000	-207.568187	-149.165910	-136.139838	-344.182993	0.000000	0.000000	0.000000	0.000000	0.000000	0.000000	0.000000	0.000000	1660178571.225573	0.000000
179.000000	-281.872520	-208.847233	-182.985825	-355.324155	0.000000	0.000000	0.000000	0.000000	0.000000	0.000000	0.000000	0.000000	1660178571.230737	0.000000
179.000000	-239.622870	-172.936714	-154.211035	-326.216514	0.000000	0.000000	0.000000	0.000000	0.000000	0.000000	0.000000	0.000000	1660178571.230737	0.000000
180.000000	-205.342947	-134.142732	-130.638445	-331.792704	0.000000	0.000000	0.000000	0.000000	0.000000	0.000000	0.000000	0.000000	1660178571.235084	0.000000
180.000000	-258.075536	-194.411219	-167.382962	-357.508256	0.000000	0.000000	0.000000	0.000000	0.000000	0.000000	0.000000	0.000000	1660178571.235084	0.000000
181.000000	-266.262177	-197.044109	-172.458007	-337.129542	0.000000	0.000000	0.000000	0.000000	0.000000	0.000000	0.000000	0.000000	1660178571.240179	0.000000
181.000000	-202.893312	-136.281954	-127.321154	-329.631042	0.000000	0.000000	0.000000	0.000000	0.000000	0.000000	0.000000	0.000000	1660178571.240179	0.000000
182.000000	-237.835198	-175.173174	-156.877583	-349.467472	0.000000	0.000000	0.000000	0.000000	0.000000	0.000000	0.000000	0.000000	1660178571.244182	0.000000
182.000000	-278.704824	-208.566741	-187.118414	-357.601754	0.000000	0.000000	0.000000	0.000000	0.000000	0.000000	0.000000	0.000000	1660178571.244182	0.000000
183.000000	-212.908765	-146.424563	-137.583440	-322.327018	0.000000	0.000000	0.000000	0.000000	0.000000	0.000000	0.000000	0.000000	1660178571.270539	0.000000
183.000000	-216.394351	-154.083878	-144.786487	-343.685586	0.000000	0.000000	0.000000	0.000000	0.000000	0.000000	0.000000	0.000000	1660178571.270539	0.000000
184.000000	-267.477645	-208.757476	-179.107549	-351.359861	0.000000	0.000000	0.000000	0.000000	0.000000	0.000000	0.000000	0.000000	1660178571.285850	0.000000
184.000000	-235.639877	-174.514952	-159.244940	-328.770865	0.000000	0.000000	0.000000	0.000000	0.000000	0.000000	0.000000	0.000000	1660178571.285850	0.000000
185.000000	-199.972451	-140.803493	-134.733636	-332.798737	0.000000	0.000000	0.000000	0.000000	0.000000	0.000000	0.000000	0.000000	1660178571.292078	0.000000
185.000000	-261.217052	-197.807049	-169.873736	-357.949565	0.000000	0.000000	0.000000	0.000000	0.000000	0.000000	0.000000	0.000000	1660178571.292078	0.000000
186.000000	-262.454959	-200.215544	-174.724386	-340.110242	0.000000	0.000000	0.000000	0.000000	0.000000	0.000000	0.000000	0.000000	1660178571.297180	0.000000
186.000000	-199.332928	-134.928111	-130.933897	-329.088757	0.000000	0.000000	0.000000	0.000000	0.000000	0.000000	0.000000	0.000000	1660178571.297180	0.000000
187.000000	-233.208942	-165.262439	-150.444956	-348.794290	0.000000	0.000000	0.000000	0.000000	0.000000	0.000000	0.000000	0.000000	1660178571.302120	0.000000
187.000000	-269.949719	-210.242216	-178.019238	-342.283124	0.000000	0.000000	0.000000	0.000000	0.000000	0.000000	0.000000	0.000000	1660178571.302120	0.000000
188.000000	-207.444771	-150.160723	-138.454836	-318.056052	0.000000	0.000000	0.000000	0.000000	0.000000	0.000000	0.000000	0.000000	1660178571.331549	0.000000
188.000000	-201.846141	-148.522647	-136.468949	-335.349349	0.000000	0.000000	0.000000	0.000000	0.000000	0.000000	0.000000	0.000000	1660178571.331549	0.000000
189.000000	-265.289803	-204.890419	-180.136021	-351.535636	0.000000	0.000000	0.000000	0.000000	0.000000	0.000000	0.000000	0.000000	1660178571.335423	0.000000
189.000000	-230.591012	-169.301531	-157.756460	-331.194320	0.000000	0.000000	0.000000	0.000000	0.000000	0.000000	0.000000	0.000000	1660178571.335423	0.000000
190.000000	-179.791950	-124.845340	-120.952104	-326.025779	0.000000	0.000000	0.000000	0.000000	0.000000	0.000000	0.000000	0.000000	1660178571.340206	0.000000
190.000000	-246.306071	-193.214451	-169.963493	-351.913366	0.000000	0.000000	0.000000	0.000000	0.000000	0.000000	0.000000	0.000000	1660178571.340206	0.000000
191.000000	-249.922554	-194.437399	-172.846956	-336.448880	0.000000	0.000000	0.000000	0.000000	0.000000	0.000000	0.000000	0.000000	1660178571.345186	0.000000
191.000000	-185.405540	-132.250342	-127.433351	-324.589657	0.000000	0.000000	0.000000	0.000000	0.000000	0.000000	0.000000	0.000000	1660178571.345186	0.000000
192.000000	-225.508488	-175.607002	-156.933682	-350.421146	0.000000	0.000000	0.000000	0.000000	0.000000	0.000000	0.000000	0.000000	1660178571.360777	0.000000
192.000000	-254.238399	-207.179238	-182.170527	-338.842416	0.000000	0.000000	0.000000	0.000000	0.000000	0.000000	0.000000	0.000000	1660178571.360777	0.000000
193.000000	-195.458391	-144.120785	-135.717229	-319.226641	0.000000	0.000000	0.000000	0.000000	0.000000	0.000000	0.000000	0.000000	1660178571.366541	0.000000
193.000000	-196.460685	-147.041647	-138.593213	-334.268518	0.000000	0.000000	0.000000	0.000000	0.000000	0.000000	0.000000	0.000000	1660178571.366541	0.000000
194.000000	-256.725432	-202.141593	-177.839723	-350.574482	0.000000	0.000000	0.000000	0.000000	0.000000	0.000000	0.000000	0.000000	1660178571.371426	0.000000
194.000000	-219.277814	-167.154829	-149.113551	-326.093097	0.000000	0.000000	0.000000	0.000000	0.000000	0.000000	0.000000	0.000000	1660178571.371426	0.000000
195.000000	-179.032751	-124.564848	-119.826395	-326.923355	0.000000	0.000000	0.000000	0.000000	0.000000	0.000000	0.000000	0.000000	1660178571.377848	0.000000
195.000000	-243.605863	-188.210465	-164.596737	-354.467718	0.000000	0.000000	0.000000	0.000000	0.000000	0.000000	0.000000	0.000000	1660178571.377848	0.000000
196.000000	-243.557245	-185.491558	-169.357630	-337.252958	0.000000	0.000000	0.000000	0.000000	0.000000	0.000000	0.000000	0.000000	1660178571.407222	0.000000
196.000000	-182.151827	-126.397399	-123.491497	-323.269472	0.000000	0.000000	0.000000	0.000000	0.000000	0.000000	0.000000	0.000000	1660178571.407222	0.000000
197.000000	-221.877045	-163.321431	-150.807726	-347.836875	0.000000	0.000000	0.000000	0.000000	0.000000	0.000000	0.000000	0.000000	1660178571.412275	0.000000
197.000000	-265.177606	-206.966064	-178.640061	-346.359615	0.000000	0.000000	0.000000	0.000000	0.000000	0.000000	0.000000	0.000000	1660178571.412275	0.000000
198.000000	-206.681831	-149.764294	-142.340592	-330.147148	0.000000	0.000000	0.000000	0.000000	0.000000	0.000000	0.000000	0.000000	1660178571.417559	0.000000
198.000000	-206.188164	-153.137683	-141.637491	-350.264070	0.000000	0.000000	0.000000	0.000000	0.000000	0.000000	0.000000	0.000000	1660178571.417559	0.000000
199.000000	-263.311396	-204.890419	-179.571296	-353.416806	0.000000	0.000000	0.000000	0.000000	0.000000	0.000000	0.000000	0.000000	1660178571.420765	0.000000
199.000000	-236.541192	-170.790011	-158.366064	-332.884755	0.000000	0.000000	0.000000	0.000000	0.000000	0.000000	0.000000	0.000000	1660178571.420765	0.000000
200.000000	-184.029257	-132.373759	-122.870673	-330.420161	0.000000	0.000000	0.000000	0.000000	0.000000	0.000000	0.000000	0.000000	1660178571.425057	0.000000
200.000000	-250.670534	-187.780377	-168.078584	-349.332835	0.000000	0.000000	0.000000	0.000000	0.000000	0.000000	0.000000	0.000000	1660178571.425057	0.000000
0.000000	-252.979923	-192.707695	-169.411858	-335.648541	0.000000	0.000000	0.000000	0.000000	0.000000	0.000000	0.000000	0.000000	1660178571.452207	0.000000
101.000000	-191.514667	-138.696060	-131.377076	-328.737206	0.000000	0.000000	0.000000	0.000000	0.000000	0.000000	0.000000	0.000000	1660178571.455052	0.000000
101.000000	-226.725825	-174.210150	-157.178645	-350.215452	0.000000	0.000000	0.000000	0.000000	0.000000	0.000000	0.000000	0.000000	1660178571.455052	0.000000
102.000000	-265.392651	-207.038992	-182.041500	-347.346948	0.000000	0.000000	0.000000	0.000000	0.000000	0.000000	0.000000	0.000000	1660178571.459065	0.000000
102.000000	-202.554852	-147.720438	-143.363455	-322.255959	0.000000	0.000000	0.000000	0.000000	0.000000	0.000000	0.000000	0.000000	1660178571.459065	0.000000
103.000000	-206.328411	-146.153420	-140.588449	-342.088649	0.000000	0.000000	0.000000	0.000000	0.000000	0.000000	0.000000	0.000000	1660178571.463995	0.000000
103.000000	-260.848672	-208.718207	-180.369765	-352.291096	0.000000	0.000000	0.000000	0.000000	0.000000	0.000000	0.000000	0.000000	1660178571.463995	0.000000
104.000000	-226.090042	-173.802501	-156.714898	-332.133035	0.000000	0.000000	0.000000	0.000000	0.000000	0.000000	0.000000	0.000000	1660178571.468838	0.000000
104.000000	-175.324640	-125.587710	-120.579984	-324.380223	0.000000	0.000000	0.000000	0.000000	0.000000	0.000000	0.000000	0.000000	1660178571.468838	0.000000
105.000000	-242.291289	-182.718422	-171.539861	-352.021823	0.000000	0.000000	0.000000	0.000000	0.000000	0.000000	0.000000	0.000000	1660178571.495451	0.000000
105.000000	-243.114067	-185.269034	-169.748449	-337.559630	0.000000	0.000000	0.000000	0.000000	0.000000	0.000000	0.000000	0.000000	1660178571.495451	0.000000
106.000000	-179.217876	-127.637176	-123.366210	-326.306271	0.000000	0.000000	0.000000	0.000000	0.000000	0.000000	0.000000	0.000000	1660178571.501061	0.000000
106.000000	-208.785525	-162.795975	-150.734798	-347.904193	0.000000	0.000000	0.000000	0.000000	0.000000	0.000000	0.000000	0.000000	1660178571.501061	0.000000
107.000000	-262.333412	-212.959253	-185.254074	-355.799122	0.000000	0.000000	0.000000	0.000000	0.000000	0.000000	0.000000	0.000000	1660178571.504549	0.000000
107.000000	-195.247087	-153.176952	-141.459846	-334.395675	0.000000	0.000000	0.000000	0.000000	0.000000	0.000000	0.000000	0.000000	1660178571.504549	0.000000
108.000000	-194.207395	-147.847595	-137.690027	-345.641554	0.000000	0.000000	0.000000	0.000000	0.000000	0.000000	0.000000	0.000000	1660178571.510546	0.000000
108.000000	-251.996329	-209.526025	-182.045240	-360.586194	0.000000	0.000000	0.000000	0.000000	0.000000	0.000000	0.000000	0.000000	1660178571.510546	0.000000
109.000000	-212.903155	-174.172751	-155.432112	-334.537791	0.000000	0.000000	0.000000	0.000000	0.000000	0.000000	0.000000	0.000000	1660178571.556687	0.000000
109.000000	-181.218722	-132.977753	-130.389742	-345.177806	0.000000	0.000000	0.000000	0.000000	0.000000	0.000000	0.000000	0.000000	1660178571.556687	0.000000
110.000000	-235.338815	-188.141277	-167.010842	-357.530696	0.000000	0.000000	0.000000	0.000000	0.000000	0.000000	0.000000	0.000000	1660178571.561196	0.000000
110.000000	-239.407826	-193.003147	-166.801408	-346.673766	0.000000	0.000000	0.000000	0.000000	0.000000	0.000000	0.000000	0.000000	1660178571.561196	0.000000
111.000000	-177.228249	-131.867002	-126.780739	-333.135328	0.000000	0.000000	0.000000	0.000000	0.000000	0.000000	0.000000	0.000000	1660178571.564265	0.000000
111.000000	-215.816537	-171.652058	-155.353574	-359.905532	0.000000	0.000000	0.000000	0.000000	0.000000	0.000000	0.000000	0.000000	1660178571.564265	0.000000
112.000000	-254.748895	-209.668141	-181.274821	-348.812989	0.000000	0.000000	0.000000	0.000000	0.000000	0.000000	0.000000	0.000000	1660178571.569077	0.000000
112.000000	-199.892043	-150.241131	-140.405194	-335.513905	0.000000	0.000000	0.000000	0.000000	0.000000	0.000000	0.000000	0.000000	1660178571.569077	0.000000
113.000000	-195.766933	-147.469865	-140.393974	-351.142947	0.000000	0.000000	0.000000	0.000000	0.000000	0.000000	0.000000	0.000000	1660178571.575046	0.000000
113.000000	-256.899338	-199.835944	-178.675590	-364.251296	0.000000	0.000000	0.000000	0.000000	0.000000	0.000000	0.000000	0.000000	1660178571.575046	0.000000
114.000000	-218.056737	-171.842793	-158.397853	-341.419207	0.000000	0.000000	0.000000	0.000000	0.000000	0.000000	0.000000	0.000000	1660178571.581193	0.000000
114.000000	-172.676791	-125.554051	-123.455967	-338.262731	0.000000	0.000000	0.000000	0.000000	0.000000	0.000000	0.000000	0.000000	1660178571.581193	0.000000
115.000000	-238.592528	-196.140923	-177.273128	-364.924478	0.000000	0.000000	0.000000	0.000000	0.000000	0.000000	0.000000	0.000000	1660178571.585171	0.000000
115.000000	-237.736090	-192.647857	-172.153205	-349.400153	0.000000	0.000000	0.000000	0.000000	0.000000	0.000000	0.000000	0.000000	1660178571.585171	0.000000
116.000000	-180.713836	-130.023232	-123.699061	-329.904055	0.000000	0.000000	0.000000	0.000000	0.000000	0.000000	0.000000	0.000000	1660178571.600787	0.000000
116.000000	-222.559576	-170.208457	-157.642393	-366.053928	0.000000	0.000000	0.000000	0.000000	0.000000	0.000000	0.000000	0.000000	1660178571.600787	0.000000
117.000000	-263.197329	-209.873836	-182.819399	-361.461331	0.000000	0.000000	0.000000	0.000000	0.000000	0.000000	0.000000	0.000000	1660178571.608057	0.000000
117.000000	-203.624463	-156.797176	-142.735152	-342.126048	0.000000	0.000000	0.000000	0.000000	0.000000	0.000000	0.000000	0.000000	1660178571.608057	0.000000
118.000000	-196.402716	-143.965579	-137.188880	-349.003724	0.000000	0.000000	0.000000	0.000000	0.000000	0.000000	0.000000	0.000000	1660178571.613428	0.000000
118.000000	-259.042300	-200.591404	-181.054167	-364.135359	0.000000	0.000000	0.000000	0.000000	0.000000	0.000000	0.000000	0.000000	1660178571.613428	0.000000
119.000000	-221.052397	-167.785002	-153.487364	-339.257545	0.000000	0.000000	0.000000	0.000000	0.000000	0.000000	0.000000	0.000000	1660178571.619063	0.000000
119.000000	-182.127518	-130.520639	-125.965440	-345.959445	0.000000	0.000000	0.000000	0.000000	0.000000	0.000000	0.000000	0.000000	1660178571.619063	0.000000
120.000000	-238.749603	-193.302339	-168.177691	-362.254190	0.000000	0.000000	0.000000	0.000000	0.000000	0.000000	0.000000	0.000000	1660178571.646203	0.000000
120.000000	-241.188018	-192.217768	-170.907818	-346.886941	0.000000	0.000000	0.000000	0.000000	0.000000	0.000000	0.000000	0.000000	1660178571.646203	0.000000
121.000000	-180.470742	-131.332197	-126.949034	-330.401462	0.000000	0.000000	0.000000	0.000000	0.000000	0.000000	0.000000	0.000000	1660178571.651058	0.000000
121.000000	-216.583216	-168.910712	-155.002024	-352.552889	0.000000	0.000000	0.000000	0.000000	0.000000	0.000000	0.000000	0.000000	1660178571.651058	0.000000
122.000000	-260.332566	-205.872143	-179.920977	-350.417406	0.000000	0.000000	0.000000	0.000000	0.000000	0.000000	0.000000	0.000000	1660178571.655562	0.000000
122.000000	-189.532520	-141.059677	-131.100323	-324.989826	0.000000	0.000000	0.000000	0.000000	0.000000	0.000000	0.000000	0.000000	1660178571.655562	0.000000
123.000000	-194.861877	-150.372027	-137.835883	-343.090942	0.000000	0.000000	0.000000	0.000000	0.000000	0.000000	0.000000	0.000000	1660178571.660431	0.000000
123.000000	-263.350665	-210.711573	-185.601885	-366.599953	0.000000	0.000000	0.000000	0.000000	0.000000	0.000000	0.000000	0.000000	1660178571.660431	0.000000
124.000000	-229.104401	-173.185417	-161.516929	-338.618022	0.000000	0.000000	0.000000	0.000000	0.000000	0.000000	0.000000	0.000000	1660178571.692105	0.000000
124.000000	-187.987941	-130.681454	-129.383709	-342.320523	0.000000	0.000000	0.000000	0.000000	0.000000	0.000000	0.000000	0.000000	1660178571.692105	0.000000
125.000000	-251.442824	-194.573905	-170.967657	-359.774636	0.000000	0.000000	0.000000	0.000000	0.000000	0.000000	0.000000	0.000000	1660178571.696177	0.000000
125.000000	-253.264155	-192.367364	-173.555667	-345.125448	0.000000	0.000000	0.000000	0.000000	0.000000	0.000000	0.000000	0.000000	1660178571.696177	0.000000
126.000000	-194.551466	-131.941800	-129.914775	-337.002385	0.000000	0.000000	0.000000	0.000000	0.000000	0.000000	0.000000	0.000000	1660178571.700068	0.000000
126.000000	-237.866987	-175.343339	-162.451904	-354.153566	0.000000	0.000000	0.000000	0.000000	0.000000	0.000000	0.000000	0.000000	1660178571.700068	0.000000
127.000000	-283.613443	-213.071450	-188.601285	-354.161046	0.000000	0.000000	0.000000	0.000000	0.000000	0.000000	0.000000	0.000000	1660178571.705065	0.000000
127.000000	-214.425294	-147.256691	-142.989465	-329.028918	0.000000	0.000000	0.000000	0.000000	0.000000	0.000000	0.000000	0.000000	1660178571.705065	0.000000
128.000000	-219.889288	-154.437299	-144.608842	-349.908780	0.000000	0.000000	0.000000	0.000000	0.000000	0.000000	0.000000	0.000000	1660178571.708608	0.000000
128.000000	-280.296152	-209.223093	-184.124625	-364.973097	0.000000	0.000000	0.000000	0.000000	0.000000	0.000000	0.000000	0.000000	1660178571.708608	0.000000
129.000000	-247.792681	-168.746156	-162.665079	-341.179853	0.000000	0.000000	0.000000	0.000000	0.000000	0.000000	0.000000	0.000000	1660178571.736118	0.000000
129.000000	-212.820877	-144.021677	-137.054244	-347.432966	0.000000	0.000000	0.000000	0.000000	0.000000	0.000000	0.000000	0.000000	1660178571.736118	0.000000
130.000000	-268.212535	-200.400669	-176.442870	-363.510796	0.000000	0.000000	0.000000	0.000000	0.000000	0.000000	0.000000	0.000000	1660178571.741271	0.000000
130.000000	-271.772920	-193.070465	-177.849072	-342.716952	0.000000	0.000000	0.000000	0.000000	0.000000	0.000000	0.000000	0.000000	1660178571.741271	0.000000
131.000000	-209.664401	-141.026017	-136.295044	-338.689080	0.000000	0.000000	0.000000	0.000000	0.000000	0.000000	0.000000	0.000000	1660178571.747438	0.000000
131.000000	-237.455598	-168.375906	-157.066448	-356.300269	0.000000	0.000000	0.000000	0.000000	0.000000	0.000000	0.000000	0.000000	1660178571.747438	0.000000
132.000000	-280.247533	-208.968780	-186.667757	-355.039922	0.000000	0.000000	0.000000	0.000000	0.000000	0.000000	0.000000	0.000000	1660178571.752073	0.000000
132.000000	-226.075082	-149.620308	-142.686533	-339.897068	0.000000	0.000000	0.000000	0.000000	0.000000	0.000000	0.000000	0.000000	1660178571.752073	0.000000
133.000000	-225.248564	-155.256337	-147.144494	-356.924832	0.000000	0.000000	0.000000	0.000000	0.000000	0.000000	0.000000	0.000000	1660178571.782082	0.000000
133.000000	-282.525132	-213.916668	-187.909403	-363.675351	0.000000	0.000000	0.000000	0.000000	0.000000	0.000000	0.000000	0.000000	1660178571.782082	0.000000
134.000000	-244.778322	-172.572074	-160.967164	-336.026271	0.000000	0.000000	0.000000	0.000000	0.000000	0.000000	0.000000	0.000000	1660178571.787268	0.000000
134.000000	-195.280746	-131.930581	-129.619323	-339.309903	0.000000	0.000000	0.000000	0.000000	0.000000	0.000000	0.000000	0.000000	1660178571.787268	0.000000
135.000000	-266.192989	-198.197868	-176.547587	-369.270242	0.000000	0.000000	0.000000	0.000000	0.000000	0.000000	0.000000	0.000000	1660178571.791305	0.000000
135.000000	-263.290827	-194.757160	-177.452643	-354.624794	0.000000	0.000000	0.000000	0.000000	0.000000	0.000000	0.000000	0.000000	1660178571.791305	0.000000
136.000000	-200.453028	-138.568903	-136.612936	-341.710919	0.000000	0.000000	0.000000	0.000000	0.000000	0.000000	0.000000	0.000000	1660178571.796063	0.000000
136.000000	-244.366933	-174.202670	-163.349480	-374.648218	0.000000	0.000000	0.000000	0.000000	0.000000	0.000000	0.000000	0.000000	1660178571.796063	0.000000
137.000000	-284.499799	-216.175567	-190.740508	-363.361200	0.000000	0.000000	0.000000	0.000000	0.000000	0.000000	0.000000	0.000000	1660178571.800063	0.000000
137.000000	-218.471866	-152.455152	-144.728518	-337.488572	0.000000	0.000000	0.000000	0.000000	0.000000	0.000000	0.000000	0.000000	1660178571.800063	0.000000
138.000000	-216.392481	-149.384694	-146.018784	-350.918553	0.000000	0.000000	0.000000	0.000000	0.000000	0.000000	0.000000	0.000000	1660178571.826241	0.000000
138.000000	-278.878730	-213.445440	-189.233328	-367.415251	0.000000	0.000000	0.000000	0.000000	0.000000	0.000000	0.000000	0.000000	1660178571.826241	0.000000
139.000000	-243.660092	-172.295321	-161.419692	-345.222685	0.000000	0.000000	0.000000	0.000000	0.000000	0.000000	0.000000	0.000000	1660178571.830417	0.000000
139.000000	-206.799638	-139.963886	-136.036991	-351.849788	0.000000	0.000000	0.000000	0.000000	0.000000	0.000000	0.000000	0.000000	1660178571.830417	0.000000
140.000000	-270.104925	-197.229234	-178.899984	-377.980469	0.000000	0.000000	0.000000	0.000000	0.000000	0.000000	0.000000	0.000000	1660178571.835186	0.000000
140.000000	-267.569272	-192.068172	-175.175044	-350.185532	0.000000	0.000000	0.000000	0.000000	0.000000	0.000000	0.000000	0.000000	1660178571.835186	0.000000
141.000000	-204.720254	-141.216752	-138.647441	-341.340669	0.000000	0.000000	0.000000	0.000000	0.000000	0.000000	0.000000	0.000000	1660178571.839190	0.000000
141.000000	-243.001870	-176.173597	-166.161885	-370.882139	0.000000	0.000000	0.000000	0.000000	0.000000	0.000000	0.000000	0.000000	1660178571.839190	0.000000
142.000000	-281.328364	-209.690581	-192.636637	-369.449757	0.000000	0.000000	0.000000	0.000000	0.000000	0.000000	0.000000	0.000000	1660178571.871090	0.000000
142.000000	-218.976752	-148.696552	-145.839269	-343.038584	0.000000	0.000000	0.000000	0.000000	0.000000	0.000000	0.000000	0.000000	1660178571.871090	0.000000
143.000000	-224.758638	-155.278776	-152.900200	-368.701777	0.000000	0.000000	0.000000	0.000000	0.000000	0.000000	0.000000	0.000000	1660178571.876427	0.000000
143.000000	-281.937968	-214.963840	-190.527333	-375.269041	0.000000	0.000000	0.000000	0.000000	0.000000	0.000000	0.000000	0.000000	1660178571.876427	0.000000
144.000000	-245.645979	-178.993482	-167.781262	-357.792489	0.000000	0.000000	0.000000	0.000000	0.000000	0.000000	0.000000	0.000000	1660178571.886453	0.000000
144.000000	-195.112451	-135.793897	-133.314344	-357.957044	0.000000	0.000000	0.000000	0.000000	0.000000	0.000000	0.000000	0.000000	1660178571.886453	0.000000
145.000000	-265.987295	-200.045379	-181.424417	-384.184963	0.000000	0.000000	0.000000	0.000000	0.000000	0.000000	0.000000	0.000000	1660178571.893185	0.000000
145.000000	-262.307233	-199.439515	-182.875498	-364.801061	0.000000	0.000000	0.000000	0.000000	0.000000	0.000000	0.000000	0.000000	1660178571.893185	0.000000
146.000000	-199.847164	-138.849396	-135.595683	-355.081061	0.000000	0.000000	0.000000	0.000000	0.000000	0.000000	0.000000	0.000000	1660178571.897613	0.000000
146.000000	-243.383339	-181.824586	-168.162732	-382.408510	0.000000	0.000000	0.000000	0.000000	0.000000	0.000000	0.000000	0.000000	1660178571.897613	0.000000
147.000000	-283.175875	-213.770812	-190.370257	-373.911458	0.000000	0.000000	0.000000	0.000000	0.000000	0.000000	0.000000	0.000000	1660178571.914543	0.000000
147.000000	-218.681300	-149.362254	-147.870034	-355.219438	0.000000	0.000000	0.000000	0.000000	0.000000	0.000000	0.000000	0.000000	1660178571.914543	0.000000
148.000000	-218.823416	-157.017830	-151.400500	-373.679584	0.000000	0.000000	0.000000	0.000000	0.000000	0.000000	0.000000	0.000000	1660178571.917786	0.000000
148.000000	-279.170442	-214.286918	-191.148157	-384.263501	0.000000	0.000000	0.000000	0.000000	0.000000	0.000000	0.000000	0.000000	1660178571.917786	0.000000
149.000000	-235.705325	-175.066587	-165.548541	-356.217991	0.000000	0.000000	0.000000	0.000000	0.000000	0.000000	0.000000	0.000000	1660178571.923906	0.000000
149.000000	-194.162516	-138.366949	-133.961346	-365.642539	0.000000	0.000000	0.000000	0.000000	0.000000	0.000000	0.000000	0.000000	1660178571.923906	0.000000
150.000000	-263.317006	-195.422862	-180.668957	-385.205956	0.000000	0.000000	0.000000	0.000000	0.000000	0.000000	0.000000	0.000000	1660178571.930183	0.000000
150.000000	-263.115052	-197.491027	-182.157437	-367.740623	0.000000	0.000000	0.000000	0.000000	0.000000	0.000000	0.000000	0.000000	1660178571.930183	0.000000
151.000000	-202.031266	-140.816583	-141.444886	-362.755336	0.000000	0.000000	0.000000	0.000000	0.000000	0.000000	0.000000	0.000000	1660178571.960298	0.000000
151.000000	-245.062554	-179.027141	-166.528395	-389.360984	0.000000	0.000000	0.000000	0.000000	0.000000	0.000000	0.000000	0.000000	1660178571.960298	0.000000
152.000000	-281.017953	-217.880962	-193.422016	-378.062747	0.000000	0.000000	0.000000	0.000000	0.000000	0.000000	0.000000	0.000000	1660178571.965546	0.000000
152.000000	-215.012458	-151.621154	-149.388434	-357.579315	0.000000	0.000000	0.000000	0.000000	0.000000	0.000000	0.000000	0.000000	1660178571.965546	0.000000
153.000000	-214.148541	-159.934952	-153.726718	-370.788641	0.000000	0.000000	0.000000	0.000000	0.000000	0.000000	0.000000	0.000000	1660178571.968724	0.000000
153.000000	-286.481946	-220.775644	-191.125717	-385.007741	0.000000	0.000000	0.000000	0.000000	0.000000	0.000000	0.000000	0.000000	1660178571.968724	0.000000
154.000000	-240.496137	-172.059707	-162.407026	-357.433458	0.000000	0.000000	0.000000	0.000000	0.000000	0.000000	0.000000	0.000000	1660178571.972948	0.000000
154.000000	-197.277853	-134.698107	-135.087056	-358.342254	0.000000	0.000000	0.000000	0.000000	0.000000	0.000000	0.000000	0.000000	1660178571.972948	0.000000
155.000000	-260.220369	-200.841977	-181.271081	-386.096052	0.000000	0.000000	0.000000	0.000000	0.000000	0.000000	0.000000	0.000000	1660178571.978180	0.000000
155.000000	-270.826725	-202.450134	-181.723609	-366.884186	0.000000	0.000000	0.000000	0.000000	0.000000	0.000000	0.000000	0.000000	1660178571.978180	0.000000
156.000000	-208.822924	-141.964732	-138.396868	-350.679199	0.000000	0.000000	0.000000	0.000000	0.000000	0.000000	0.000000	0.000000	1660178572.005841	0.000000
156.000000	-246.603393	-179.300154	-167.650365	-376.342393	0.000000	0.000000	0.000000	0.000000	0.000000	0.000000	0.000000	0.000000	1660178572.005841	0.000000
157.000000	-287.132689	-217.383555	-192.980708	-375.504655	0.000000	0.000000	0.000000	0.000000	0.000000	0.000000	0.000000	0.000000	1660178572.011553	0.000000
157.000000	-211.010765	-151.811889	-147.095875	-346.490511	0.000000	0.000000	0.000000	0.000000	0.000000	0.000000	0.000000	0.000000	1660178572.011553	0.000000
158.000000	-220.076283	-156.774736	-147.866294	-361.715644	0.000000	0.000000	0.000000	0.000000	0.000000	0.000000	0.000000	0.000000	1660178572.014845	0.000000
158.000000	-276.219661	-213.808211	-187.045486	-375.650511	0.000000	0.000000	0.000000	0.000000	0.000000	0.000000	0.000000	0.000000	1660178572.014845	0.000000
159.000000	-242.227710	-178.709249	-163.083947	-352.919399	0.000000	0.000000	0.000000	0.000000	0.000000	0.000000	0.000000	0.000000	1660178572.022080	0.000000
159.000000	-200.875636	-134.451273	-132.229773	-351.599215	0.000000	0.000000	0.000000	0.000000	0.000000	0.000000	0.000000	0.000000	1660178572.022080	0.000000
160.000000	-259.356452	-194.753420	-181.248642	-374.648218	0.000000	0.000000	0.000000	0.000000	0.000000	0.000000	0.000000	0.000000	1660178572.052339	0.000000
160.000000	-253.492289	-191.783940	-176.906618	-354.176006	0.000000	0.000000	0.000000	0.000000	0.000000	0.000000	0.000000	0.000000	1660178572.052339	0.000000
161.000000	-191.896137	-133.370442	-137.704986	-344.953412	0.000000	0.000000	0.000000	0.000000	0.000000	0.000000	0.000000	0.000000	1660178572.056086	0.000000
161.000000	-235.020923	-169.101446	-158.768103	-370.553028	0.000000	0.000000	0.000000	0.000000	0.000000	0.000000	0.000000	0.000000	1660178572.056086	0.000000
162.000000	-273.399776	-218.954313	-192.359884	-370.631565	0.000000	0.000000	0.000000	0.000000	0.000000	0.000000	0.000000	0.000000	1660178572.061088	0.000000
162.000000	-207.233466	-148.191666	-146.935059	-350.817575	0.000000	0.000000	0.000000	0.000000	0.000000	0.000000	0.000000	0.000000	1660178572.061088	0.000000
163.000000	-211.515652	-152.642147	-154.164286	-369.453497	0.000000	0.000000	0.000000	0.000000	0.000000	0.000000	0.000000	0.000000	1660178572.065402	0.000000
163.000000	-270.531273	-215.958653	-193.609011	-377.225009	0.000000	0.000000	0.000000	0.000000	0.000000	0.000000	0.000000	0.000000	1660178572.065402	0.000000
164.000000	-223.580569	-168.443224	-155.678946	-352.743624	0.000000	0.000000	0.000000	0.000000	0.000000	0.000000	0.000000	0.000000	1660178572.071072	0.000000
164.000000	-195.774413	-141.500985	-138.875575	-354.804309	0.000000	0.000000	0.000000	0.000000	0.000000	0.000000	0.000000	0.000000	1660178572.071072	0.000000
165.000000	-253.264155	-198.160469	-178.077206	-373.743162	0.000000	0.000000	0.000000	0.000000	0.000000	0.000000	0.000000	0.000000	1660178572.111224	0.000000
165.000000	-253.297814	-193.653890	-177.288087	-356.150673	0.000000	0.000000	0.000000	0.000000	0.000000	0.000000	0.000000	0.000000	1660178572.111224	0.000000
166.000000	-187.056706	-125.980400	-132.106356	-344.803816	0.000000	0.000000	0.000000	0.000000	0.000000	0.000000	0.000000	0.000000	1660178572.114796	0.000000
166.000000	-225.517837	-171.027495	-159.272989	-367.890219	0.000000	0.000000	0.000000	0.000000	0.000000	0.000000	0.000000	0.000000	1660178572.114796	0.000000
167.000000	-278.141970	-215.715559	-194.816999	-375.837506	0.000000	0.000000	0.000000	0.000000	0.000000	0.000000	0.000000	0.000000	1660178572.119694	0.000000
167.000000	-206.698661	-149.975598	-144.840715	-357.571835	0.000000	0.000000	0.000000	0.000000	0.000000	0.000000	0.000000	0.000000	1660178572.119694	0.000000
168.000000	-209.858876	-150.996591	-149.826002	-379.300654	0.000000	0.000000	0.000000	0.000000	0.000000	0.000000	0.000000	0.000000	1660178572.125192	0.000000
168.000000	-271.410150	-210.891089	-189.166010	-387.902423	0.000000	0.000000	0.000000	0.000000	0.000000	0.000000	0.000000	0.000000	1660178572.125192	0.000000
169.000000	-231.434359	-177.011335	-165.832774	-358.824701	0.000000	0.000000	0.000000	0.000000	0.000000	0.000000	0.000000	0.000000	1660178572.131056	0.000000
169.000000	-196.903863	-138.598822	-135.569503	-366.420438	0.000000	0.000000	0.000000	0.000000	0.000000	0.000000	0.000000	0.000000	1660178572.131056	0.000000
170.000000	-253.914898	-193.328518	-172.231743	-377.296067	0.000000	0.000000	0.000000	0.000000	0.000000	0.000000	0.000000	0.000000	1660178572.156269	0.000000
170.000000	-259.147018	-200.890596	-185.972135	-372.725909	0.000000	0.000000	0.000000	0.000000	0.000000	0.000000	0.000000	0.000000	1660178572.156269	0.000000
171.000000	-194.211135	-139.975106	-140.371535	-362.336467	0.000000	0.000000	0.000000	0.000000	0.000000	0.000000	0.000000	0.000000	1660178572.162066	0.000000
171.000000	-238.398053	-175.317160	-169.460477	-386.268087	0.000000	0.000000	0.000000	0.000000	0.000000	0.000000	0.000000	0.000000	1660178572.162066	0.000000
172.000000	-277.977414	-216.650534	-195.946448	-383.650157	0.000000	0.000000	0.000000	0.000000	0.000000	0.000000	0.000000	0.000000	1660178572.167083	0.000000
172.000000	-200.748480	-154.351281	-145.207226	-357.885986	0.000000	0.000000	0.000000	0.000000	0.000000	0.000000	0.000000	0.000000	1660178572.167083	0.000000
173.000000	-207.599977	-154.904786	-148.449719	-378.601292	0.000000	0.000000	0.000000	0.000000	0.000000	0.000000	0.000000	0.000000	1660178572.171401	0.000000
173.000000	-270.909003	-215.562224	-189.023894	-387.090865	0.000000	0.000000	0.000000	0.000000	0.000000	0.000000	0.000000	0.000000	1660178572.171401	0.000000
174.000000	-233.031296	-172.833867	-166.330181	-360.530096	0.000000	0.000000	0.000000	0.000000	0.000000	0.000000	0.000000	0.000000	1660178572.175846	0.000000
174.000000	-188.608765	-137.929380	-134.522331	-367.706964	0.000000	0.000000	0.000000	0.000000	0.000000	0.000000	0.000000	0.000000	1660178572.175846	0.000000
175.000000	-253.395052	-193.410796	-177.332966	-388.755121	0.000000	0.000000	0.000000	0.000000	0.000000	0.000000	0.000000	0.000000	1660178572.202078	0.000000
175.000000	-252.542354	-200.733520	-177.168411	-375.291481	0.000000	0.000000	0.000000	0.000000	0.000000	0.000000	0.000000	0.000000	1660178572.202078	0.000000
176.000000	-197.595744	-146.385294	-139.821770	-367.284355	0.000000	0.000000	0.000000	0.000000	0.000000	0.000000	0.000000	0.000000	1660178572.207073	0.000000
176.000000	-235.091981	-177.878992	-164.303155	-386.900130	0.000000	0.000000	0.000000	0.000000	0.000000	0.000000	0.000000	0.000000	1660178572.207073	0.000000
177.000000	-279.821185	-217.017045	-196.713128	-383.459422	0.000000	0.000000	0.000000	0.000000	0.000000	0.000000	0.000000	0.000000	1660178572.213086	0.000000
177.000000	-210.221646	-153.483624	-149.840962	-359.307148	0.000000	0.000000	0.000000	0.000000	0.000000	0.000000	0.000000	0.000000	1660178572.213086	0.000000
178.000000	-216.441100	-164.340554	-152.342955	-374.910011	0.000000	0.000000	0.000000	0.000000	0.000000	0.000000	0.000000	0.000000	1660178572.217806	0.000000
178.000000	-275.598838	-212.701200	-190.976121	-388.257714	0.000000	0.000000	0.000000	0.000000	0.000000	0.000000	0.000000	0.000000	1660178572.217806	0.000000
179.000000	-231.778430	-168.992989	-160.454798	-364.647725	0.000000	0.000000	0.000000	0.000000	0.000000	0.000000	0.000000	0.000000	1660178572.224056	0.000000
179.000000	-192.890950	-132.353189	-135.771458	-366.450357	0.000000	0.000000	0.000000	0.000000	0.000000	0.000000	0.000000	0.000000	1660178572.224056	0.000000
180.000000	-263.212289	-196.200762	-183.227049	-392.218268	0.000000	0.000000	0.000000	0.000000	0.000000	0.000000	0.000000	0.000000	1660178572.245217	0.000000
180.000000	-256.349573	-201.963947	-182.520207	-373.223316	0.000000	0.000000	0.000000	0.000000	0.000000	0.000000	0.000000	0.000000	1660178572.245217	0.000000
181.000000	-188.249734	-136.751312	-136.523178	-363.768849	0.000000	0.000000	0.000000	0.000000	0.000000	0.000000	0.000000	0.000000	1660178572.249176	0.000000
181.000000	-231.890627	-175.773428	-163.039069	-388.407310	0.000000	0.000000	0.000000	0.000000	0.000000	0.000000	0.000000	0.000000	1660178572.249176	0.000000
182.000000	-270.886564	-216.025971	-190.714328	-383.092912	0.000000	0.000000	0.000000	0.000000	0.000000	0.000000	0.000000	0.000000	1660178572.253515	0.000000
182.000000	-200.804578	-147.331489	-143.045563	-364.030642	0.000000	0.000000	0.000000	0.000000	0.000000	0.000000	0.000000	0.000000	1660178572.253515	0.000000
183.000000	-202.502493	-148.958345	-143.722485	-374.307887	0.000000	0.000000	0.000000	0.000000	0.000000	0.000000	0.000000	0.000000	1660178572.258071	0.000000
183.000000	-268.676283	-213.105109	-190.321639	-388.710242	0.000000	0.000000	0.000000	0.000000	0.000000	0.000000	0.000000	0.000000	1660178572.258071	0.000000
184.000000	-224.246271	-174.528041	-160.604394	-364.546748	0.000000	0.000000	0.000000	0.000000	0.000000	0.000000	0.000000	0.000000	1660178572.291993	0.000000
184.000000	-183.298107	-134.163301	-132.050258	-370.620346	0.000000	0.000000	0.000000	0.000000	0.000000	0.000000	0.000000	0.000000	1660178572.291993	0.000000
185.000000	-247.841300	-199.510573	-179.416091	-389.237568	0.000000	0.000000	0.000000	0.000000	0.000000	0.000000	0.000000	0.000000	1660178572.296180	0.000000
185.000000	-242.915852	-194.626264	-174.520561	-374.715536	0.000000	0.000000	0.000000	0.000000	0.000000	0.000000	0.000000	0.000000	1660178572.296180	0.000000
186.000000	-179.229096	-128.721747	-129.656722	-359.546502	0.000000	0.000000	0.000000	0.000000	0.000000	0.000000	0.000000	0.000000	1660178572.302104	0.000000
186.000000	-224.997991	-169.793328	-150.611381	-383.081692	0.000000	0.000000	0.000000	0.000000	0.000000	0.000000	0.000000	0.000000	1660178572.302104	0.000000
187.000000	-259.427510	-208.153482	-181.716129	-380.620838	0.000000	0.000000	0.000000	0.000000	0.000000	0.000000	0.000000	0.000000	1660178572.307548	0.000000
187.000000	-207.521439	-151.108788	-144.522824	-361.711904	0.000000	0.000000	0.000000	0.000000	0.000000	0.000000	0.000000	0.000000	1660178572.307548	0.000000
188.000000	-210.842470	-157.354421	-150.222431	-387.831365	0.000000	0.000000	0.000000	0.000000	0.000000	0.000000	0.000000	0.000000	1660178572.312167	0.000000
188.000000	-270.729488	-217.301277	-192.172889	-401.755013	0.000000	0.000000	0.000000	0.000000	0.000000	0.000000	0.000000	0.000000	1660178572.312167	0.000000
189.000000	-227.170873	-171.906371	-168.009396	-376.607926	0.000000	0.000000	0.000000	0.000000	0.000000	0.000000	0.000000	0.000000	1660178572.336139	0.000000
189.000000	-192.887210	-147.054736	-147.166933	-379.487649	0.000000	0.000000	0.000000	0.000000	0.000000	0.000000	0.000000	0.000000	1660178572.336139	0.000000
190.000000	-250.171258	-197.079638	-185.392451	-398.419022	0.000000	0.000000	0.000000	0.000000	0.000000	0.000000	0.000000	0.000000	1660178572.342173	0.000000
190.000000	-254.221569	-196.421416	-185.059600	-381.088326	0.000000	0.000000	0.000000	0.000000	0.000000	0.000000	0.000000	0.000000	1660178572.342173	0.000000
191.000000	-185.923516	-138.976552	-137.125302	-365.354567	0.000000	0.000000	0.000000	0.000000	0.000000	0.000000	0.000000	0.000000	1660178572.345395	0.000000
191.000000	-230.473205	-173.043301	-164.239577	-391.866717	0.000000	0.000000	0.000000	0.000000	0.000000	0.000000	0.000000	0.000000	1660178572.345395	0.000000
192.000000	-270.366718	-217.046964	-191.013520	-393.482354	0.000000	0.000000	0.000000	0.000000	0.000000	0.000000	0.000000	0.000000	1660178572.352064	0.000000
192.000000	-197.722901	-151.995144	-143.935660	-363.357460	0.000000	0.000000	0.000000	0.000000	0.000000	0.000000	0.000000	0.000000	1660178572.352064	0.000000
193.000000	-205.135383	-149.033143	-142.316283	-378.137545	0.000000	0.000000	0.000000	0.000000	0.000000	0.000000	0.000000	0.000000	1660178572.381460	0.000000
193.000000	-265.871358	-209.907495	-187.797206	-390.329618	0.000000	0.000000	0.000000	0.000000	0.000000	0.000000	0.000000	0.000000	1660178572.381460	0.000000
194.000000	-235.320115	-182.965256	-169.826987	-373.249495	0.000000	0.000000	0.000000	0.000000	0.000000	0.000000	0.000000	0.000000	1660178572.384919	0.000000
194.000000	-190.228141	-132.985233	-137.054244	-368.623239	0.000000	0.000000	0.000000	0.000000	0.000000	0.000000	0.000000	0.000000	1660178572.384919	0.000000
195.000000	-249.318561	-194.278453	-177.613459	-389.776113	0.000000	0.000000	0.000000	0.000000	0.000000	0.000000	0.000000	0.000000	1660178572.389180	0.000000
195.000000	-251.450304	-195.501400	-178.795267	-370.298714	0.000000	0.000000	0.000000	0.000000	0.000000	0.000000	0.000000	0.000000	1660178572.389180	0.000000
196.000000	-182.602485	-133.030111	-130.737553	-354.636013	0.000000	0.000000	0.000000	0.000000	0.000000	0.000000	0.000000	0.000000	1660178572.395435	0.000000
196.000000	-233.106094	-174.651458	-162.234990	-385.995074	0.000000	0.000000	0.000000	0.000000	0.000000	0.000000	0.000000	0.000000	1660178572.395435	0.000000
197.000000	-270.987541	-212.200054	-190.291720	-386.148410	0.000000	0.000000	0.000000	0.000000	0.000000	0.000000	0.000000	0.000000	1660178572.400066	0.000000
197.000000	-197.053459	-143.475652	-137.125302	-351.341161	0.000000	0.000000	0.000000	0.000000	0.000000	0.000000	0.000000	0.000000	1660178572.400066	0.000000
198.000000	-204.114390	-153.835175	-143.595329	-372.265902	0.000000	0.000000	0.000000	0.000000	0.000000	0.000000	0.000000	0.000000	1660178572.441716	0.000000
198.000000	-264.988741	-216.448580	-191.133197	-385.370511	0.000000	0.000000	0.000000	0.000000	0.000000	0.000000	0.000000	0.000000	1660178572.441716	0.000000
199.000000	-227.847795	-175.870665	-158.726964	-363.555675	0.000000	0.000000	0.000000	0.000000	0.000000	0.000000	0.000000	0.000000	1660178572.447061	0.000000
199.000000	-189.293166	-141.100815	-136.414721	-363.899745	0.000000	0.000000	0.000000	0.000000	0.000000	0.000000	0.000000	0.000000	1660178572.447061	0.000000
200.000000	-249.830927	-197.760300	-176.899138	-383.683816	0.000000	0.000000	0.000000	0.000000	0.000000	0.000000	0.000000	0.000000	1660178572.452194	0.000000
200.000000	-252.482516	-197.906156	-179.917237	-370.953197	0.000000	0.000000	0.000000	0.000000	0.000000	0.000000	0.000000	0.000000	1660178572.452194	0.000000
0.000000	-189.048203	-139.204686	-131.478053	-362.257929	0.000000	0.000000	0.000000	0.000000	0.000000	0.000000	0.000000	0.000000	1660178572.456068	0.000000
101.000000	-230.228241	-176.899138	-162.227510	-384.917983	0.000000	0.000000	0.000000	0.000000	0.000000	0.000000	0.000000	0.000000	1660178572.470705	0.000000
101.000000	-267.473905	-213.449180	-187.015567	-381.129465	0.000000	0.000000	0.000000	0.000000	0.000000	0.000000	0.000000	0.000000	1660178572.470705	0.000000
102.000000	-203.719830	-151.011550	-145.917807	-357.624193	0.000000	0.000000	0.000000	0.000000	0.000000	0.000000	0.000000	0.000000	1660178572.473610	0.000000
102.000000	-202.265009	-149.912020	-141.400007	-371.948010	0.000000	0.000000	0.000000	0.000000	0.000000	0.000000	0.000000	0.000000	1660178572.473610	0.000000
103.000000	-274.531096	-223.677806	-192.939569	-387.218022	0.000000	0.000000	0.000000	0.000000	0.000000	0.000000	0.000000	0.000000	1660178572.477456	0.000000
103.000000	-234.734821	-174.756175	-161.748803	-365.029195	0.000000	0.000000	0.000000	0.000000	0.000000	0.000000	0.000000	0.000000	1660178572.477456	0.000000
104.000000	-191.318322	-133.396622	-135.027218	-365.601400	0.000000	0.000000	0.000000	0.000000	0.000000	0.000000	0.000000	0.000000	1660178572.483186	0.000000
104.000000	-255.308010	-194.263493	-175.837006	-381.305240	0.000000	0.000000	0.000000	0.000000	0.000000	0.000000	0.000000	0.000000	1660178572.483186	0.000000
105.000000	-259.664994	-192.210288	-179.857399	-366.977683	0.000000	0.000000	0.000000	0.000000	0.000000	0.000000	0.000000	0.000000	1660178572.488072	0.000000
105.000000	-196.576621	-135.199253	-136.268865	-355.354074	0.000000	0.000000	0.000000	0.000000	0.000000	0.000000	0.000000	0.000000	1660178572.488072	0.000000
106.000000	-244.727833	-178.402578	-163.087687	-383.515521	0.000000	0.000000	0.000000	0.000000	0.000000	0.000000	0.000000	0.000000	1660178572.517080	0.000000
106.000000	-276.281369	-206.709880	-185.287733	-367.546148	0.000000	0.000000	0.000000	0.000000	0.000000	0.000000	0.000000	0.000000	1660178572.517080	0.000000
107.000000	-215.754828	-151.785710	-142.376121	-351.812389	0.000000	0.000000	0.000000	0.000000	0.000000	0.000000	0.000000	0.000000	1660178572.520808	0.000000
107.000000	-224.839045	-146.620908	-146.403994	-369.655452	0.000000	0.000000	0.000000	0.000000	0.000000	0.000000	0.000000	0.000000	1660178572.520808	0.000000
108.000000	-290.145178	-215.408888	-195.796852	-384.308380	0.000000	0.000000	0.000000	0.000000	0.000000	0.000000	0.000000	0.000000	1660178572.525064	0.000000
108.000000	-258.288711	-183.795513	-173.970796	-371.686217	0.000000	0.000000	0.000000	0.000000	0.000000	0.000000	0.000000	0.000000	1660178572.525064	0.000000
109.000000	-216.476629	-144.152574	-143.711266	-370.388472	0.000000	0.000000	0.000000	0.000000	0.000000	0.000000	0.000000	0.000000	1660178572.530323	0.000000
109.000000	-281.165679	-206.908095	-185.557006	-393.818945	0.000000	0.000000	0.000000	0.000000	0.000000	0.000000	0.000000	0.000000	1660178572.530323	0.000000
110.000000	-279.284509	-201.070111	-181.903124	-366.805648	0.000000	0.000000	0.000000	0.000000	0.000000	0.000000	0.000000	0.000000	1660178572.534293	0.000000
110.000000	-215.814667	-131.268618	-136.474559	-352.156460	0.000000	0.000000	0.000000	0.000000	0.000000	0.000000	0.000000	0.000000	1660178572.534293	0.000000
111.000000	-257.694067	-182.755821	-164.628526	-384.888064	0.000000	0.000000	0.000000	0.000000	0.000000	0.000000	0.000000	0.000000	1660178572.544543	0.000000
111.000000	-297.187410	-216.687933	-190.920023	-372.056467	0.000000	0.000000	0.000000	0.000000	0.000000	0.000000	0.000000	0.000000	1660178572.544543	0.000000
112.000000	-233.190242	-159.923732	-150.641300	-358.473151	0.000000	0.000000	0.000000	0.000000	0.000000	0.000000	0.000000	0.000000	1660178572.560223	0.000000
112.000000	-242.491373	-168.469403	-156.206271	-377.883231	0.000000	0.000000	0.000000	0.000000	0.000000	0.000000	0.000000	0.000000	1660178572.560223	0.000000
113.000000	-296.244955	-215.113436	-193.631450	-375.097006	0.000000	0.000000	0.000000	0.000000	0.000000	0.000000	0.000000	0.000000	1660178572.566058	0.000000
113.000000	-255.921354	-174.868372	-163.884286	-350.069595	0.000000	0.000000	0.000000	0.000000	0.000000	0.000000	0.000000	0.000000	1660178572.566058	0.000000
114.000000	-220.852312	-145.955206	-140.453813	-362.284109	0.000000	0.000000	0.000000	0.000000	0.000000	0.000000	0.000000	0.000000	1660178572.573174	0.000000
114.000000	-283.274982	-206.343370	-186.510681	-378.212343	0.000000	0.000000	0.000000	0.000000	0.000000	0.000000	0.000000	0.000000	1660178572.573174	0.000000
115.000000	-284.385733	-203.242993	-184.180723	-363.948364	0.000000	0.000000	0.000000	0.000000	0.000000	0.000000	0.000000	0.000000	1660178572.590076	0.000000
115.000000	-217.280708	-141.422447	-140.337876	-350.753997	0.000000	0.000000	0.000000	0.000000	0.000000	0.000000	0.000000	0.000000	1660178572.590076	0.000000
116.000000	-265.409480	-181.611412	-169.445517	-375.007248	0.000000	0.000000	0.000000	0.000000	0.000000	0.000000	0.000000	0.000000	1660178572.595073	0.000000
116.000000	-294.060854	-212.854536	-195.011473	-366.124986	0.000000	0.000000	0.000000	0.000000	0.000000	0.000000	0.000000	0.000000	1660178572.595073	0.000000
117.000000	-229.270827	-158.121100	-148.606795	-335.794397	0.000000	0.000000	0.000000	0.000000	0.000000	0.000000	0.000000	0.000000	1660178572.603325	0.000000
117.000000	-229.547579	-158.394113	-151.314482	-357.190365	0.000000	0.000000	0.000000	0.000000	0.000000	0.000000	0.000000	0.000000	1660178572.603325	0.000000
118.000000	-295.253882	-220.308157	-194.674882	-367.774282	0.000000	0.000000	0.000000	0.000000	0.000000	0.000000	0.000000	0.000000	1660178572.619145	0.000000
118.000000	-251.111843	-175.762208	-162.788495	-337.656867	0.000000	0.000000	0.000000	0.000000	0.000000	0.000000	0.000000	0.000000	1660178572.619145	0.000000
119.000000	-216.895498	-147.742878	-138.860615	-341.456606	0.000000	0.000000	0.000000	0.000000	0.000000	0.000000	0.000000	0.000000	1660178572.624183	0.000000
119.000000	-275.107041	-203.789019	-178.686810	-357.504517	0.000000	0.000000	0.000000	0.000000	0.000000	0.000000	0.000000	0.000000	1660178572.624183	0.000000
120.000000	-276.677799	-201.634836	-178.821446	-348.809249	0.000000	0.000000	0.000000	0.000000	0.000000	0.000000	0.000000	0.000000	1660178572.633071	0.000000
120.000000	-208.536822	-138.467926	-129.970873	-331.082123	0.000000	0.000000	0.000000	0.000000	0.000000	0.000000	0.000000	0.000000	1660178572.633071	0.000000
121.000000	-255.453866	-183.885271	-162.317268	-357.156706	0.000000	0.000000	0.000000	0.000000	0.000000	0.000000	0.000000	0.000000	1660178572.666589	0.000000
121.000000	-290.952997	-219.836929	-192.128010	-353.678599	0.000000	0.000000	0.000000	0.000000	0.000000	0.000000	0.000000	0.000000	1660178572.666589	0.000000
122.000000	-221.682570	-153.752897	-144.085256	-325.251619	0.000000	0.000000	0.000000	0.000000	0.000000	0.000000	0.000000	0.000000	1660178572.671405	0.000000
122.000000	-221.776067	-153.842655	-143.883301	-340.802123	0.000000	0.000000	0.000000	0.000000	0.000000	0.000000	0.000000	0.000000	1660178572.671405	0.000000
123.000000	-281.939838	-215.749219	-182.520207	-348.678353	0.000000	0.000000	0.000000	0.000000	0.000000	0.000000	0.000000	0.000000	1660178572.677067	0.000000
123.000000	-234.544086	-171.248149	-158.801762	-328.531512	0.000000	0.000000	0.000000	0.000000	0.000000	0.000000	0.000000	0.000000	1660178572.677067	0.000000
124.000000	-191.045309	-131.571550	-122.917422	-328.243539	0.000000	0.000000	0.000000	0.000000	0.000000	0.000000	0.000000	0.000000	1660178572.682181	0.000000
124.000000	-264.796137	-197.120777	-173.099399	-358.693805	0.000000	0.000000	0.000000	0.000000	0.000000	0.000000	0.000000	0.000000	1660178572.682181	0.000000
125.000000	-267.698299	-185.624324	-173.503309	-335.973913	0.000000	0.000000	0.000000	0.000000	0.000000	0.000000	0.000000	0.000000	1660178572.685804	0.000000
125.000000	-199.931312	-125.094044	-121.802932	-326.642862	0.000000	0.000000	0.000000	0.000000	0.000000	0.000000	0.000000	0.000000	1660178572.685804	0.000000
126.000000	-242.038845	-169.236083	-152.967518	-348.925186	0.000000	0.000000	0.000000	0.000000	0.000000	0.000000	0.000000	0.000000	1660178572.712098	0.000000
126.000000	-280.810388	-206.780939	-185.209196	-348.629734	0.000000	0.000000	0.000000	0.000000	0.000000	0.000000	0.000000	0.000000	1660178572.712098	0.000000
127.000000	-213.802601	-140.580969	-141.048457	-329.451527	0.000000	0.000000	0.000000	0.000000	0.000000	0.000000	0.000000	0.000000	1660178572.718077	0.000000
127.000000	-216.140038	-143.969319	-137.985479	-343.300377	0.000000	0.000000	0.000000	0.000000	0.000000	0.000000	0.000000	0.000000	1660178572.718077	0.000000
128.000000	-274.332881	-209.619523	-182.609965	-355.731804	0.000000	0.000000	0.000000	0.000000	0.000000	0.000000	0.000000	0.000000	1660178572.725073	0.000000
128.000000	-223.773174	-159.736737	-144.133874	-318.983547	0.000000	0.000000	0.000000	0.000000	0.000000	0.000000	0.000000	0.000000	1660178572.725073	0.000000
129.000000	-192.316875	-127.038792	-125.711127	-334.683647	0.000000	0.000000	0.000000	0.000000	0.000000	0.000000	0.000000	0.000000	1660178572.728186	0.000000
129.000000	-262.533497	-187.845825	-169.191204	-354.486417	0.000000	0.000000	0.000000	0.000000	0.000000	0.000000	0.000000	0.000000	1660178572.728186	0.000000
130.000000	-256.239245	-187.987941	-163.428018	-341.336929	0.000000	0.000000	0.000000	0.000000	0.000000	0.000000	0.000000	0.000000	1660178572.755068	0.000000
130.000000	-188.393720	-128.594590	-127.001393	-329.466487	0.000000	0.000000	0.000000	0.000000	0.000000	0.000000	0.000000	0.000000	1660178572.755068	0.000000
131.000000	-235.871750	-171.263109	-157.874267	-351.898407	0.000000	0.000000	0.000000	0.000000	0.000000	0.000000	0.000000	0.000000	1660178572.759550	0.000000
131.000000	-282.586841	-211.998099	-184.498615	-352.582808	0.000000	0.000000	0.000000	0.000000	0.000000	0.000000	0.000000	0.000000	1660178572.759550	0.000000
132.000000	-208.570481	-141.781477	-133.729473	-329.900315	0.000000	0.000000	0.000000	0.000000	0.000000	0.000000	0.000000	0.000000	1660178572.762693	0.000000
132.000000	-209.082847	-146.074882	-139.668434	-347.949072	0.000000	0.000000	0.000000	0.000000	0.000000	0.000000	0.000000	0.000000	1660178572.762693	0.000000
133.000000	-266.262177	-203.803978	-178.563393	-352.291096	0.000000	0.000000	0.000000	0.000000	0.000000	0.000000	0.000000	0.000000	1660178572.766424	0.000000
133.000000	-234.259853	-167.755082	-155.570488	-335.622362	0.000000	0.000000	0.000000	0.000000	0.000000	0.000000	0.000000	0.000000	1660178572.766424	0.000000
134.000000	-195.409773	-137.454413	-129.189234	-343.719245	0.000000	0.000000	0.000000	0.000000	0.000000	0.000000	0.000000	0.000000	1660178572.772064	0.000000
134.000000	-255.109796	-195.026433	-169.797068	-362.145732	0.000000	0.000000	0.000000	0.000000	0.000000	0.000000	0.000000	0.000000	1660178572.772064	0.000000
135.000000	-255.610942	-190.400177	-168.402085	-341.310750	0.000000	0.000000	0.000000	0.000000	0.000000	0.000000	0.000000	0.000000	1660178572.800577	0.000000
135.000000	-197.223624	-127.087410	-130.374782	-335.319430	0.000000	0.000000	0.000000	0.000000	0.000000	0.000000	0.000000	0.000000	1660178572.800577	0.000000
136.000000	-240.468087	-177.875252	-158.338014	-364.169018	0.000000	0.000000	0.000000	0.000000	0.000000	0.000000	0.000000	0.000000	1660178572.804562	0.000000
136.000000	-275.750304	-206.302231	-182.288334	-356.547102	0.000000	0.000000	0.000000	0.000000	0.000000	0.000000	0.000000	0.000000	1660178572.804562	0.000000
137.000000	-215.941823	-148.797530	-140.853982	-331.459853	0.000000	0.000000	0.000000	0.000000	0.000000	0.000000	0.000000	0.000000	1660178572.811064	0.000000
137.000000	-219.917337	-155.776183	-140.700646	-353.016637	0.000000	0.000000	0.000000	0.000000	0.000000	0.000000	0.000000	0.000000	1660178572.811064	0.000000
138.000000	-271.759830	-216.212966	-183.948849	-365.728557	0.000000	0.000000	0.000000	0.000000	0.000000	0.000000	0.000000	0.000000	1660178572.815056	0.000000
138.000000	-235.748334	-177.695737	-160.985864	-340.641308	0.000000	0.000000	0.000000	0.000000	0.000000	0.000000	0.000000	0.000000	1660178572.815056	0.000000
139.000000	-199.849034	-138.636221	-132.783278	-345.895867	0.000000	0.000000	0.000000	0.000000	0.000000	0.000000	0.000000	0.000000	1660178572.847236	0.000000
139.000000	-266.725925	-199.544232	-178.956083	-373.361692	0.000000	0.000000	0.000000	0.000000	0.000000	0.000000	0.000000	0.000000	1660178572.847236	0.000000
140.000000	-260.652327	-195.325625	-177.579800	-350.110734	0.000000	0.000000	0.000000	0.000000	0.000000	0.000000	0.000000	0.000000	1660178572.852184	0.000000
140.000000	-191.542716	-130.681454	-123.171735	-335.454066	0.000000	0.000000	0.000000	0.000000	0.000000	0.000000	0.000000	0.000000	1660178572.852184	0.000000
141.000000	-237.794059	-170.485209	-157.126287	-358.428272	0.000000	0.000000	0.000000	0.000000	0.000000	0.000000	0.000000	0.000000	1660178572.857191	0.000000
141.000000	-273.397906	-212.469326	-184.397637	-357.908426	0.000000	0.000000	0.000000	0.000000	0.000000	0.000000	0.000000	0.000000	1660178572.857191	0.000000
142.000000	-203.293482	-142.125548	-133.987526	-332.043278	0.000000	0.000000	0.000000	0.000000	0.000000	0.000000	0.000000	0.000000	1660178572.860725	0.000000
142.000000	-199.867733	-144.496645	-139.021431	-350.275290	0.000000	0.000000	0.000000	0.000000	0.000000	0.000000	0.000000	0.000000	1660178572.860725	0.000000
143.000000	-263.528310	-206.586464	-185.695383	-366.805648	0.000000	0.000000	0.000000	0.000000	0.000000	0.000000	0.000000	0.000000	1660178572.865410	0.000000
143.000000	-218.757968	-156.393266	-146.834082	-337.552150	0.000000	0.000000	0.000000	0.000000	0.000000	0.000000	0.000000	0.000000	1660178572.865410	0.000000
144.000000	-181.714259	-122.659369	-124.383463	-344.269011	0.000000	0.000000	0.000000	0.000000	0.000000	0.000000	0.000000	0.000000	1660178572.888756	0.000000
144.000000	-244.282785	-191.353851	-173.596806	-365.653759	0.000000	0.000000	0.000000	0.000000	0.000000	0.000000	0.000000	0.000000	1660178572.888756	0.000000
145.000000	-247.753412	-184.072266	-170.384232	-354.138607	0.000000	0.000000	0.000000	0.000000	0.000000	0.000000	0.000000	0.000000	1660178572.905883	0.000000
145.000000	-178.980392	-117.019600	-120.441608	-339.388441	0.000000	0.000000	0.000000	0.000000	0.000000	0.000000	0.000000	0.000000	1660178572.905883	0.000000
146.000000	-224.360338	-166.719130	-157.096368	-367.886479	0.000000	0.000000	0.000000	0.000000	0.000000	0.000000	0.000000	0.000000	1660178572.911051	0.000000
146.000000	-262.013651	-205.292458	-182.000361	-371.802154	0.000000	0.000000	0.000000	0.000000	0.000000	0.000000	0.000000	0.000000	1660178572.911051	0.000000
147.000000	-200.899946	-146.119761	-140.969919	-347.062716	0.000000	0.000000	0.000000	0.000000	0.000000	0.000000	0.000000	0.000000	1660178572.914669	0.000000
147.000000	-203.027949	-146.033744	-142.376121	-370.511889	0.000000	0.000000	0.000000	0.000000	0.000000	0.000000	0.000000	0.000000	1660178572.914669	0.000000
148.000000	-278.278476	-212.686241	-189.252027	-385.789380	0.000000	0.000000	0.000000	0.000000	0.000000	0.000000	0.000000	0.000000	1660178572.919067	0.000000
148.000000	-226.581839	-172.276622	-162.691258	-361.042462	0.000000	0.000000	0.000000	0.000000	0.000000	0.000000	0.000000	0.000000	1660178572.919067	0.000000
149.000000	-198.065102	-137.529211	-136.317483	-374.315367	0.000000	0.000000	0.000000	0.000000	0.000000	0.000000	0.000000	0.000000	1660178572.934188	0.000000
149.000000	-259.945486	-197.453628	-180.923270	-395.438322	0.000000	0.000000	0.000000	0.000000	0.000000	0.000000	0.000000	0.000000	1660178572.934188	0.000000
150.000000	-254.380515	-193.642670	-178.529734	-370.964417	0.000000	0.000000	0.000000	0.000000	0.000000	0.000000	0.000000	0.000000	1660178572.950292	0.000000
150.000000	-193.809096	-139.791850	-139.930227	-370.384732	0.000000	0.000000	0.000000	0.000000	0.000000	0.000000	0.000000	0.000000	1660178572.950292	0.000000
151.000000	-235.624917	-183.249488	-170.937737	-394.432289	0.000000	0.000000	0.000000	0.000000	0.000000	0.000000	0.000000	0.000000	1660178572.955551	0.000000
151.000000	-274.138407	-216.687933	-195.366764	-382.243955	0.000000	0.000000	0.000000	0.000000	0.000000	0.000000	0.000000	0.000000	1660178572.955551	0.000000
152.000000	-206.434998	-152.376614	-146.538630	-355.630827	0.000000	0.000000	0.000000	0.000000	0.000000	0.000000	0.000000	0.000000	1660178572.959760	0.000000
152.000000	-220.986948	-165.503663	-160.144386	-387.659330	0.000000	0.000000	0.000000	0.000000	0.000000	0.000000	0.000000	0.000000	1660178572.959760	0.000000
153.000000	-274.041169	-218.000638	-195.995067	-391.735821	0.000000	0.000000	0.000000	0.000000	0.000000	0.000000	0.000000	0.000000	1660178572.981481	0.000000
153.000000	-233.586671	-179.711543	-167.369873	-363.005909	0.000000	0.000000	0.000000	0.000000	0.000000	0.000000	0.000000	0.000000	1660178572.981481	0.000000
154.000000	-198.828041	-144.623801	-138.946633	-369.318861	0.000000	0.000000	0.000000	0.000000	0.000000	0.000000	0.000000	0.000000	1660178572.987162	0.000000
154.000000	-257.738945	-198.590558	-183.997468	-388.336252	0.000000	0.000000	0.000000	0.000000	0.000000	0.000000	0.000000	0.000000	1660178572.987162	0.000000
155.000000	-251.695267	-191.978414	-177.175890	-368.664378	0.000000	0.000000	0.000000	0.000000	0.000000	0.000000	0.000000	0.000000	1660178572.996443	0.000000
155.000000	-188.988364	-132.435467	-133.905248	-359.333328	0.000000	0.000000	0.000000	0.000000	0.000000	0.000000	0.000000	0.000000	1660178572.996443	0.000000
156.000000	-233.283740	-181.985402	-166.087087	-389.963108	0.000000	0.000000	0.000000	0.000000	0.000000	0.000000	0.000000	0.000000	1660178573.000582	0.000000
156.000000	-265.054190	-216.373782	-189.207149	-375.414897	0.000000	0.000000	0.000000	0.000000	0.000000	0.000000	0.000000	0.000000	1660178573.000582	0.000000
157.000000	-211.928911	-153.599561	-147.320269	-362.343947	0.000000	0.000000	0.000000	0.000000	0.000000	0.000000	0.000000	0.000000	1660178573.005080	0.000000
157.000000	-212.602093	-157.732151	-150.128934	-370.627826	0.000000	0.000000	0.000000	0.000000	0.000000	0.000000	0.000000	0.000000	1660178573.005080	0.000000
158.000000	-269.212958	-214.844163	-191.563286	-380.187010	0.000000	0.000000	0.000000	0.000000	0.000000	0.000000	0.000000	0.000000	1660178573.026129	0.000000
158.000000	-221.719969	-176.749542	-162.941831	-352.709965	0.000000	0.000000	0.000000	0.000000	0.000000	0.000000	0.000000	0.000000	1660178573.026129	0.000000
159.000000	-182.024671	-140.678207	-135.244132	-353.749657	0.000000	0.000000	0.000000	0.000000	0.000000	0.000000	0.000000	0.000000	1660178573.030201	0.000000
159.000000	-254.537591	-205.408395	-184.330319	-373.986256	0.000000	0.000000	0.000000	0.000000	0.000000	0.000000	0.000000	0.000000	1660178573.030201	0.000000
160.000000	-249.582224	-198.455921	-178.110865	-353.289649	0.000000	0.000000	0.000000	0.000000	0.000000	0.000000	0.000000	0.000000	1660178573.034418	0.000000
160.000000	-184.941793	-133.811750	-127.569857	-336.475059	0.000000	0.000000	0.000000	0.000000	0.000000	0.000000	0.000000	0.000000	1660178573.034418	0.000000
161.000000	-231.193135	-179.954636	-163.790789	-367.321754	0.000000	0.000000	0.000000	0.000000	0.000000	0.000000	0.000000	0.000000	1660178573.039521	0.000000
161.000000	-266.669826	-218.082916	-192.475821	-360.649772	0.000000	0.000000	0.000000	0.000000	0.000000	0.000000	0.000000	0.000000	1660178573.039521	0.000000
162.000000	-199.022516	-156.625140	-144.964132	-334.829503	0.000000	0.000000	0.000000	0.000000	0.000000	0.000000	0.000000	0.000000	1660178573.071117	0.000000
162.000000	-205.918892	-164.112420	-148.326302	-353.244771	0.000000	0.000000	0.000000	0.000000	0.000000	0.000000	0.000000	0.000000	1660178573.071117	0.000000
163.000000	-267.795536	-219.952866	-190.168303	-360.066348	0.000000	0.000000	0.000000	0.000000	0.000000	0.000000	0.000000	0.000000	1660178573.076080	0.000000
163.000000	-223.283247	-177.901431	-154.676652	-328.617529	0.000000	0.000000	0.000000	0.000000	0.000000	0.000000	0.000000	0.000000	1660178573.076080	0.000000
164.000000	-190.480585	-140.255598	-131.272358	-339.811050	0.000000	0.000000	0.000000	0.000000	0.000000	0.000000	0.000000	0.000000	1660178573.079180	0.000000
164.000000	-255.558584	-202.461354	-184.046087	-356.307749	0.000000	0.000000	0.000000	0.000000	0.000000	0.000000	0.000000	0.000000	1660178573.079180	0.000000
165.000000	-247.356983	-192.595498	-174.341046	-333.625255	0.000000	0.000000	0.000000	0.000000	0.000000	0.000000	0.000000	0.000000	1660178573.086102	0.000000
165.000000	-185.940346	-134.847703	-129.148095	-324.006233	0.000000	0.000000	0.000000	0.000000	0.000000	0.000000	0.000000	0.000000	1660178573.086102	0.000000
166.000000	-231.701762	-180.089273	-155.615367	-341.542624	0.000000	0.000000	0.000000	0.000000	0.000000	0.000000	0.000000	0.000000	1660178573.099603	0.000000
166.000000	-269.736544	-208.965040	-185.175536	-333.378422	0.000000	0.000000	0.000000	0.000000	0.000000	0.000000	0.000000	0.000000	1660178573.099603	0.000000
167.000000	-203.450558	-142.783770	-135.625602	-308.582885	0.000000	0.000000	0.000000	0.000000	0.000000	0.000000	0.000000	0.000000	1660178573.103395	0.000000
167.000000	-200.727910	-153.655660	-139.455259	-329.563724	0.000000	0.000000	0.000000	0.000000	0.000000	0.000000	0.000000	0.000000	1660178573.103395	0.000000
168.000000	-271.527956	-216.777691	-183.492581	-335.304470	0.000000	0.000000	0.000000	0.000000	0.000000	0.000000	0.000000	0.000000	1660178573.113876	0.000000
168.000000	-227.816006	-176.267095	-156.011797	-316.384317	0.000000	0.000000	0.000000	0.000000	0.000000	0.000000	0.000000	0.000000	1660178573.113876	0.000000
169.000000	-185.454159	-135.543324	-130.932027	-314.802339	0.000000	0.000000	0.000000	0.000000	0.000000	0.000000	0.000000	0.000000	1660178573.129206	0.000000
169.000000	-251.713967	-201.358084	-178.338999	-337.324016	0.000000	0.000000	0.000000	0.000000	0.000000	0.000000	0.000000	0.000000	1660178573.129206	0.000000
170.000000	-249.099776	-197.550865	-166.490996	-310.063886	0.000000	0.000000	0.000000	0.000000	0.000000	0.000000	0.000000	0.000000	1660178573.132193	0.000000
170.000000	-183.606648	-135.513405	-126.533905	-300.205509	0.000000	0.000000	0.000000	0.000000	0.000000	0.000000	0.000000	0.000000	1660178573.132193	0.000000
171.000000	-232.401123	-180.534321	-156.557822	-317.285632	0.000000	0.000000	0.000000	0.000000	0.000000	0.000000	0.000000	0.000000	1660178573.145071	0.000000
171.000000	-265.660053	-216.205486	-177.680777	-304.850465	0.000000	0.000000	0.000000	0.000000	0.000000	0.000000	0.000000	0.000000	1660178573.145071	0.000000
172.000000	-197.866887	-147.241731	-126.275852	-276.322508	0.000000	0.000000	0.000000	0.000000	0.000000	0.000000	0.000000	0.000000	1660178573.159283	0.000000
172.000000	-199.048695	-152.174659	-132.304571	-287.474890	0.000000	0.000000	0.000000	0.000000	0.000000	0.000000	0.000000	0.000000	1660178573.159283	0.000000
173.000000	-252.114136	-202.453874	-164.766902	-290.392012	0.000000	0.000000	0.000000	0.000000	0.000000	0.000000	0.000000	0.000000	1660178573.175065	0.000000
173.000000	-194.231704	-146.968719	-123.796298	-261.781777	0.000000	0.000000	0.000000	0.000000	0.000000	0.000000	0.000000	0.000000	1660178573.175065	0.000000
174.000000	-158.571758	-110.987141	-100.803393	-267.275690	0.000000	0.000000	0.000000	0.000000	0.000000	0.000000	0.000000	0.000000	1660178573.180181	0.000000
174.000000	-232.176729	-178.271681	-153.812735	-298.343039	0.000000	0.000000	0.000000	0.000000	0.000000	0.000000	0.000000	0.000000	1660178573.180181	0.000000
175.000000	-232.666656	-180.781154	-153.535983	-284.423132	0.000000	0.000000	0.000000	0.000000	0.000000	0.000000	0.000000	0.000000	1660178573.184433	0.000000
175.000000	-171.283678	-114.158576	-106.226248	-270.656560	0.000000	0.000000	0.000000	0.000000	0.000000	0.000000	0.000000	0.000000	1660178573.184433	0.000000
176.000000	-213.327633	-158.697045	-136.418461	-299.087279	0.000000	0.000000	0.000000	0.000000	0.000000	0.000000	0.000000	0.000000	1660178573.205700	0.000000
176.000000	-252.746179	-203.938615	-168.035575	-294.790134	0.000000	0.000000	0.000000	0.000000	0.000000	0.000000	0.000000	0.000000	1660178573.205700	0.000000
177.000000	-191.546456	-137.308557	-119.573951	-272.964078	0.000000	0.000000	0.000000	0.000000	0.000000	0.000000	0.000000	0.000000	1660178573.210676	0.000000
177.000000	-190.802216	-141.366348	-122.371397	-290.018022	0.000000	0.000000	0.000000	0.000000	0.000000	0.000000	0.000000	0.000000	1660178573.210676	0.000000
178.000000	-252.604063	-200.606364	-165.365286	-295.818607	0.000000	0.000000	0.000000	0.000000	0.000000	0.000000	0.000000	0.000000	1660178573.218826	0.000000
178.000000	-215.010588	-160.013490	-136.732612	-280.215744	0.000000	0.000000	0.000000	0.000000	0.000000	0.000000	0.000000	0.000000	1660178573.218826	0.000000
179.000000	-174.331697	-125.853243	-110.493474	-275.709165	0.000000	0.000000	0.000000	0.000000	0.000000	0.000000	0.000000	0.000000	1660178573.222308	0.000000
179.000000	-232.427302	-182.078899	-147.279130	-293.211896	0.000000	0.000000	0.000000	0.000000	0.000000	0.000000	0.000000	0.000000	1660178573.222308	0.000000
180.000000	-226.619238	-176.461570	-144.631281	-270.275090	0.000000	0.000000	0.000000	0.000000	0.000000	0.000000	0.000000	0.000000	1660178573.233460	0.000000
180.000000	-169.174374	-118.216368	-106.233728	-258.905794	0.000000	0.000000	0.000000	0.000000	0.000000	0.000000	0.000000	0.000000	1660178573.233460	0.000000
181.000000	-213.350073	-157.922885	-132.671081	-284.632566	0.000000	0.000000	0.000000	0.000000	0.000000	0.000000	0.000000	0.000000	1660178573.265565	0.000000
181.000000	-244.323924	-194.237314	-158.973797	-269.313936	0.000000	0.000000	0.000000	0.000000	0.000000	0.000000	0.000000	0.000000	1660178573.265565	0.000000
182.000000	-171.994259	-123.792558	-108.170996	-250.999646	0.000000	0.000000	0.000000	0.000000	0.000000	0.000000	0.000000	0.000000	1660178573.269442	0.000000
182.000000	-184.403247	-135.722839	-119.783386	-276.943332	0.000000	0.000000	0.000000	0.000000	0.000000	0.000000	0.000000	0.000000	1660178573.269442	0.000000
183.000000	-242.225840	-197.218014	-157.227264	-280.556075	0.000000	0.000000	0.000000	0.000000	0.000000	0.000000	0.000000	0.000000	1660178573.273764	0.000000
183.000000	-196.097914	-151.213505	-128.127103	-253.277245	0.000000	0.000000	0.000000	0.000000	0.000000	0.000000	0.000000	0.000000	1660178573.273764	0.000000
184.000000	-159.525433	-117.180415	-103.698076	-254.750765	0.000000	0.000000	0.000000	0.000000	0.000000	0.000000	0.000000	0.000000	1660178573.279199	0.000000
184.000000	-222.553967	-177.568580	-139.178507	-274.923786	0.000000	0.000000	0.000000	0.000000	0.000000	0.000000	0.000000	0.000000	1660178573.279199	0.000000
185.000000	-212.059807	-168.241269	-144.339569	-253.471719	0.000000	0.000000	0.000000	0.000000	0.000000	0.000000	0.000000	0.000000	1660178573.283304	0.000000
185.000000	-147.606371	-107.864325	-92.448457	-239.342377	0.000000	0.000000	0.000000	0.000000	0.000000	0.000000	0.000000	0.000000	1660178573.283304	0.000000
186.000000	-190.667580	-153.049796	-125.984140	-266.022824	0.000000	0.000000	0.000000	0.000000	0.000000	0.000000	0.000000	0.000000	1660178573.311101	0.000000
186.000000	-231.843878	-186.286287	-152.051243	-261.213312	0.000000	0.000000	0.000000	0.000000	0.000000	0.000000	0.000000	0.000000	1660178573.311101	0.000000
187.000000	-169.391289	-119.113944	-105.650304	-243.344070	0.000000	0.000000	0.000000	0.000000	0.000000	0.000000	0.000000	0.000000	1660178573.315438	0.000000
187.000000	-175.195613	-129.103216	-106.031774	-264.941993	0.000000	0.000000	0.000000	0.000000	0.000000	0.000000	0.000000	0.000000	1660178573.315438	0.000000
188.000000	-234.136437	-191.581985	-150.708618	-274.052389	0.000000	0.000000	0.000000	0.000000	0.000000	0.000000	0.000000	0.000000	1660178573.320066	0.000000
188.000000	-188.786410	-141.355129	-118.545479	-244.563278	0.000000	0.000000	0.000000	0.000000	0.000000	0.000000	0.000000	0.000000	1660178573.320066	0.000000
189.000000	-162.528572	-119.843224	-103.357745	-258.722539	0.000000	0.000000	0.000000	0.000000	0.000000	0.000000	0.000000	0.000000	1660178573.327179	0.000000
189.000000	-229.973928	-178.941123	-146.336675	-284.490450	0.000000	0.000000	0.000000	0.000000	0.000000	0.000000	0.000000	0.000000	1660178573.327179	0.000000
190.000000	-220.698976	-166.835067	-137.693767	-263.307656	0.000000	0.000000	0.000000	0.000000	0.000000	0.000000	0.000000	0.000000	1660178573.356703	0.000000
190.000000	-161.013913	-109.910050	-93.985556	-248.942701	0.000000	0.000000	0.000000	0.000000	0.000000	0.000000	0.000000	0.000000	1660178573.356703	0.000000
191.000000	-207.624286	-155.626587	-133.254505	-276.588041	0.000000	0.000000	0.000000	0.000000	0.000000	0.000000	0.000000	0.000000	1660178573.363074	0.000000
191.000000	-245.344917	-186.275067	-152.051243	-278.454251	0.000000	0.000000	0.000000	0.000000	0.000000	0.000000	0.000000	0.000000	1660178573.363074	0.000000
192.000000	-176.998245	-127.143509	-108.889057	-256.059730	0.000000	0.000000	0.000000	0.000000	0.000000	0.000000	0.000000	0.000000	1660178573.369105	0.000000
192.000000	-196.797276	-138.890535	-119.637530	-276.621700	0.000000	0.000000	0.000000	0.000000	0.000000	0.000000	0.000000	0.000000	1660178573.369105	0.000000
193.000000	-252.536745	-189.244548	-154.781370	-286.150965	0.000000	0.000000	0.000000	0.000000	0.000000	0.000000	0.000000	0.000000	1660178573.372923	0.000000
193.000000	-208.349827	-147.432466	-129.196714	-261.374128	0.000000	0.000000	0.000000	0.000000	0.000000	0.000000	0.000000	0.000000	1660178573.372923	0.000000
194.000000	-177.847202	-116.395036	-103.219369	-269.482231	0.000000	0.000000	0.000000	0.000000	0.000000	0.000000	0.000000	0.000000	1660178573.376180	0.000000
194.000000	-244.353843	-180.250088	-145.674713	-290.616406	0.000000	0.000000	0.000000	0.000000	0.000000	0.000000	0.000000	0.000000	1660178573.376180	0.000000
195.000000	-237.375190	-176.214736	-149.186479	-270.604201	0.000000	0.000000	0.000000	0.000000	0.000000	0.000000	0.000000	0.000000	1660178573.400439	0.000000
195.000000	-178.763478	-117.352451	-103.088472	-267.234551	0.000000	0.000000	0.000000	0.000000	0.000000	0.000000	0.000000	0.000000	1660178573.400439	0.000000
196.000000	-223.578699	-155.817322	-136.238946	-293.720523	0.000000	0.000000	0.000000	0.000000	0.000000	0.000000	0.000000	0.000000	1660178573.405606	0.000000
196.000000	-263.161800	-195.658476	-161.823601	-292.665871	0.000000	0.000000	0.000000	0.000000	0.000000	0.000000	0.000000	0.000000	1660178573.405606	0.000000
197.000000	-201.258976	-134.009965	-120.198515	-269.803863	0.000000	0.000000	0.000000	0.000000	0.000000	0.000000	0.000000	0.000000	1660178573.410075	0.000000
197.000000	-211.798014	-145.491458	-124.858430	-296.327233	0.000000	0.000000	0.000000	0.000000	0.000000	0.000000	0.000000	0.000000	1660178573.410075	0.000000
198.000000	-270.682739	-201.492720	-170.215937	-314.922016	0.000000	0.000000	0.000000	0.000000	0.000000	0.000000	0.000000	0.000000	1660178573.416409	0.000000
198.000000	-225.583286	-150.428126	-132.125056	-281.861300	0.000000	0.000000	0.000000	0.000000	0.000000	0.000000	0.000000	0.000000	1660178573.416409	0.000000
199.000000	-200.870027	-128.403855	-116.653089	-292.957583	0.000000	0.000000	0.000000	0.000000	0.000000	0.000000	0.000000	0.000000	1660178573.446332	0.000000
199.000000	-261.456406	-190.291720	-158.375413	-315.535359	0.000000	0.000000	0.000000	0.000000	0.000000	0.000000	0.000000	0.000000	1660178573.446332	0.000000
200.000000	-254.948980	-179.636745	-154.343801	-298.945163	0.000000	0.000000	0.000000	0.000000	0.000000	0.000000	0.000000	0.000000	1660178573.450720	0.000000
200.000000	-193.925032	-120.370550	-113.541493	-295.863485	0.000000	0.000000	0.000000	0.000000	0.000000	0.000000	0.000000	0.000000	1660178573.450720	0.000000
0.000000	-240.107187	-164.937068	-144.025417	-317.665232	0.000000	0.000000	0.000000	0.000000	0.000000	0.000000	0.000000	0.000000	1660178573.456558	0.000000
101.000000	-275.254767	-199.056175	-168.379646	-310.069495	0.000000	0.000000	0.000000	0.000000	0.000000	0.000000	0.000000	0.000000	1660178573.462065	0.000000
101.000000	-214.275698	-138.118245	-123.702801	-297.166841	0.000000	0.000000	0.000000	0.000000	0.000000	0.000000	0.000000	0.000000	1660178573.462065	0.000000
102.000000	-221.089796	-145.983255	-129.671681	-314.273143	0.000000	0.000000	0.000000	0.000000	0.000000	0.000000	0.000000	0.000000	1660178573.465932	0.000000
102.000000	-282.513913	-202.754936	-178.256722	-327.976136	0.000000	0.000000	0.000000	0.000000	0.000000	0.000000	0.000000	0.000000	1660178573.465932	0.000000
103.000000	-232.698445	-156.720508	-138.490365	-298.150434	0.000000	0.000000	0.000000	0.000000	0.000000	0.000000	0.000000	0.000000	1660178573.490210	0.000000
103.000000	-201.836791	-130.174698	-122.412535	-310.091935	0.000000	0.000000	0.000000	0.000000	0.000000	0.000000	0.000000	0.000000	1660178573.490210	0.000000
104.000000	-266.200469	-188.505917	-164.310635	-328.664278	0.000000	0.000000	0.000000	0.000000	0.000000	0.000000	0.000000	0.000000	1660178573.493440	0.000000
104.000000	-256.843239	-177.574190	-154.212905	-309.325255	0.000000	0.000000	0.000000	0.000000	0.000000	0.000000	0.000000	0.000000	1660178573.493440	0.000000
105.000000	-192.943309	-118.506210	-110.646810	-297.667987	0.000000	0.000000	0.000000	0.000000	0.000000	0.000000	0.000000	0.000000	1660178573.504553	0.000000
105.000000	-237.485517	-163.912335	-144.735998	-324.471850	0.000000	0.000000	0.000000	0.000000	0.000000	0.000000	0.000000	0.000000	1660178573.504553	0.000000
106.000000	-274.121577	-199.071135	-169.726010	-323.862247	0.000000	0.000000	0.000000	0.000000	0.000000	0.000000	0.000000	0.000000	1660178573.508592	0.000000
106.000000	-213.834390	-136.072520	-127.693274	-301.030157	0.000000	0.000000	0.000000	0.000000	0.000000	0.000000	0.000000	0.000000	1660178573.508592	0.000000
107.000000	-219.990265	-147.120184	-135.763978	-319.778276	0.000000	0.000000	0.000000	0.000000	0.000000	0.000000	0.000000	0.000000	1660178573.514066	0.000000
107.000000	-280.191435	-202.104194	-172.508495	-329.741369	0.000000	0.000000	0.000000	0.000000	0.000000	0.000000	0.000000	0.000000	1660178573.514066	0.000000
108.000000	-228.633174	-154.450388	-139.477699	-300.439253	0.000000	0.000000	0.000000	0.000000	0.000000	0.000000	0.000000	0.000000	1660178573.551207	0.000000
108.000000	-209.395129	-130.313074	-123.676622	-313.154913	0.000000	0.000000	0.000000	0.000000	0.000000	0.000000	0.000000	0.000000	1660178573.551207	0.000000
109.000000	-271.918776	-191.565156	-167.504509	-335.145525	0.000000	0.000000	0.000000	0.000000	0.000000	0.000000	0.000000	0.000000	1660178573.554320	0.000000
109.000000	-259.547187	-181.519784	-157.346941	-307.619861	0.000000	0.000000	0.000000	0.000000	0.000000	0.000000	0.000000	0.000000	1660178573.554320	0.000000
110.000000	-206.717360	-128.532882	-122.880023	-304.889734	0.000000	0.000000	0.000000	0.000000	0.000000	0.000000	0.000000	0.000000	1660178573.558549	0.000000
110.000000	-246.996083	-169.570804	-148.924686	-320.470157	0.000000	0.000000	0.000000	0.000000	0.000000	0.000000	0.000000	0.000000	1660178573.558549	0.000000
111.000000	-269.020354	-197.694852	-169.957884	-311.879607	0.000000	0.000000	0.000000	0.000000	0.000000	0.000000	0.000000	0.000000	1660178573.563636	0.000000
111.000000	-208.886502	-135.631212	-131.575290	-291.269018	0.000000	0.000000	0.000000	0.000000	0.000000	0.000000	0.000000	0.000000	1660178573.563636	0.000000
112.000000	-213.437960	-147.871904	-132.061477	-306.860661	0.000000	0.000000	0.000000	0.000000	0.000000	0.000000	0.000000	0.000000	1660178573.581894	0.000000
112.000000	-271.843978	-202.698838	-172.998422	-313.255890	0.000000	0.000000	0.000000	0.000000	0.000000	0.000000	0.000000	0.000000	1660178573.581894	0.000000
113.000000	-227.391527	-160.927895	-138.643701	-288.583770	0.000000	0.000000	0.000000	0.000000	0.000000	0.000000	0.000000	0.000000	1660178573.587300	0.000000
113.000000	-199.686348	-132.138145	-121.470081	-293.060430	0.000000	0.000000	0.000000	0.000000	0.000000	0.000000	0.000000	0.000000	1660178573.587300	0.000000
114.000000	-255.691350	-184.261131	-159.459984	-306.636267	0.000000	0.000000	0.000000	0.000000	0.000000	0.000000	0.000000	0.000000	1660178573.596343	0.000000
114.000000	-246.786648	-177.327356	-152.215798	-287.499199	0.000000	0.000000	0.000000	0.000000	0.000000	0.000000	0.000000	0.000000	1660178573.596343	0.000000
115.000000	-188.369411	-119.250450	-113.664909	-277.390250	0.000000	0.000000	0.000000	0.000000	0.000000	0.000000	0.000000	0.000000	1660178573.601089	0.000000
115.000000	-233.308049	-164.765032	-143.348495	-303.741585	0.000000	0.000000	0.000000	0.000000	0.000000	0.000000	0.000000	0.000000	1660178573.601089	0.000000
116.000000	-261.678930	-190.046756	-163.046548	-295.768118	0.000000	0.000000	0.000000	0.000000	0.000000	0.000000	0.000000	0.000000	1660178573.607068	0.000000
116.000000	-202.637129	-138.757768	-127.461400	-278.777753	0.000000	0.000000	0.000000	0.000000	0.000000	0.000000	0.000000	0.000000	1660178573.607068	0.000000
117.000000	-210.576937	-145.792520	-132.659861	-292.895875	0.000000	0.000000	0.000000	0.000000	0.000000	0.000000	0.000000	0.000000	1660178573.625078	0.000000
117.000000	-270.725748	-204.224717	-167.242716	-300.102662	0.000000	0.000000	0.000000	0.000000	0.000000	0.000000	0.000000	0.000000	1660178573.625078	0.000000
118.000000	-219.260985	-162.734267	-137.641408	-277.165856	0.000000	0.000000	0.000000	0.000000	0.000000	0.000000	0.000000	0.000000	1660178573.629185	0.000000
118.000000	-186.622878	-128.611420	-117.184155	-283.886456	0.000000	0.000000	0.000000	0.000000	0.000000	0.000000	0.000000	0.000000	1660178573.629185	0.000000
119.000000	-244.378153	-185.760831	-152.522470	-291.796344	0.000000	0.000000	0.000000	0.000000	0.000000	0.000000	0.000000	0.000000	1660178573.634051	0.000000
119.000000	-239.389126	-172.282231	-150.891874	-282.857983	0.000000	0.000000	0.000000	0.000000	0.000000	0.000000	0.000000	0.000000	1660178573.634051	0.000000
120.000000	-177.314267	-118.008803	-106.181370	-271.264294	0.000000	0.000000	0.000000	0.000000	0.000000	0.000000	0.000000	0.000000	1660178573.641076	0.000000
120.000000	-223.707726	-167.715814	-145.966425	-297.413674	0.000000	0.000000	0.000000	0.000000	0.000000	0.000000	0.000000	0.000000	1660178573.641076	0.000000
121.000000	-258.335459	-198.891620	-168.278668	-298.733859	0.000000	0.000000	0.000000	0.000000	0.000000	0.000000	0.000000	0.000000	1660178573.654763	0.000000
121.000000	-192.962008	-142.636044	-129.529565	-280.142816	0.000000	0.000000	0.000000	0.000000	0.000000	0.000000	0.000000	0.000000	1660178573.654763	0.000000
122.000000	-201.459061	-149.420223	-126.679761	-295.999992	0.000000	0.000000	0.000000	0.000000	0.000000	0.000000	0.000000	0.000000	1660178573.670086	0.000000
122.000000	-252.097306	-196.729957	-166.277822	-299.519238	0.000000	0.000000	0.000000	0.000000	0.000000	0.000000	0.000000	0.000000	1660178573.670086	0.000000
123.000000	-215.263032	-155.837891	-137.439453	-277.446348	0.000000	0.000000	0.000000	0.000000	0.000000	0.000000	0.000000	0.000000	1660178573.675178	0.000000
123.000000	-179.849919	-122.186271	-115.811612	-285.913482	0.000000	0.000000	0.000000	0.000000	0.000000	0.000000	0.000000	0.000000	1660178573.675178	0.000000
124.000000	-242.298768	-188.965925	-161.113020	-310.858614	0.000000	0.000000	0.000000	0.000000	0.000000	0.000000	0.000000	0.000000	1660178573.681103	0.000000
124.000000	-234.183185	-181.789057	-152.619707	-288.452874	0.000000	0.000000	0.000000	0.000000	0.000000	0.000000	0.000000	0.000000	1660178573.681103	0.000000
125.000000	-177.875252	-121.737483	-110.048426	-279.368657	0.000000	0.000000	0.000000	0.000000	0.000000	0.000000	0.000000	0.000000	1660178573.685562	0.000000
125.000000	-221.721839	-168.632089	-145.674713	-303.932320	0.000000	0.000000	0.000000	0.000000	0.000000	0.000000	0.000000	0.000000	1660178573.685562	0.000000
126.000000	-255.526795	-196.561662	-167.900939	-292.809857	0.000000	0.000000	0.000000	0.000000	0.000000	0.000000	0.000000	0.000000	1660178573.698056	0.000000
126.000000	-188.724702	-136.835460	-121.978707	-272.517160	0.000000	0.000000	0.000000	0.000000	0.000000	0.000000	0.000000	0.000000	1660178573.698056	0.000000
127.000000	-198.762593	-140.968049	-123.321331	-294.612489	0.000000	0.000000	0.000000	0.000000	0.000000	0.000000	0.000000	0.000000	1660178573.714960	0.000000
127.000000	-253.208057	-201.965817	-165.275529	-305.757391	0.000000	0.000000	0.000000	0.000000	0.000000	0.000000	0.000000	0.000000	1660178573.714960	0.000000
128.000000	-217.394775	-163.504686	-139.335583	-277.648303	0.000000	0.000000	0.000000	0.000000	0.000000	0.000000	0.000000	0.000000	1660178573.719337	0.000000
128.000000	-181.761008	-130.167218	-116.305279	-281.945448	0.000000	0.000000	0.000000	0.000000	0.000000	0.000000	0.000000	0.000000	1660178573.719337	0.000000
129.000000	-245.937691	-189.242678	-154.953405	-306.931719	0.000000	0.000000	0.000000	0.000000	0.000000	0.000000	0.000000	0.000000	1660178573.728330	0.000000
129.000000	-240.208164	-182.559476	-154.930966	-291.886102	0.000000	0.000000	0.000000	0.000000	0.000000	0.000000	0.000000	0.000000	1660178573.728330	0.000000
130.000000	-182.359392	-128.753536	-114.158576	-286.567964	0.000000	0.000000	0.000000	0.000000	0.000000	0.000000	0.000000	0.000000	1660178573.745607	0.000000
130.000000	-223.890981	-169.196814	-147.133274	-306.815783	0.000000	0.000000	0.000000	0.000000	0.000000	0.000000	0.000000	0.000000	1660178573.745607	0.000000
131.000000	-258.507495	-203.237383	-174.898291	-305.899507	0.000000	0.000000	0.000000	0.000000	0.000000	0.000000	0.000000	0.000000	1660178573.749816	0.000000
131.000000	-192.692735	-133.918338	-129.047118	-289.174674	0.000000	0.000000	0.000000	0.000000	0.000000	0.000000	0.000000	0.000000	1660178573.749816	0.000000
132.000000	-207.573797	-155.493820	-140.016244	-307.548803	0.000000	0.000000	0.000000	0.000000	0.000000	0.000000	0.000000	0.000000	1660178573.758725	0.000000
132.000000	-264.091165	-209.591473	-178.084686	-313.341908	0.000000	0.000000	0.000000	0.000000	0.000000	0.000000	0.000000	0.000000	1660178573.758725	0.000000
133.000000	-215.831496	-162.580931	-147.226772	-294.851843	0.000000	0.000000	0.000000	0.000000	0.000000	0.000000	0.000000	0.000000	1660178573.775192	0.000000
133.000000	-185.583186	-136.700823	-127.165948	-302.032450	0.000000	0.000000	0.000000	0.000000	0.000000	0.000000	0.000000	0.000000	1660178573.775192	0.000000
134.000000	-246.984863	-198.401693	-170.541308	-322.399946	0.000000	0.000000	0.000000	0.000000	0.000000	0.000000	0.000000	0.000000	1660178573.781079	0.000000
134.000000	-242.698938	-189.422193	-162.264909	-307.477745	0.000000	0.000000	0.000000	0.000000	0.000000	0.000000	0.000000	0.000000	1660178573.781079	0.000000
135.000000	-186.323686	-132.478476	-126.687241	-299.373382	0.000000	0.000000	0.000000	0.000000	0.000000	0.000000	0.000000	0.000000	1660178573.789074	0.000000
135.000000	-232.754544	-178.864455	-157.762070	-329.068187	0.000000	0.000000	0.000000	0.000000	0.000000	0.000000	0.000000	0.000000	1660178573.789074	0.000000
136.000000	-263.631158	-211.083693	-182.796960	-323.391019	0.000000	0.000000	0.000000	0.000000	0.000000	0.000000	0.000000	0.000000	1660178573.820190	0.000000
136.000000	-199.372197	-144.812666	-136.934567	-304.960792	0.000000	0.000000	0.000000	0.000000	0.000000	0.000000	0.000000	0.000000	1660178573.820190	0.000000
137.000000	-213.823170	-157.464748	-144.713559	-330.021862	0.000000	0.000000	0.000000	0.000000	0.000000	0.000000	0.000000	0.000000	1660178573.827059	0.000000
137.000000	-268.915636	-207.504609	-175.930504	-335.403578	0.000000	0.000000	0.000000	0.000000	0.000000	0.000000	0.000000	0.000000	1660178573.827059	0.000000
138.000000	-215.966133	-167.637276	-150.405687	-313.341908	0.000000	0.000000	0.000000	0.000000	0.000000	0.000000	0.000000	0.000000	1660178573.831190	0.000000
138.000000	-185.063339	-134.355906	-131.758545	-321.678145	0.000000	0.000000	0.000000	0.000000	0.000000	0.000000	0.000000	0.000000	1660178573.831190	0.000000
139.000000	-250.246056	-202.298668	-171.659538	-339.409011	0.000000	0.000000	0.000000	0.000000	0.000000	0.000000	0.000000	0.000000	1660178573.837197	0.000000
139.000000	-239.830434	-191.886787	-166.573274	-322.156852	0.000000	0.000000	0.000000	0.000000	0.000000	0.000000	0.000000	0.000000	1660178573.837197	0.000000
140.000000	-183.043793	-134.774775	-132.278391	-318.465571	0.000000	0.000000	0.000000	0.000000	0.000000	0.000000	0.000000	0.000000	1660178573.842054	0.000000
140.000000	-225.936706	-180.891481	-159.848934	-346.167010	0.000000	0.000000	0.000000	0.000000	0.000000	0.000000	0.000000	0.000000	1660178573.842054	0.000000
141.000000	-262.842039	-209.314721	-179.655444	-336.043101	0.000000	0.000000	0.000000	0.000000	0.000000	0.000000	0.000000	0.000000	1660178573.864656	0.000000
141.000000	-198.224047	-149.431443	-141.788957	-321.973597	0.000000	0.000000	0.000000	0.000000	0.000000	0.000000	0.000000	0.000000	1660178573.864656	0.000000
142.000000	-202.801685	-159.020546	-145.177306	-341.282701	0.000000	0.000000	0.000000	0.000000	0.000000	0.000000	0.000000	0.000000	1660178573.868938	0.000000
142.000000	-258.687010	-208.536822	-181.933043	-349.327225	0.000000	0.000000	0.000000	0.000000	0.000000	0.000000	0.000000	0.000000	1660178573.868938	0.000000
143.000000	-218.157714	-173.920308	-156.584001	-326.895305	0.000000	0.000000	0.000000	0.000000	0.000000	0.000000	0.000000	0.000000	1660178573.873187	0.000000
143.000000	-190.729288	-140.754875	-136.811150	-332.262062	0.000000	0.000000	0.000000	0.000000	0.000000	0.000000	0.000000	0.000000	1660178573.873187	0.000000
144.000000	-249.307341	-198.622347	-178.885025	-353.702908	0.000000	0.000000	0.000000	0.000000	0.000000	0.000000	0.000000	0.000000	1660178573.879092	0.000000
144.000000	-242.059415	-194.598214	-173.432251	-336.465709	0.000000	0.000000	0.000000	0.000000	0.000000	0.000000	0.000000	0.000000	1660178573.879092	0.000000
145.000000	-177.448903	-135.893005	-130.262585	-319.796975	0.000000	0.000000	0.000000	0.000000	0.000000	0.000000	0.000000	0.000000	1660178573.912092	0.000000
145.000000	-222.664294	-183.625348	-160.634313	-346.043593	0.000000	0.000000	0.000000	0.000000	0.000000	0.000000	0.000000	0.000000	1660178573.912092	0.000000
146.000000	-256.596406	-214.094313	-186.903370	-339.992435	0.000000	0.000000	0.000000	0.000000	0.000000	0.000000	0.000000	0.000000	1660178573.916416	0.000000
146.000000	-189.468942	-149.352905	-141.429927	-324.699984	0.000000	0.000000	0.000000	0.000000	0.000000	0.000000	0.000000	0.000000	1660178573.916416	0.000000
147.000000	-205.026925	-162.180762	-148.502077	-344.199822	0.000000	0.000000	0.000000	0.000000	0.000000	0.000000	0.000000	0.000000	1660178573.921201	0.000000
147.000000	-260.489642	-217.258268	-186.723855	-356.358237	0.000000	0.000000	0.000000	0.000000	0.000000	0.000000	0.000000	0.000000	1660178573.921201	0.000000
148.000000	-216.807610	-163.500946	-157.376860	-330.014382	0.000000	0.000000	0.000000	0.000000	0.000000	0.000000	0.000000	0.000000	1660178573.927188	0.000000
148.000000	-185.358792	-140.721216	-135.786418	-337.546540	0.000000	0.000000	0.000000	0.000000	0.000000	0.000000	0.000000	0.000000	1660178573.927188	0.000000
149.000000	-250.111419	-201.718984	-177.946310	-355.576598	0.000000	0.000000	0.000000	0.000000	0.000000	0.000000	0.000000	0.000000	1660178573.931174	0.000000
149.000000	-236.468264	-189.467072	-172.994682	-344.106325	0.000000	0.000000	0.000000	0.000000	0.000000	0.000000	0.000000	0.000000	1660178573.931174	0.000000
150.000000	-178.391358	-134.838353	-134.821523	-340.403824	0.000000	0.000000	0.000000	0.000000	0.000000	0.000000	0.000000	0.000000	1660178573.956100	0.000000
150.000000	-224.840915	-176.553197	-166.823847	-363.404209	0.000000	0.000000	0.000000	0.000000	0.000000	0.000000	0.000000	0.000000	1660178573.956100	0.000000
151.000000	-254.180431	-211.659638	-185.661723	-357.652243	0.000000	0.000000	0.000000	0.000000	0.000000	0.000000	0.000000	0.000000	1660178573.960612	0.000000
151.000000	-183.477622	-142.209696	-133.030111	-331.110173	0.000000	0.000000	0.000000	0.000000	0.000000	0.000000	0.000000	0.000000	1660178573.960612	0.000000
152.000000	-202.218261	-160.112597	-144.582662	-358.336644	0.000000	0.000000	0.000000	0.000000	0.000000	0.000000	0.000000	0.000000	1660178573.965071	0.000000
152.000000	-255.205163	-210.014082	-182.980215	-360.404809	0.000000	0.000000	0.000000	0.000000	0.000000	0.000000	0.000000	0.000000	1660178573.965071	0.000000
153.000000	-218.060477	-175.636922	-161.371073	-347.868664	0.000000	0.000000	0.000000	0.000000	0.000000	0.000000	0.000000	0.000000	1660178573.970210	0.000000
153.000000	-182.000361	-140.429503	-137.981739	-352.633297	0.000000	0.000000	0.000000	0.000000	0.000000	0.000000	0.000000	0.000000	1660178573.970210	0.000000
154.000000	-248.424725	-205.380346	-180.489442	-370.958807	0.000000	0.000000	0.000000	0.000000	0.000000	0.000000	0.000000	0.000000	1660178574.000756	0.000000
154.000000	-238.162439	-197.171266	-175.160084	-359.223001	0.000000	0.000000	0.000000	0.000000	0.000000	0.000000	0.000000	0.000000	1660178574.000756	0.000000
155.000000	-177.688257	-140.392104	-136.182847	-351.500107	0.000000	0.000000	0.000000	0.000000	0.000000	0.000000	0.000000	0.000000	1660178574.005581	0.000000
155.000000	-225.544017	-179.904147	-163.192405	-371.867602	0.000000	0.000000	0.000000	0.000000	0.000000	0.000000	0.000000	0.000000	1660178574.005581	0.000000
156.000000	-262.800900	-209.557814	-183.907710	-366.635482	0.000000	0.000000	0.000000	0.000000	0.000000	0.000000	0.000000	0.000000	1660178574.009808	0.000000
156.000000	-193.796006	-151.103178	-143.475652	-350.467895	0.000000	0.000000	0.000000	0.000000	0.000000	0.000000	0.000000	0.000000	1660178574.009808	0.000000
157.000000	-213.950327	-164.955767	-154.586895	-377.698106	0.000000	0.000000	0.000000	0.000000	0.000000	0.000000	0.000000	0.000000	1660178574.015109	0.000000
157.000000	-272.382524	-214.041954	-193.560392	-381.112635	0.000000	0.000000	0.000000	0.000000	0.000000	0.000000	0.000000	0.000000	1660178574.015109	0.000000
158.000000	-222.365102	-166.073997	-156.206271	-356.062785	0.000000	0.000000	0.000000	0.000000	0.000000	0.000000	0.000000	0.000000	1660178574.021183	0.000000
158.000000	-197.016060	-140.081693	-140.921300	-368.569011	0.000000	0.000000	0.000000	0.000000	0.000000	0.000000	0.000000	0.000000	1660178574.021183	0.000000
159.000000	-258.025048	-207.029642	-186.327426	-390.346448	0.000000	0.000000	0.000000	0.000000	0.000000	0.000000	0.000000	0.000000	1660178574.046340	0.000000
159.000000	-243.731150	-184.392027	-170.638545	-364.716914	0.000000	0.000000	0.000000	0.000000	0.000000	0.000000	0.000000	0.000000	1660178574.046340	0.000000
160.000000	-185.871158	-137.632058	-136.407241	-362.428095	0.000000	0.000000	0.000000	0.000000	0.000000	0.000000	0.000000	0.000000	1660178574.051065	0.000000
160.000000	-238.289596	-184.077876	-173.761362	-392.657706	0.000000	0.000000	0.000000	0.000000	0.000000	0.000000	0.000000	0.000000	1660178574.051065	0.000000
161.000000	-266.383724	-212.033628	-188.881777	-382.541277	0.000000	0.000000	0.000000	0.000000	0.000000	0.000000	0.000000	0.000000	1660178574.059411	0.000000
161.000000	-198.833651	-149.524940	-147.555883	-365.906202	0.000000	0.000000	0.000000	0.000000	0.000000	0.000000	0.000000	0.000000	1660178574.059411	0.000000
162.000000	-215.199453	-155.662116	-152.578568	-389.628387	0.000000	0.000000	0.000000	0.000000	0.000000	0.000000	0.000000	0.000000	1660178574.064869	0.000000
162.000000	-265.684363	-213.133159	-190.542293	-393.798376	0.000000	0.000000	0.000000	0.000000	0.000000	0.000000	0.000000	0.000000	1660178574.064869	0.000000
163.000000	-219.447980	-164.630396	-160.065848	-372.529565	0.000000	0.000000	0.000000	0.000000	0.000000	0.000000	0.000000	0.000000	1660178574.070177	0.000000
163.000000	-190.407656	-138.256622	-142.076929	-382.855428	0.000000	0.000000	0.000000	0.000000	0.000000	0.000000	0.000000	0.000000	1660178574.070177	0.000000
164.000000	-257.007795	-199.721877	-186.705156	-404.172858	0.000000	0.000000	0.000000	0.000000	0.000000	0.000000	0.000000	0.000000	1660178574.090750	0.000000
164.000000	-244.516529	-192.212158	-173.895998	-380.506771	0.000000	0.000000	0.000000	0.000000	0.000000	0.000000	0.000000	0.000000	1660178574.090750	0.000000
165.000000	-191.204255	-134.542901	-138.927934	-378.416167	0.000000	0.000000	0.000000	0.000000	0.000000	0.000000	0.000000	0.000000	1660178574.095561	0.000000
165.000000	-233.263170	-178.400708	-169.524055	-400.795729	0.000000	0.000000	0.000000	0.000000	0.000000	0.000000	0.000000	0.000000	1660178574.095561	0.000000
166.000000	-268.642624	-203.177545	-191.481008	-399.733597	0.000000	0.000000	0.000000	0.000000	0.000000	0.000000	0.000000	0.000000	1660178574.099080	0.000000
166.000000	-204.989526	-150.355198	-148.715252	-382.799330	0.000000	0.000000	0.000000	0.000000	0.000000	0.000000	0.000000	0.000000	1660178574.099080	0.000000
167.000000	-217.952020	-164.088111	-159.478684	-409.707910	0.000000	0.000000	0.000000	0.000000	0.000000	0.000000	0.000000	0.000000	1660178574.104419	0.000000
167.000000	-266.454782	-210.436691	-189.760654	-415.186864	0.000000	0.000000	0.000000	0.000000	0.000000	0.000000	0.000000	0.000000	1660178574.104419	0.000000
168.000000	-218.961793	-176.728972	-162.953051	-395.597268	0.000000	0.000000	0.000000	0.000000	0.000000	0.000000	0.000000	0.000000	1660178574.135234	0.000000
168.000000	-193.844625	-149.696976	-145.282024	-406.237283	0.000000	0.000000	0.000000	0.000000	0.000000	0.000000	0.000000	0.000000	1660178574.135234	0.000000
169.000000	-250.833220	-204.445371	-182.782000	-422.737722	0.000000	0.000000	0.000000	0.000000	0.000000	0.000000	0.000000	0.000000	1660178574.139430	0.000000
169.000000	-250.451750	-191.950365	-179.569426	-405.358406	0.000000	0.000000	0.000000	0.000000	0.000000	0.000000	0.000000	0.000000	1660178574.139430	0.000000
170.000000	-193.579092	-143.473782	-142.753851	-392.508110	0.000000	0.000000	0.000000	0.000000	0.000000	0.000000	0.000000	0.000000	1660178574.143551	0.000000
170.000000	-239.164732	-188.251604	-173.439730	-418.818306	0.000000	0.000000	0.000000	0.000000	0.000000	0.000000	0.000000	0.000000	1660178574.143551	0.000000
171.000000	-273.994421	-219.135698	-200.568965	-416.888518	0.000000	0.000000	0.000000	0.000000	0.000000	0.000000	0.000000	0.000000	1660178574.148418	0.000000
171.000000	-203.751620	-152.011974	-152.993697	-388.525117	0.000000	0.000000	0.000000	0.000000	0.000000	0.000000	0.000000	0.000000	1660178574.148418	0.000000
172.000000	-219.436760	-163.508426	-160.638053	-401.281915	0.000000	0.000000	0.000000	0.000000	0.000000	0.000000	0.000000	0.000000	1660178574.181974	0.000000
172.000000	-290.816491	-223.395444	-205.898322	-418.937983	0.000000	0.000000	0.000000	0.000000	0.000000	0.000000	0.000000	0.000000	1660178574.181974	0.000000
173.000000	-229.074482	-169.959753	-161.804902	-385.899707	0.000000	0.000000	0.000000	0.000000	0.000000	0.000000	0.000000	0.000000	1660178574.185190	0.000000
173.000000	-198.605517	-149.786733	-149.074282	-396.880053	0.000000	0.000000	0.000000	0.000000	0.000000	0.000000	0.000000	0.000000	1660178574.185190	0.000000
174.000000	-257.606179	-209.778468	-191.754020	-413.227156	0.000000	0.000000	0.000000	0.000000	0.000000	0.000000	0.000000	0.000000	1660178574.190204	0.000000
174.000000	-256.087780	-197.567695	-188.044040	-394.628633	0.000000	0.000000	0.000000	0.000000	0.000000	0.000000	0.000000	0.000000	1660178574.190204	0.000000
175.000000	-195.164809	-146.144071	-144.451766	-382.137368	0.000000	0.000000	0.000000	0.000000	0.000000	0.000000	0.000000	0.000000	1660178574.194545	0.000000
175.000000	-243.719930	-186.205879	-182.250935	-410.250196	0.000000	0.000000	0.000000	0.000000	0.000000	0.000000	0.000000	0.000000	1660178574.194545	0.000000
176.000000	-274.297352	-215.867025	-195.486441	-396.176952	0.000000	0.000000	0.000000	0.000000	0.000000	0.000000	0.000000	0.000000	1660178574.201070	0.000000
176.000000	-210.584417	-154.132497	-154.227864	-377.241839	0.000000	0.000000	0.000000	0.000000	0.000000	0.000000	0.000000	0.000000	1660178574.201070	0.000000
177.000000	-221.179553	-166.017899	-158.386633	-389.733104	0.000000	0.000000	0.000000	0.000000	0.000000	0.000000	0.000000	0.000000	1660178574.241889	0.000000
177.000000	-279.174182	-220.156691	-199.035606	-398.675205	0.000000	0.000000	0.000000	0.000000	0.000000	0.000000	0.000000	0.000000	1660178574.241889	0.000000
178.000000	-233.573582	-176.310104	-160.252843	-373.524378	0.000000	0.000000	0.000000	0.000000	0.000000	0.000000	0.000000	0.000000	1660178574.248181	0.000000
178.000000	-212.611443	-153.104024	-151.146187	-388.252104	0.000000	0.000000	0.000000	0.000000	0.000000	0.000000	0.000000	0.000000	1660178574.248181	0.000000
179.000000	-271.686902	-210.440431	-189.547480	-401.786802	0.000000	0.000000	0.000000	0.000000	0.000000	0.000000	0.000000	0.000000	1660178574.251931	0.000000
179.000000	-260.433543	-194.381300	-181.570273	-373.991866	0.000000	0.000000	0.000000	0.000000	0.000000	0.000000	0.000000	0.000000	1660178574.251931	0.000000
180.000000	-205.838484	-139.726402	-142.316283	-368.744786	0.000000	0.000000	0.000000	0.000000	0.000000	0.000000	0.000000	0.000000	1660178574.256570	0.000000
180.000000	-257.097553	-186.112381	-174.557960	-399.591481	0.000000	0.000000	0.000000	0.000000	0.000000	0.000000	0.000000	0.000000	1660178574.256570	0.000000
181.000000	-276.485194	-214.748795	-194.450488	-387.126394	0.000000	0.000000	0.000000	0.000000	0.000000	0.000000	0.000000	0.000000	1660178574.261084	0.000000
181.000000	-221.056137	-154.887957	-152.021323	-373.602916	0.000000	0.000000	0.000000	0.000000	0.000000	0.000000	0.000000	0.000000	1660178574.261084	0.000000
182.000000	-231.299723	-165.554151	-157.459138	-384.093335	0.000000	0.000000	0.000000	0.000000	0.000000	0.000000	0.000000	0.000000	1660178574.265061	0.000000
182.000000	-294.911681	-227.834705	-199.914482	-395.544909	0.000000	0.000000	0.000000	0.000000	0.000000	0.000000	0.000000	0.000000	1660178574.265061	0.000000
183.000000	-251.270788	-181.942393	-170.159838	-374.814644	0.000000	0.000000	0.000000	0.000000	0.000000	0.000000	0.000000	0.000000	1660178574.285231	0.000000
183.000000	-229.018384	-157.064578	-151.161146	-380.529211	0.000000	0.000000	0.000000	0.000000	0.000000	0.000000	0.000000	0.000000	1660178574.285231	0.000000
184.000000	-290.513559	-214.475783	-191.032220	-389.920099	0.000000	0.000000	0.000000	0.000000	0.000000	0.000000	0.000000	0.000000	1660178574.290183	0.000000
184.000000	-277.375290	-197.182485	-177.377845	-359.967241	0.000000	0.000000	0.000000	0.000000	0.000000	0.000000	0.000000	0.000000	1660178574.290183	0.000000
185.000000	-213.393082	-137.938730	-143.501831	-360.655382	0.000000	0.000000	0.000000	0.000000	0.000000	0.000000	0.000000	0.000000	1660178574.294686	0.000000
185.000000	-269.465402	-186.942639	-177.781754	-389.052443	0.000000	0.000000	0.000000	0.000000	0.000000	0.000000	0.000000	0.000000	1660178574.294686	0.000000
186.000000	-297.443593	-212.691850	-193.478114	-379.074390	0.000000	0.000000	0.000000	0.000000	0.000000	0.000000	0.000000	0.000000	1660178574.299811	0.000000
186.000000	-235.237837	-154.555106	-150.173813	-363.400469	0.000000	0.000000	0.000000	0.000000	0.000000	0.000000	0.000000	0.000000	1660178574.299811	0.000000
187.000000	-249.617753	-170.015852	-162.687518	-386.011904	0.000000	0.000000	0.000000	0.000000	0.000000	0.000000	0.000000	0.000000	1660178574.333115	0.000000
187.000000	-300.199899	-220.942070	-196.200762	-392.141600	0.000000	0.000000	0.000000	0.000000	0.000000	0.000000	0.000000	0.000000	1660178574.333115	0.000000
188.000000	-253.563347	-175.592043	-163.783309	-364.514959	0.000000	0.000000	0.000000	0.000000	0.000000	0.000000	0.000000	0.000000	1660178574.339189	0.000000
188.000000	-224.403347	-151.357491	-142.379861	-374.219999	0.000000	0.000000	0.000000	0.000000	0.000000	0.000000	0.000000	0.000000	1660178574.339189	0.000000
189.000000	-288.048965	-206.494836	-191.600685	-394.374320	0.000000	0.000000	0.000000	0.000000	0.000000	0.000000	0.000000	0.000000	1660178574.344072	0.000000
189.000000	-273.934582	-199.385286	-179.146818	-371.519792	0.000000	0.000000	0.000000	0.000000	0.000000	0.000000	0.000000	0.000000	1660178574.344072	0.000000
190.000000	-219.541477	-146.667657	-144.713559	-364.888949	0.000000	0.000000	0.000000	0.000000	0.000000	0.000000	0.000000	0.000000	1660178574.348556	0.000000
190.000000	-266.469742	-192.414113	-177.830373	-388.805609	0.000000	0.000000	0.000000	0.000000	0.000000	0.000000	0.000000	0.000000	1660178574.348556	0.000000
191.000000	-290.913728	-217.329326	-195.430342	-377.069803	0.000000	0.000000	0.000000	0.000000	0.000000	0.000000	0.000000	0.000000	1660178574.352699	0.000000
191.000000	-234.923686	-155.172189	-153.614521	-363.363070	0.000000	0.000000	0.000000	0.000000	0.000000	0.000000	0.000000	0.000000	1660178574.352699	0.000000
